1974  121   33  937  332  242   89   11  178   64   89   37    9  2142
1975   87  203   24   74  174  134  610  134  162   34  225   28  1889
1976   22    8  745   84   33  120   50   30   50   30   40   20  1232
1977  -10  -10  -10  -10  -10  -10  -10  -10  -10  -10  -10  -10   -10
1978  -10  -10  -10  -10  -10  -10  -10  -10  -10  -10  -10  -10   -10
1979  -10  -10  -10  -10  -10  -10  -10  -10  -10  -10  -10  -10   -10
1980  -10  -10  -10  -10  -10  -10  -10  -10  -10  -10  -10  -10   -10
1981  -10  -10  -10  -10  -10  -10  -10  -10  -10  -10  -10  -10   -10
1982  -10  -10  -10  -10  -10  -10  -10  -10  -10  -10  -10  -10   -10
1983  -10  -10  -10  -10  -10  -10  -10  -10  -10  -10  -10  -10   -10
1984  -10  -10  -10  -10  -10  -10  -10  -10  -10  -10  -10  -10   -10
1985  -10  -10  -10  -10  -10  -10  -10  -10  -10  -10  -10  -10   -10
1986  -10  -10  -10  -10  -10  -10  -10  -10  -10  -10  -10  -10   -10
1987  -10  -10  -10  -10  -10  -10  -10  -10  -10  -10  -10  -10   -10
1988  -10  -10  -10  -10  -10  -10  -10  -10  -10  -10  -10  -10   -10
1989  -10  -10  -10  -10  -10  -10  -10  -10  -10  -10  -10  -10   -10
1990  -10  -10  -10  -10  -10  -10  -10  -10  -10  -10  -10  -10   -10
1991  -10  -10  -10  -10  -10  -10  -10  -10  -10  -10  -10  -10   -10
1992  -10  -10  -10  -10  -10  -10  -10  -10  -10  -10  -10  -10   -10
1993  -10  -10  -10  -10  -10  -10  -10  -10  -10  -10  -10  -10   -10
1994  -10  -10  -10  -10  -10  -10  -10  -10  -10  -10  -10  -10   -10
   3118 -750 -1130    0                                 19741994   3118        0
1974  -10  -10  -10  -10  -10  597  631  573  401  224  162    0   -10
1975   56    0  121    0   10  561  831  625  482  208  239   66  3199
1976    0   23  423   15  178  606  435  400  432  306   40    0  2858
1977    0   67  426    0    0  809  515  435  558  138   56   29  3033
1978    0   77  -10  -10  -10  -10  -10  -10  -10  -10  -10  -10   -10
1979    0  197  456  179  406  377  592  731  524   78  192  146  3878
1980    0    0  141    0  170  704  319  161   59    0    0    0  1554
1981    0  166  104    0    0  503  225  105  176    0   43    0  1322
1982    0    0    0    0  607  765  193  492  209    0   11    7  2284
1983  133  252  679    0  270  589  146   78  211    0    0    0  2358
1984    0  264    0    0    0    0  638   76    0    0    0    0   978
1985    0  257    0  276    0  378  496  389    0    0  144    0  1940
1986   29    0   39    0  134  338  385  436  534   49    2    0  1946
1987    4   58   55   54    0  398  550  343  213    0  219   12  1906
1988   50    0   98   23    0    0  408  203  278    0  167    0  1227
1989  343   41    0    0    0  381  469  803   62 2775   35    0  4909
1990    0    0   34    0  126  587    0  304  176  203    0   57  1487
1991    0    0    0    0    0    0  532  465    0    0    0    0   997
1992    0    0    0    0   15  437  159  181   72   16    0    0   880
1993   32    0    0    0    0  249  474   32    0    0    0  186   973
1994    0    0 1515    0    0 1082  820  249  121  116  129    0  4032
   3119 -750  -750    0                                 19741994   3119        0
1974  -10  -10  -10  -10  -10  773  733  564  417  237  235    0   -10
1975    0    0   93    0    0  673  754  670  496  263  284   58  3291
1976    0    0  197    0  225  759  507  457  464  302   44    0  2955
1977    0    0  218    0    0  813  454  382  437  120    0    0  2424
1978    0    1  -10  -10  -10  -10  -10  -10  -10  -10  -10  -10   -10
1979    0  138  248  146  258  442  563  673  476  120  120   67  3251
1980    0    0    0    0   69  772  300  142   44    0    0    0  1327
1981    0   72    0    0    0  610  229  148  181    0   61    0  1301
1982    0    0    0    0  491  873  241  441  181    0    2    0  2229
1983   90  132  397    0  231  681  183  102  193    0    0    0  2009
1984    0  126    0    0    0   27  541   80    8    0    0    0   782
1985    0  185    0   22    0  461  391  330    0    0  163    0  1552
1986    0    0    0    0    0  393  354  423  482   58    0    0  1710
1987    0    0    0    0    0  421  519  337  224    0  256   14  1771
1988    0    0    0    0    0    0  388  157  195    0  160    0   900
1989  249    0    0    0    0  388  427  649   26 2954   89    0  4782
1990    0    0    0    0    0  625    0  202  121  190    0    0  1138
1991    0    0    0    0    0   27  533  411    0    0    0    0   971
1992    0    0    0    0    0  490  166  179   48   22    0    0   905
1993   35    0    0    0    0  335  446    0    0    0    0  110   926
1994    0    0 1191    0    0  893  682  242   17  125  159    0  3309
   3120 -750  -380    0                                 19741994   3120        0
1974  -10  -10  -10  -10  -10  755  631  413  299  182  268    0   -10
1975    0    0    0    0    0  617  564  556  384  262  354    0  2737
1976    0    0    0    0  187  722  456  388  383  202   48    0  2386
1977    0    0    9    0    0  670  348  237  222   59    0    0  1545
1978    0    0  -10  -10  -10  -10  -10  -10  -10  -10  -10  -10   -10
1979    0   10   91  170   99  395  421  514  351  101    4    0  2156
1980    0    0    0    0    0  689  194   44    0    0   63    0   990
1981    0    0    0    0    0  561  137   86   95    0   70    0   949
1982    0    0    0    0  297  838  204  300   94    0    0    0  1733
1983   27    0  122    0  136  620  137   45   96    0    0    0  1183
1984    0    0    0    0    0    0  322    0    0    0    0    0   322
1985    0   54    0    0    0  414  212  150    0    0  193    0  1023
1986    0    0    0    0    0  351  249  329  357    2    0    0  1288
1987    0    0    0    0    0  348  392  216  126    0  309   16  1407
1988    0    0    0    0    0    0  255   38   18    0  170    0   481
1989  162    0    0    0    0  273  304  401    0 2579  174    0  3893
1990    0    0    0    0    0  511    0   38    0  125    0    0   674
1991    0    0    0    0    0   39  425  270    0    0    0    0   734
1992    0    0    0    0    0  400   76   94    0    0    0    0   570
1993   23    0    0    0    0  287  305    0    0    0    0    0   615
1994    0    0  723    0    0  652  467  142    0  101  226    0  2311
   3121 -750     0    0                                 19741994   3121        0
1974  -10  -10  -10  -10  -10  606  457  232  129   98  285    0   -10
1975    0    0    0    0    0  455  337  403  229  234  462    0  2120
1976    0    0    0    0  103  557  353  281  281   67   35  197  1874
1977    0    0  633    0    0  463  244   83    0    0    0    0  1423
1978    0    0  -10  -10  -10  -10  -10  -10  -10  -10  -10  -10   -10
1979    0    0    0  236    0  281  262  344  192   42    0    0  1357
1980    0    0    0    0    0  527   80    0    0    0  136    0   743
1981    0    0    0    0    0  419   15    8    0    0   37    0   479
1982    0    0    0    0   64  686  127  154    0    0    0    0  1031
1983    0    0  205    0   12  478   77    0    0    0    0    0   772
1984    0    0  625  177    0    0  102    0    0    0    0    0   904
1985    0    0    0    0    0  303   44    0    0    0  215    0   562
1986    0    0  168    0    0  262  130  224  217    0    0    0  1001
1987    0    0    0    0    0  242  248   70    0    0  362    4   926
1988    0    0    0    0    0    0  113    0    0    0  164    0   277
1989   71    0  281    0    0  124  169  172    0 1942  247    0  3006
1990    0    0    6    0    0  341    0    0    0   35    0    0   382
1991    0    0    0  240    0    0  281  127    0    0    0    0   648
1992    0   25    0    0    0  256    0    0    0    0    0    0   281
1993    0    0    0    0    0  167  149    0    0    0    0    0   316
1994    0    0 1035    0    0  408  263   41    0   90  333    0  2170
   3122 -750   380    0                                 19741994   3122        0
1974  -10  -10  -10  -10  -10  400  287  117    0    0  298    0   -10
1975    0    0    0    0    0  268  134  260   62  176  692    0  1592
1976    0  237  108    0   40  354  238  170  196    0    0  374  1717
1977  174    0 1046    0    0  263  158    0    0    0    0    0  1641
1978    0    0  -10  -10  -10  -10  -10  -10  -10  -10  -10  -10   -10
1979    0    0    0  320    0  149  136  201   27    0    0    8   841
1980    0    9    0    0    0  343    0    0    0    0  187    0   539
1981    0    0    0    0    0  252    0    0    0    0  210   52   514
1982    0    0   78    0    0  477   56   37    0    0    0    0   648
1983  131  203  475    0    0  315   33    0    0    0    0    0  1157
1984  157  281 1006  605    0    0    0    0    0    0   45    0  2094
1985    0    0  266    0    0  185    0    0    0    0  215    0   666
1986    0  417  604    0    0  173   35  136   94    0    0    0  1459
1987    0    0    0  119    0  144  132    0    0    0  392    0   787
1988  126    0   92    0    0    0   17    0    0    0   82    0   317
1989    0    0  760  181    0    1   63   11    0 1236  242    0  2494
1990    0    0  305    0    0  181    0    0    0    0    0    0   486
1991  433    0    0  628    0    0  143   21    0    0    0    0  1225
1992    0  398    0    0    0  125    0    0    0    0    0    0   523
1993   16    2    0    8    0   43   31    0    0    0    0    0   100
1994    0    0  906    0    0  207  115    0    0  154  797  247  2426
   3123 -750   750    0                                 19741994   3123        0
1974  -10  -10  -10  -10  -10  206  155    6    0    0  285    0   -10
1975    0   36    0    0    0  121    0  137    0   34 1449   27  1804
1976    0  700  466   20   56  175  131   72  140    0    0  585  2345
1977  543    0 1235  139    0  118   86    0    0    0    0    0  2121
1978    0    0  -10  -10  -10  -10  -10  -10  -10  -10  -10  -10   -10
1979  242    0    0  578    0   49   60   96    0    0    0   20  1045
1980    0  449    0    0    0  176    0    0    0    0  182    0   807
1981  370   56    0    0    0  112    0    0    0    0  265  234  1037
1982    0    0  499    0    0  263   15    0    0    0    0    0   777
1983  355  438  585    0    0  167   11    0    0    0    0    0  1556
1984  225  535 1229  738    0    0    0    0    0    0  524    0  3251
1985    0    0  654  373    0   90    0    0    0    0  148    0  1265
1986    0  554  765    0    0  112    0   70    4    0    0    0  1505
1987    0    0  460  359    0   67   60    0    0    0  345  170  1461
1988  229  248  229    0    0    0    0    0    0    0    0  200   906
1989    0  291  941  557    0    0    4    0    0  500   68    0  2361
1990    0    0  465    0    0   71    0    0    0    0  359    0   895
1991  753    0    0  843    0    0   45    0    0    0    0    0  1641
1992    0  640    0    0    0   40    0    0    0    0    0    0   680
1993  268  283    0  321    0    0    0    0    0    0    0    0   872
1994    0    0  743    0    0   75   33    0    0  253 1504  417  3025
   3124 -750  1130    0                                 19741994   3124        0
1974  -10  -10  -10  -10  -10   72   72    0    0  134 1170  253   -10
1975  400  824  230  664   69   52    0   25    0  406 2915  711  6296
1976  219 1868 1350  927  166   63   45    0   92  215  186 1208  6339
1977 1465    0 1716 1057    0   83   29    0    0  436  588   95  5469
1978  106    0  -10  -10  -10  -10  -10  -10  -10  -10  -10  -10   -10
1979 1584  148  788 1517    0   23   40   35    0    0   65  676  4876
1980  484 1584  578  914    0   66    0    0    0   12  953  210  4801
1981 1496 1009  477  144    0   39    0    8    0  156  842 1098  5269
1982  132  683 1564   36    3   92    9    0    0    0  164  337  3020
1983 1146 1329 1305  590    0   59    7    0    0    0  737  266  5439
1984  820 1291 1945 1272    0   21    0   38    7   93 1796  423  7706
1985  546  142 1755 1440  166   37   23    0    0   66 1020  538  5733
1986  614 1181 1304  669  216   86    0   19    0  104  137  543  4873
1987    0  263 1909 1227    0   25   39    0    0    0 1358 1087  5908
1988  884 1545  726  526    0    0   50    0    0    0  494 1003  5228
1989  657 1175 1626 1540    0    0    5    0    0  551  490  465  6509
1990  362  501 1199  549    0   33    0    0    0  667 1287  811  5409
1991 1576   13  680 1392    0    0   21    0    0    0  343  299  4324
1992  514 1470  741    0    0   23    0    0    0  150  324  571  3793
1993 1107 1209  685 1325    0    0    0    0    0    0  420  653  5399
1994    0    0 1365  358    0   23   10  101    0  840 2825 1033  6555
   3125 -750  1500    0                                 19741994   3125        0
1974  -10  -10  -10  -10  -10   16   95    0   18  448 1421  930   -10
1975 1020  807 1054 1401  819   31    0    0   49  841 2622 1225  9869
1976  836 1659 1311 1667   90   26    9    0  107  869  751 1053  8378
1977 1586  298 1987 1608  188  178    4    0   76 1231 1212 1241  9609
1978  818  303  -10  -10  -10  -10  -10  -10  -10  -10  -10  -10   -10
1979 3014  558 1092 2747  468   19   65    0   99  463 1504 1269 11298
1980  749 1648 1214 1713  223   40    0  147  113  676 1642 1377  9542
1981 1042 1018 1138 1453    0    9    0  237  248  857 1459 1313  8774
1982  558 1112 1652  851 1082   35    2    0    0  606 1014 1072  7984
1983 1270 1483 1461 1604   21   16    3    4    0  280 1690  723  8555
1984  965  921 1920 1805  548  117    0  105  314  463 1747  735  9640
1985 1153  473 2112 2315 1112   18  159    0   46  744 1455 1226 10813
1986  987 1114 1546 1583  348  162    0    0  371  610  853  797  8371
1987  305  705 2266 1541   54    5   75    0  196  647 1091 1072  7957
1988 1555 1863 1039 1238    0    0  206    0    0  589 1454 1585  9529
1989 1414 1175 1601 1997  420    0    0    0  128 1514 1260 1328 10837
1990  865 1259 1426 1186 1413   27    0    0   41 1603 1515 1107 10442
1991 1919  474 1222 1656  128    3    9    0   65  454  776 1246  7952
1992  854 1287 1213  694  581   23    0    0   12  580 1157 1092  7493
1993 1549 1129 1396 1898  224    0    0    0  298  691 1144 1204  9533
1994  324  322 1826 1213  260    0    0  452   59 1279 2338 1566  9639
   3126 -750  1880    0                                 19741994   3126        0
1974  -10  -10  -10  -10  -10  -10  -10  -10  -10  -10  -10  -10   -10
1975  -10  -10  -10  -10  -10  -10  -10  -10  -10  -10  -10  -10   -10
1976  -10  -10  -10  -10  -10  -10  -10  -10  -10  -10  -10  -10   -10
1977  -10  -10  -10  -10  -10  -10  -10  -10  -10  -10  -10  -10   -10
1978  -10  -10  -10  -10  -10  -10  -10  -10  -10  -10  -10  -10   -10
1979  -10  -10  -10  -10  -10  -10  -10  -10  -10  -10  -10  -10   -10
1980  -10  -10  -10  -10  -10  -10  -10  -10  -10  -10  -10  -10   -10
1981  -10  -10  -10  -10  -10  -10  -10  -10  -10  -10  -10  -10   -10
1982  -10  -10  -10  -10  -10  -10  -10  -10  -10  -10  -10  -10   -10
1983  -10  -10  -10  -10  -10  -10  -10  -10  -10  -10  -10  -10   -10
1984  -10  -10  -10  -10  -10  -10  -10  -10  -10  -10  -10  -10   -10
1985  -10  -10  -10  -10  -10  -10  -10  -10  -10  -10  -10  -10   -10
1986  -10  -10  -10  -10  -10  -10  -10  -10  -10  -10  -10  -10   -10
1987  -10  -10  -10  -10  -10  -10  -10  -10  -10  -10  -10  -10   -10
1988  -10  -10  -10  -10  -10  -10  -10  -10  -10  -10  -10  -10   -10
1989  -10  -10  -10  -10  -10  -10  -10  -10  -10  -10  -10  -10   -10
1990  -10  -10  -10  -10  -10  -10  -10  -10  -10  -10  -10  -10   -10
1991  -10  -10  -10  -10  -10  -10  -10  -10  -10  -10  -10  -10   -10
1992  -10  -10  -10  -10  -10  -10  -10  -10  -10  -10  -10  -10   -10
1993  -10  -10  -10  -10  -10  -10  -10  -10  -10  -10  -10  -10   -10
1994  -10  -10  -10  -10  -10  -10  -10  -10  -10  -10  -10  -10   -10