1974   20    0   10    0    0    0    0    0    0    0    0    0    30
1975    0  110    0    0    0    0    0    0    0    0    0    0   110
1976    0    0    0    0    0    0    0    0    0    0    0    0     0
1977    0    0    0    0    0    0    0    0    0    0    0    0     0
1978    0    0    0    0    0    0    0    0    0    0    0    0     0
1979    0    0    0    0   60    0    0    0    0   10    0    0    70
1980    0    0    0    0    0    0    0    0    0    0    0   60    60
1981    0    0    0    0    0    0    0    0    0    0    0    0     0
1982    0    0    0   10    0    0    0    0    0    0   20    0    30
1983    0    0    0    0    0    0    0    0    0    0    0    0     0
1984    0    0    0    0    0    0    0    0    0    0    0    0     0
1985    0    0   50    0    0    0    0    0    0    0   10   50   110
1986    0    0    0    0    0    0    0    0    0    0    0    0     0
1987    0    2    2    0    1    0    0    0    0    5    2   46    58
1988    3    2    3    1    2    0    0    0    0    2    3   14    30
1989    2    2    3    0    3    0    0    0    0    2    5    9    26
1990    6   10    2    3    2    0    0    0    0    2    3   11    39
1991    2    2    9    3   10    0    0    0    0    1    3   24    54
1992    6    3    0    0    1    0    0    0    0    2    5   14    31
1993    3   10    1    1    8    0    0    0  -10    2    3   35   -10
1994   10    0    8    0    2    0    0    0    0    2   15    7    44
   4475 2750  3750    0                                 19741994   4475        0
1974  -10  -10  -10  -10  -10    1    0    0    0    1    5  656   -10
1975  753  341    0    0    2    1    0    0    0    5   13  837  1952
1976  817  879  307    0    4    1    3    0    1    5   32  408  2457
1977  837    0    0    8    9   19    1    0    1   21    6  660  1562
1978  541  325  -10  -10  -10  -10  -10  -10  -10  -10  -10  -10   -10
1979   76    2    0    4   25    6    3    3    1   38   53  384   595
1980  443  822  463    0    0    0    0    0    0    3  341  824  2896
1981  957 1013  325    0    2    1    0    0    0   33    4   27  2362
1982  507  414  177    0    0    3    2    0    1   16   11  342  1473
1983  444   20    0   12    5    1    2    0    1    7   67  472  1031
1984   74    0  293    0    2    1    2    2    2    6    0  781  1163
1985  824    0  530    5    2  -10    1    0    0    5   91  347   -10
1986    0    0    0    0    2    0    4    3    2    1    0  233   245
1987    0    0    0    3    0    1    2    0    0   37    1  367   411
1988  560  306    0    0    1    1    0    0    0    9    4  926  1807
1989   87   86    0    2   11    3  -10    0    0   17    4    0   -10
1990  349    0    0   16    1  -10    1  -10    0    3   27    2   -10
1991   95  280    0    0   10    2    0    2    1    9   26  734  1159
1992  645  485  359    0    3    0    1    0    1    5    0  552  2051
1993  834  440    0    0  645    0    0    0    1    8    7  281  2216
1994 1017    0    0    0    4   17    0    0    0  581  462  669  2750
   4476 2750  4130    0                                 19741994   4476        0
1974  -10  -10  -10  -10  -10    2    0    0    0    2    5 1189   -10
1975 1355  641    0   30    6    2    0    0    0   12   25 1480  3551
1976 1497 1432  708    0   10    2    7    0    3    9   47  794  4509
1977 1409    0  100   19   25   50    3    0    3   56   14 1247  2926
1978  878  678  -10  -10  -10  -10  -10  -10  -10  -10  -10  -10   -10
1979  571    5    0   10   17   15    9    7    2   48   50  706  1440
1980  869 1380  885    0    0    1    0    0    1    7 1012 1270  5425
1981 1604 1698  813    0    6    1    0    0    1   35   10  165  4333
1982  830  671  532  393    0    8    4    0    3   42   11  681  3175
1983  898  182    0   29   12    3    5    0    2   16   65  771  1983
1984  328    0  633    1    6    2    4    5    5   11  423 1306  2724
1985 1343    0  666   15    4  -10    4    1    0   12   94  723   -10
1986   77  179    0    0    5    0   10    8    5    2   44  580   910
1987    0    0    0    7    0    3    5    0    0   37    2  621   675
1988  882  610   57   86    1    2    0    0    0   19    9 1145  2811
1989  343  545    0    1   13    8  -10    0    1   26  401    0   -10
1990  711    0    0   39    1  -10    2  -10    1    4   31    0   -10
1991  526  647    0    0    7    5    0    5    2   13   28 1055  2288
1992 1087  638  713    0    7    1    4    0    2   10  592  928  3982
1993 1397  823  342    0  787    0    0    0    2   13  187  551  4102
1994 1553    0    0    0    6    9    0    0    0  995  949 1360  4872
   4477 2750  4500    0                                 19741994   4477        0
1974  -10  -10  -10  -10  -10    4    0    0    0    4    4 1420   -10
1975 1554  751    0  562   15    3    0    0    0   14   26 1699  4624
1976 1721 1630 1077   33   22    3   16    0    6    9  150  834  5501
1977 1497  112  636   19   45   82    7    0    5  105   15 1447  3970
1978  915  858  -10  -10  -10  -10  -10  -10  -10  -10  -10  -10   -10
1979  955    5    0   15   20   24   13   10    3   45   33  745  1868
1980 1019 1462 1036  133    0    1    0    0    2   10 1176 1344  6183
1981 1678 1818 1048    0   12    2    0    0    2   27   18  138  4743
1982  833  748  902  761    0   13    7    1    5   74  187  843  4374
1983 1135  297    0   34   19    4    8    0    3   20   45  774  2339
1984  426    0  864    0    8    2    8    7    8   11  813 1471  3618
1985 1541    0  712   29    5  -10    8    2    0   12  275  876   -10
1986  282  388    0  412   12    0   15   13    6    2  154  675  1959
1987    0    0  223   12  263    4    8    0    1   31    2  670  1214
1988  980  799  196  695    1    3    0    0    0   21   12 1007  3714
1989  438  683    0    0   10   11  -10    2    1   25  730  263   -10
1990  876    0    0   79    1  -10    5  -10    2    4   25    0   -10
1991  869  777    0    0    3    8    2    8    3   12   22  986  2690
1992 1219  550 1125    0   13    1    9    0    4   12 1073 1067  5073
1993 1580  957  595  407  434    0    0    0    3   14  309  568  4867
1994 1491    0  277  344    8    0    0    0    0  528 1142 1616  5406
   4478 2750  4880    0                                 19741994   4478        0
1974  -10  -10  -10  -10  -10    4    0    0    0    7    3  969   -10
1975  789  365    0  480   38    3    0    0    0   10   25  828  2538
1976  824 1105  872  343   53    4   24    0    6    8    0  246  3485
1977  730    0  474    0   70   91   10    0    4  221    0  720  2320
1978  379  366  -10  -10  -10  -10  -10  -10  -10  -10  -10  -10   -10
1979  598    1    0   15   41   25   13   10    2   38   18  352  1113
1980  497  863  422   74    0    1    0    0    3   10  309  591  2770
1981  724  760  510    0   22    2    0    0    1   20   35    0  2074
1982  287  436  858  359    0   14    8    4    4  140  356  384  2850
1983  570  111    0   21   19    4    9    9    3   15   25  182   968
1984   83    0  483    0    7    3   10    8    8    7  420  646  1675
1985  843    0  337   64    4    0   10    3    0    9   18  338  1626
1986   85  174   60  429   28    0   15   15    5    2    0  190  1003
1987    0    0  309   16    0    4    9    0    0   31    1  230   600
1988  498  714    0  448    1    3    0    0    0   15   16  224  1919
1989   89  213   59   78    6   1015702    4    1   16  296  287 16761
1990  448    0   62  174    1 6699    6  -10    1    3   15    0   -10
1991  597  318    0    0    1    8    5    9    3    7   13  406  1367
1992  687   92 1248    0   29    1   21    0    3   11  469  731  3292
1993  860  700  245  462    0    1    0    0    3   13    0   48  2332
1994  447    0  218  239   18    0    0    0    0    3  473  670  2068