1974 2358  835 1907 1198  672 1616  727  661  200  305  793  511 11783
1975 1001  151  665  509  171 1091  798  853  285 3000  518  656  9698
1976  655  591  799  187  401 1226  617  368  195  642  269 1148  7098
1977  722  635 1077 1317  522 5867 2724 1785  367  275  758  580 16629
1978  948 1328  719  525  618 1360 2167 1208  400   70  421  275 10039
1979  956  847 1372  293 2171 2546  946 2295  757 1048  356 1568 15155
1980 1801  852 1303 1882 2778  726 1739 1590 1450 1084 1236 2490 18931
1981 2900 2650 1410  410  650 1690  930  -10 1420  880  670 1180   -10
1982 1740  880  160 1480 1350  420 1280  200  230  540 1390 3600 13270
1983 8830 1020 6440 3840 5150 2770  -10  860 1230 1390 2000 2390   -10
1984 1520 1880 2640 1930 1900 1970 4730 2580 1030  880  420  410 21890
1985  740 1870 2260 3690 2670 2160 1100 1590  410  120  550  790 17950
1986  340  760 1120 3840 1340  730 1640 2120  660  430 1250  430 14660
1987 2250  650  820  490  980 1910  640 1500  530 2040 1040 1840 14690
1988 2110  950  820  730 4010  -10 1480  930  380  210  670 1230   -10
1989  280 1080 3370 3090 1430  760  760  870  590  710  710  880 14530
1990  490  370 2110  320 3450 2060 1440  950  910  880  310  880 14170
1991 1120 2530  230  980  330 1240 3120 1430  870 1700 3940 2520 20010
1992 2610 5910 3060 2350 4250 3340 3120 3430 1670 1820 1680  620 33860
1993 1020  680 3200 4660  540 2410 2800 1070 2140 1450 1830 1320 23120
1994  620  740 1750 1710  850 1590 1810 3170  260  310 1150  290 14250
   2989-1000-13500    0                                 19741994   2989        0
1974  -10  -10  -10  -10  -10 1093  575  431  143  331  622  160   -10
1975  572  374  630  528  362  702  540  623  268 1784  349  299  7031
1976  539  423  683  386  401  899  568  384  178  487  222  789  5959
1977  410  527  683  799  486 3462 1763 1042  331  238  574  440 10755
1978  617  815  -10  -10  -10  -10  -10  -10  -10  -10  -10  -10   -10
1979  310  674  923  444 1198 1551  819 1425  507  461  222  732  9266
1980 1143  555  781 1053 1644  518 1014  941  931  585  588 1345 11098
1981 1544 1989  549  308  482 1031  633 1006  819  529  384  573  9847
1982 1092  414  268  947  792  361  836  279  349  521  497 2781  9137
1983 6091 1978 5774 4015 3133 1604  954  618  701  758 1004 1580 28210
1984  769 1133 1554 1170 1009 1299 2646 1623  589  449  283    0 12524
1985  300 1033 1277 2074 1443 1290  784 1108  286    0  299  404 10298
1986  209  428  868 2762  759  454 1034 1345  503  421  776    0  9559
1987 1261  382  483  249  659 1126  489 1019  451 1171  689  801  8780
1988 1129  484  560  539 2186 1294 1022  576  331  178  850  633  9782
1989  159  608 2202 1939  945  510  693  724  406  464  317  446  9413
1990  321   46 1267  284 1984 1218  940  671  545  430  292  408  8406
1991  651 1534  354  568  259  870 1882  974  480  930 1799 1576 11877
1992 1894 3750 1580 1343 2515 1765 1806 1986  943 1236  831    0 19649
1993  358   57 1812 2579  446 1319 1458  609 1231  872  986  562 12289
1994  290  585 1117 1107  467 1021 1160 1824  258   60  644    0  8533
   2990-1000-13130    0                                 19741994   2990        0
1974  -10  -10  -10  -10  -10  858  480  311   86  303  499   17   -10
1975  384  424  587  496  386  511  407  487  235 1263  244  148  5572
1976  463  332  571  431  366  730  515  345  158  398  166  616  5091
1977  263  435  694  613  407 2440 1298  702  264  179  398    0  7693
1978  481  313  -10  -10  -10  -10  -10  -10  -10  -10  -10  -10   -10
1979  177  571  716  448  784 1112  695 1047  372  210  135  440  6707
1980  843  409  573  686 1157  389  694  645  663  345  332  742  7478
1981  512 1521  290  233  384  736  471  765  560  357  233  347  6409
1982  793  250  275  696  531  299  613  274  324  454   60 1915  6484
1983 4302 1809 5317 4201 2624 1107  627  468  430  481  602 1247 23215
1984  517  757  970  761  679  995 1765 1179  366  244  193    0  8426
1985   22  689  946 1410  986  888  585  859  200    0  169  240  6994
1986  129  127  723 2322  504  325  752  974  407  336  548    0  7147
1987  850  304  316  171  494  774  362  783  385  773  509  494  6215
1988  756  282  294  325 1524  934  765  390  270  122  874  441  6977
1989  103  421 1499 1377  722  373  629  628  289  318  187   29  6575
1990  235    0  491  232 1358  835  693  522  370  208  241  238  5423
1991  420 1122  347  404  176  699 1347  748  284  605  931 1001  8084
1992  997 2230  907  918 1767 1146 1246 1378  616  917  467    0 12589
1993   43    0 1105 1735  393  852  899  386  824  603  628  263  7731
1994  172  484  830  819  278  747  843 1239  202    0  410    0  6024
   2991-1000-12750    0                                 19741994   2991        0
1974  -10  -10  -10  -10  -10  701  389  220   40  255  403    0   -10
1975  268  416  547  448  354  379  308  379  186  959  169   64  4477
1976  392  262  465  420  324  602  448  282  129  326  112  489  4251
1977  175  350  828  512  327 1854  999  498  192  123  265    0  6123
1978  399  129  -10  -10  -10  -10  -10  -10  -10  -10  -10  -10   -10
1979  105  481  573  409  550  846  569  813  280   80   75  290  5071
1980  659  313  434  472  869  288  494  455  482  201  187  435  5289
1981   11 1097  199  171  306  548  349  599  409  238  137  230  4294
1982  601  155  246  536  361  239  447  237  257  368   25 1035  4507
1983 2845 1466 4879 4069 2652  812  401  341  241  318  385 1017 19426
1984  369  398  551  525  490  780 1257  892  226  118  122    0  5728
1985    0  490  729 1033  729  644  434  680  128    0   88  143  5098
1986   71   88  603 2088  349  235  564  730  318  248  400    0  5694
1987  623  277  207  118  377  561  241  609  318  540  383  314  4568
1988  541  172  162  267 1146  704  574  257  207   67  812  322  5231
1989   63  307  957 1018  578  265  551  529  189  220  130    0  4807
1990  177    0  264  183  998  593  520  405  254   61  186  149  3790
1991  280  889  300  306   97  575 1021  584  154  421  611  545  5783
1992   56  957  705  665 1325  829  912 1021  408  692  263    0  7833
1993    0    0  830 1266  336  590  589  242  569  428  424  103  5377
1994  103  392  645  624  157  562  623  892  136    0  262    0  4396
   2992-1000-12380    0                                 19741994   2992        0
1974  -10  -10  -10  -10  -10  573  297  141    2  198  322    0   -10
1975  179  385  516  396  301  272  224  284  126  747  108    7  3545
1976  322  202  366  386  284  488  374  209   92  260   63  382  3428
1977  117  360  912  424  253 1455  779  354  120   73  166    0  5013
1978  340   85  -10  -10  -10  -10  -10  -10  -10  -10  -10  -10   -10
1979   57  394  452  355  393  652  446  639  209    5   28  194  3824
1980  527  241  323  325  664  200  344  310  342  100   95  272  3743
1981    0  404  112  120  235  403  244  464  303  142   68  153  2648
1982  453   83  200  417  230  183  303  186  175  275    0  520  3025
1983 1656 1120 4032 3670 2771  599  216  224   88  202  243  822 15643
1984  263  247  368  414  360  602  906  671  127   28   57    0  4043
1985    0  347  557  906  553  473  308  529   62    0   29   74  3838
1986   25   52  493 1694  234  160  415  541  230  166  289    0  4299
1987  475  270  125   72  283  409  123  458  250  381  281  193  3320
1988  390  102  138  201  888  533  415  148  143   14  705  231  3908
1989   27  218  829  654  467  168  463  425   95  147   98    0  3591
1990  131    0  190  140  750  411  378  301  160    0  129   87  2677
1991  183  733  238  232   24  469  780  446   54  295  400  173  4027
1992    0  723  565  482 1014  638  672  767  248  512  127    0  5748
1993    0    0  632  953  273  418  383  132  378  289  282    0  3740
1994   46  304  506  468   67  415  442  646   68    0  149    0  3111
   2993-1000-12000    0                                 19741994   2993        0
1974  -10  -10  -10  -10  -10  460  206   68    0  137  250    0   -10
1975  103  350  495  348  240  178  149  198   61  582   54    0  2758
1976  254  147  275  346  248  383  298  134   52  196   16  288  2637
1977   78  304  932  348  186 1156  604  242   50   28   89    0  4017
1978  294   41  -10  -10  -10  -10  -10  -10  -10  -10  -10  -10   -10
1979   19  311  346  297  276  498  328  497  148    0    0  122  2842
1980  424  181  228  213  504  120  219  188  224   20   29  161  2511
1981    0    0   29   76  170  280  150  346  221   56   10   92  1430
1982  330   17  146  321  122  131  171  128   90  179    0  504  2139
1983 1173  631 3273 3345 2864  430   55  114    0  107  139  649 12780
1984  176  138  259  320  261  448  639  489   48    0    0    0  2778
1985    0  233  549  931  417  340  200  396    1    0    0   17  3084
1986    0   19  388 1274  140   93  289  386  143   93  198    0  3023
1987  368  276   56   28  201  290    8  321  181  261  191  103  2284
1988  271   52   97  131  692  394  278   54   78    0  580  151  2778
1989    0  139  911  473  375   78  373  321    6   88   75    0  2839
1990   92    0  135  101  562  262  254  206   78    0   73   37  1800
1991  110  619  171  168    0  373  588  325    0  197  242    7  2800
1992    0  566  456  336  774  512  481  567  113  360   24    0  4189
1993    0    0  477  719  206  293  231   39  219  169  171    0  2524
1994    0  220  533  334    0  289  285  454    0    0   55    0  2170
   2994-1000-11630    0                                 19741994   2994        0
1974  -10  -10  -10  -10  -10  356  119    0    0   75  184    0   -10
1975   36  316  485  307  179   95   80  119    0  446    3    0  2066
1976  189   96  190  308  216  286  226   61    9  134    0  206  1921
1977   52  118  777  282  127  919  459  148    0    0   22    0  2904
1978  259    0  -10  -10  -10  -10  -10  -10  -10  -10  -10  -10   -10
1979    0  231  248  238  182  370  220  377   90    0    0   64  2020
1980  338  130  141  120  373   46  111   82  121    0    0   79  1541
1981    0    0    0   37  109  171   66  240  152    0    0   38   813
1982  223    0   87  240   29   82   51   68    5   82    0  505  1372
1983 1034  181 2401 2608 2766  288    0   11    0   24   54  491  9858
1984  100   38  153  236  178  310  424  334    0    0    0    0  1773
1985    0  134  559  874  305  231  105  276    0    0    0    0  2484
1986    0    0  288  901   61   32  180  253   60   25  119    0  1919
1987  283  292    0    0  127  191    0  198  114  163  108   32  1508
1988  170   13   48   59  533  277  160    0   14    0  450   78  1802
1989    0   65 1280  384  296    0  285  223    0   34   55    0  2622
1990   59    0   89   66  409  135  146  118    3    0   15    0  1040
1991   51  534  101  112    0  285  428  218    0  112  112    0  1953
1992    0  443  366  211  577  423  321  401    0  224    0    0  2966
1993    0    0  346  533  139  198  110    0   80   60   76    0  1542
1994    0  140  526  212    0  178  148  297    0    0    0    0  1501
   2995-1000-11250    0                                 19741994   2995        0
1974  -10  -10  -10  -10  -10  259   36    0    0   10  122    0   -10
1975    0  286  484  272  119   19   17   46    0  328    0    0  1571
1976  127   47  110  274  188  193  159    0    0   70    0  137  1305
1977   35   43  537  223   74  723  336   64    0    0    0    0  2035
1978  234    0  -10  -10  -10  -10  -10  -10  -10  -10  -10  -10   -10
1979    0  156  157  181  103  261  121  273   32    0    0   12  1296
1980  261   84   58   38  261    0   14    0   26    0    0   14   756
1981    0    0    0    3   52   72    0  142   91    0    0    0   360
1982  125    0   25  167    0   36    0   11    0    0    0  521   885
1983  940    0 1539 1848 2507  165    0    0    0    0    0  347  7346
1984   30    0   49  158  104  186  248  199    0    0    0    0   974
1985    0   44  509  812  207  138   22  166    0    0    0    0  1898
1986    0    0  190  589    0    0   86  138    0    0   49    0  1052
1987  211  317    0    0   57  106    0   88   47   76   28    0   930
1988   77    0    0    0  397  175   57    0    0    0  322    6  1034
1989    0    0 1614  308  228    0  202  133    0    0   34    0  2519
1990   29    0   47   34  279   25   49   39    0    0    0    0   502
1991    0  468   29   59    0  203  293  125    0   32    0    0  1209
1992    0  341  286  101  410  358  183  258    0   99    0    0  2036
1993    0    0  229  374   73  122   10    0    0    0    0    0   808
1994    0   63  502   98    0   79   27  164    0    0    0    0   933
   2996-1000-10880    0                                 19741994   2996        0
1974  -10  -10  -10  -10  -10  165    0    0    0    0   60    0   -10
1975    0  259  490  244   61    0    0    0    0  221    0    0  1275
1976   66    0   31  246  163  105   98    0    0    4    0   78   791
1977   27    0  310  170   26  556  228    0    0    0    0    0  1317
1978  215    0  -10  -10  -10  -10  -10  -10  -10  -10  -10  -10   -10
1979    0   81   68  125   35  166   33  182    0    0    0    0   690
1980  188   41    0    0  164    0    0    0    0    0    0    0   393
1981    0    0    0    0    0    0    0   50   36    0    0    0    86
1982   31    0    0  101    0    0    0    0    0    0    0  551   683
1983  880    0  911 1180 2006   55    0    0    0    0    0  214  5246
1984    0    0    0   83   36   73  100   82    0    0    0    0   374
1985    0    0  345  387  119   56    0   64    0    0    0    0   971
1986    0    0   91  320    0    0    5   37    0    0    0    0   453
1987  145  351    0    0    0   34    0    0    0    0    0    0   530
1988    0    0    0    0  276   87    0    0    0    0  197    0   560
1989    0    0 1588  241  169    0  123   53    0    0   12    0  2186
1990    0    0    6    2  164    0    0    0    0    0    0    0   172
1991    0  416    0    9    0  128  179   44    0    0    0    0   776
1992    0  253  211    0  265  308   64  133    0    0    0    0  1234
1993    0    0  120  232    9   62    0    0    0    0    0    0   423
1994    0    0  394    0    0    0    0   49    0    0    0    0   443
   2997-1000-10500    0                                 19741994   2997        0
1974  -10  -10  -10  -10  -10   71    0    0    0    0    0    0   -10
1975    0  232  500  220    4    0    0    0    0  119    0    0  1075
1976    3    0    0  222  140   20   44    0    0    0    0   27   456
1977   22    0  122  121    0  409  134    0    0    0    0    0   808
1978  201    0  -10  -10  -10  -10  -10  -10  -10  -10  -10  -10   -10
1979    0    4    0   68    0   84    0  102    0    0    0    0   258
1980  113    0    0    0   79    0    0    0    0    0    0    0   192
1981    0    0    0    0    0    0    0    0    0    0    0    0     0
1982    0    0    0   36    0    0    0    0    0    0    0  591   627
1983  845    0  361  529 1456    0    0    0    0    0    0   85  3276
1984    0    0    0    6    0    0    0    0    0    0    0    0     6
1985    0    0  130   71   35    0    0    0    0    0    0    0   236
1986    0    0    0  138    0    0    0    0    0    0    0    0   138
1987   78  388    0   21    0    0    0    0    0    0    0    0   487
1988    0    0    0    0  164    8    0    0    0    0   71    0   243
1989    0    0 1425  178  115    0   50    0    0    0    0    0  1768
1990    0    0    0    0   57    0    0    0    0    0    0    0    57
1991    0  369    0    0    0   56   84    0    0    0    0    0   509
1992    0  169  135    0  134  271    0   21    0    0    0    0   730
1993    0    0   11   97    0   17    0    0    0    0    0    0   125
1994    0    0  198    0    0    0    0    0    0    0    0    0   198
   2998-1000-10130    0                                 19741994   2998        0
1974  -10  -10  -10  -10  -10    0    0    0    0    0    0    0   -10
1975    0  193  501  196    0    0    0    0    0   16    0    0   906
1976    0    0    0  197  116    0    0    0    0    0    0    0   313
1977   14    0    0   73    0  278   49    0    0    0    0    0   414
1978  184    0  -10  -10  -10  -10  -10  -10  -10  -10  -10  -10   -10
1979    0    0    0    9    0   14    0   32    0    0    0    0    55
1980   31    0    0    0    5    0    0    0    0    0    0    0    36
1981    0    0    0    0    0    0    0    0    0    0    0    0     0
1982    0    0    0    0    0    0    0    0    0    0    0  630   630
1983  819    0   99  117  867    0    0    0    0    0    0    0  1902
1984    0    0    0    0    0    0    0    0    0    0    0    0     0
1985    0    0   48    0    0    0    0    0    0    0    0    0    48
1986    0    0    0   16    0    0    0    0    0    0    0    0    16
1987    1  420    0    9    0    0    0    0    0    0    0    0   430
1988    0    0    0    0   57    0    0    0    0    0    0    0    57
1989    0    0 1126  111   66    0    0    0    0    0    0    0  1303
1990    0    0    0    0    0    0    0    0    0    0    0    0     0
1991    0  318    0    0    0    0    5    0    0    0    0    0   323
1992    0   83   49    0   13  244    0    0    0    0    0    0   389
1993    0    0    0    0    0    0    0    0    0    0    0    0     0
1994    0    0    0    0    0    0    0    0    0    0    0    0     0
   2999-1000 -9750    0                                 19741994   2999        0
1974  -10  -10  -10  -10  -10    0    0    0    0    0    0    0   -10
1975    0  122  471  162    0    0    0    0    0    0    0    0   755
1976    0    0    0  166   89    0    0    0    0    0    0    0   255
1977    0    0    0   25    0  159    0    0    0    0    0    0   184
1978  153    0  -10  -10  -10  -10  -10  -10  -10  -10  -10  -10   -10
1979    0    0    0    0    0    0    0    0    0    0    0    0     0
1980    0    0    0    0    0    0    0    0    0    0    0    0     0
1981    0    0    0    0    0    0    0    0    0    0    0    0     0
1982    0    0    0    0    0    0    0    0    0    0    0  644   644
1983  777    0    0    0  350    0    0    0    0    0    0    0  1127
1984    0    0    0    0    0    0    0    0    0    0    0    0     0
1985    0    0    0    0    0    0    0    0    0    0    0    0     0
1986    0    0    0    0    0    0    0    0    0    0    0    0     0
1987    0  425    0    0    0    0    0    0    0    0    0    0   425
1988    0    0    0    0    0    0    0    0    0    0    0    0     0
1989    0    0  768   33   19    0    0    0    0    0    0    0   820
1990    0    0    0    0    0    0    0    0    0    0    0    0     0
1991    0  241    0    0    0    0    0    0    0    0    0    0   241
1992    0    0    0    0    0  223    0    0    0    0    0    0   223
1993    0    0    0    0    0    0    0    0    0    0    0    0     0
1994    0    0    0    0    0    0    0    0    0    0    0    0     0
   3000-1000 -9380    0                                 19741994   3000        0
1974  -10  -10  -10  -10  -10    0    0    0    0    0    0    0   -10
1975    0    0  365  102    0    0    0    0    0    0    0    0   467
1976    0    0    0  112   51    0    0    0    0    0    0    0   163
1977    0    0    0    0    0   50    0    0    0    0    0    0    50
1978   89    0  -10  -10  -10  -10  -10  -10  -10  -10  -10  -10   -10
1979    0    0    0    0    0    0    0    0    0    0    0    0     0
1980    0    0    0    0    0    0    0    0    0    0    0    0     0
1981    0    0    0    0    0    0    0    0    0    0    0    0     0
1982    0    0    0    0    0    0    0    0    0    0    0  589   589
1983  675    0    0    0    0    0    0    0    0    0    0    0   675
1984    0    0    0    0    0    0    0    0    0    0    0    0     0
1985    0    0    0    0    0    0    0    0    0    0    0    0     0
1986    0    0    0    0    0    0    0    0    0    0    0    0     0
1987    0  362    0    0    0    0    0    0    0    0    0    0   362
1988    0    0    0    0    0    0    0    0    0    0    0    0     0
1989    0    0  337    0    0    0    0    0    0    0    0    0   337
1990    0    0    0    0    0    0    0    0    0    0    0    0     0
1991    0  106    0    0    0    0    0    0    0    0    0    0   106
1992    0    0    0    0    0  204    0    0    0    0    0    0   204
1993    0    0    0    0    0    0    0    0    0    0    0    0     0
1994    0    0    0    0    0    0    0    0    0    0    0    0     0
   3001-1000 -9000    0                                 19741994   3001        0
1974  -10  -10  -10  -10  -10    0    0    0    0    0    0    0   -10
1975    0    0  114    0    0    0    0    0    0    0    0    0   114
1976    0    0    0   16    0    0    0    0    0   19    0    0    35
1977    0    0    0    0    0    0    0    0    0    0    0    0     0
1978    0    0  -10  -10  -10  -10  -10  -10  -10  -10  -10  -10   -10
1979    0    0    0    0    0    0    0    0    0    0    0    0     0
1980    0    0    0    0    0    0    0    0    0    0    0    0     0
1981    0    0    0    0    0    0    0    0    0    0    0    0     0
1982    0    0    0    0    0    0    0    0    0    0    0  393   393
1983  442    0    0    0    0   16    0    0    0    0    0    0   458
1984    0    0    0    0    0    0    0    0    0    0    0    0     0
1985    0    0    0    0    0    0    0    0    0    0    0    0     0
1986    0    0    0    0    0    0    0    0    0    0    0    0     0
1987    0  160    0    0    0    0    0    0    0    0    0    0   160
1988    0    0    0    0    0    0    0    0    0    0    0    0     0
1989    0    0    0    0    0    0    0    0    0    0    0    0     0
1990    0    0    0    0    0    0    0    0    0    0    0    0     0
1991    0    0    0    0    0    0    0    0    0    0    0    0     0
1992    0    0    0    0    0  179    0    0    0    0    0    0   179
1993    0    0    0    0    0    0    0    0    0    0    0    0     0
1994    0    0    0    0    0    0    0    0    0    0    0    0     0
   3002-1000 -8630    0                                 19741994   3002        0
1974  -10  -10  -10  -10  -10    0    0    0    0    0    0    0   -10
1975    0    0    0    0    0    0    0    0    0    0    0    0     0
1976    0    0    0    0    0    0    0    0    0    0    0    0     0
1977    0    0    0    0    0    0    0    0    0    0    0    0     0
1978    0    0  -10  -10  -10  -10  -10  -10  -10  -10  -10  -10   -10
1979    0    0    0    0    0    0    0    0    0    0    0    0     0
1980    0    0    0    0    0    0    0    0    0    0    0    0     0
1981    0    0    0    0    0    0    0    0    0    0    0    0     0
1982    0    0    0    0    0    0    0    0    0    0    0    0     0
1983   21    0    0    0    0    0    0    0    0    0    0    0    21
1984    0    0    0    0    0    0    0    0    0    0    0    0     0
1985    0    0    0    0    0    0    0    0    0    0    0    0     0
1986    0    0    0    0    0    0    0    0    0    0    0    0     0
1987    0    0    0    0    0    0    0    0    0    0    0    0     0
1988    0    0    0    0    0    0    0    0    0    0    0    0     0
1989    0    0    0    0    0    0    0    0    0    0    0    0     0
1990    0    0    0    0    0    0    0    0    0    0    0    0     0
1991    0    0    0    0    0    0    0    0    0    0    0    0     0
1992    0    0    0    0    0  140    0    0    0    0    0    0   140
1993    0    0    0    0    0   48    0    0    0    0    0    0    48
1994    0    0    0    0    0    0    0    0    0    0    0    0     0
   3003-1000 -8250    0                                 19741994   3003        0
1974  -10  -10  -10  -10  -10    0    0    0    0    0    0    0   -10
1975    0    0    0    0    0    0    0    0    0    0    0    0     0
1976    0    0    0    0    0    0    0    0    0    0    0    0     0
1977    0    0    0    0    0    0    0    6    0    0    0    0     6
1978    0    0  -10  -10  -10  -10  -10  -10  -10  -10  -10  -10   -10
1979    0    0    0    0    0    0    0    0    0    0    0    0     0
1980    0    0    0    0    0    0    0    0    0    0    0    0     0
1981    0    0    0    0    0    0    0    0    0    0    0    0     0
1982    0    0    0    0    0    0    0    0    0    0    0    0     0
1983    0    0    0    0    0    0    0    0    0    0    0    0     0
1984    0    0    0    0    0    0    0    0    0    0    0    0     0
1985    0    0    0    0    0    0    0  113    0    0    0    0   113
1986    0    0    0    0    0    0    0    0    0    0    0    0     0
1987    0    0    0    0    0    0    0    0    0    0    0    0     0
1988    0    0    0    0    0    0    0    0    0    0    0    0     0
1989    0    0    0    0    0    0    0    0    0    0    0    0     0
1990    0    0    0    0    0    0    0    0    0    0    0    0     0
1991    0    0    0    0    0    0    0   68    0    0    0    0    68
1992    0    0    0    0    0  344    0    0    0    0    0    0   344
1993    0    0    0    0    0  349    0    0    0    0    0    0   349
1994    0    0    0    0    0    0    0    0    0    0    0    0     0
   3004-1000 -7880    0                                 19741994   3004        0
1974  -10  -10  -10  -10  -10    0   19   87   82  148   49  150   -10
1975  165  150  219    0   70    0    0   35   99   88  276  226  1328
1976  243  132   93    0    0    0   19   79   97  195  105  114  1077
1977   48  102   30    0    0    0   37   80   82  146  298  256  1079
1978  183    0  -10  -10  -10  -10  -10  -10  -10  -10  -10  -10   -10
1979    0  277  200    0    0    0  106   15  109    0  141   48   896
1980  225  123    8    0    0    0    0   55   27  206   92    0   736
1981  437  119  178  120  271    0    0   82   16  348  273  262  2106
1982  342  530  462   10    0  192    0   31  121   43  164  168  2063
1983   48    0  198  331   22   81    0    9    0   10  144  183  1026
1984  124  268  188    0    0   26    0    0    0   41  306    0   953
1985   46  357  170   33    0    0   61  484  135  197   66  131  1680
1986  284  674  151   21    0    0   36   72   93   56   19   74  1480
1987   75    0    0    4    0   20    0    0   44    0  278  133   554
1988  109  482  116  297    0   14    0    0    0    0  176  263  1457
1989  220  222  332    0    0  161    0    1   92  220    0    0  1248
1990  193    0  124    1   16   72  150   72   56   89  396  114  1283
1991   95  219   79    0    0    0   45  147  120  163    0    0   868
1992    0    0  292    0    0  749   24    0    0    0    0    0  1065
1993  195  412  603  154    0  810  233  178    0    0  804  252  3641
1994  376  105  265    0    0    0    0    0    0   21   96  245  1108
   3005-1000 -7500    0                                 19741994   3005        0
1974  -10  -10  -10  -10  -10  398  215  564  647  910  545 1226   -10
1975 1539 1153 1624  846  872  401  235  338  717  518 1313 1350 10906
1976 1744 1139 1420  515  612   88  113  491  543  854  899 1164  9582
1977  840 1407  897  860  422  326  307  324  540  788 1358 1622  9691
1978 1297  834  -10  -10  -10  -10  -10  -10  -10  -10  -10  -10   -10
1979  817 1564 1621  769  303    0  363  217  542  376 1097  825  8494
1980 1564 1343 1187  447  190  121  209  320  394 1286  625  511  8197
1981 1887 1139 1264 1134 1276  303  118  446  440 1257 1280 1449 11993
1982 1834 2264 1939 1069  188  904  112  382  814  750 1245 1322 12823
1983  829  697  733  934  712  450    0  127  351  570 1383 1229  8015
1984 1664 1771 1348  919  385  526  133  141  369 1005 1840  812 10913
1985  960 1389 1148  785  159  277  305  414  650 1136 1056 1139  9418
1986 1180 2204 1477  778  639   36  115  462  522  869  891 1177 10350
1987 1213  779  755 1260  327  507  354   70  478  860 1502 1022  9127
1988  939 1880 1150 1462  494  192    0  222  206  517 1016 1320  9398
1989 1406 1450 1572  861  449  846  196  226  462  916  562  874  9820
1990 1231  781 1267  955  455  508  506  300  403  864 1365 1013  9648
1991  901 1236 1417  355    0   75  183  261  587  585  826  469  6895
1992  565 1249 1471  512   93 1119  197  290  262  443  358  962  7521
1993 1809 1893 1571 1104  388 1647  497  973  409  625 1908 1334 14158
1994 1720 1058 1592  801  345  157   96   48  223  854 1123 1585  9602
   3006-1000 -7130    0                                 19741994   3006        0
1974  -10  -10  -10  -10  -10  -10  -10  -10  -10  -10  -10  -10   -10
1975  -10  -10  -10  -10  -10  -10  -10  -10  -10  -10  -10  -10   -10
1976  -10  -10  -10  -10  -10  -10  -10  -10  -10  -10  -10  -10   -10
1977  -10  -10  -10  -10  -10  -10  -10  -10  -10  -10  -10  -10   -10
1978  -10  -10  -10  -10  -10  -10  -10  -10  -10  -10  -10  -10   -10
1979  -10  -10  -10  -10  -10  -10  -10  -10  -10  -10  -10  -10   -10
1980  -10  -10  -10  -10  -10  -10  -10  -10  -10  -10  -10  -10   -10
1981  -10  -10  -10  -10  -10  -10  -10  -10  -10  -10  -10  -10   -10
1982  -10  -10  -10  -10  -10  -10  -10  -10  -10  -10  -10  -10   -10
1983  -10  -10  -10  -10  -10  -10  -10  -10  -10  -10  -10  -10   -10
1984  -10  -10  -10  -10  -10  -10  -10  -10  -10  -10  -10  -10   -10
1985  -10  -10  -10  -10  -10  -10  -10  -10  -10  -10  -10  -10   -10
1986  -10  -10  -10  -10  -10  -10  -10  -10  -10  -10  -10  -10   -10
1987  -10  -10  -10  -10  -10  -10  -10  -10  -10  -10  -10  -10   -10
1988  -10  -10  -10  -10  -10  -10  -10  -10  -10  -10  -10  -10   -10
1989  -10  -10  -10  -10  -10  -10  -10  -10  -10  -10  -10  -10   -10
1990  -10  -10  -10  -10  -10  -10  -10  -10  -10  -10  -10  -10   -10
1991  -10  -10  -10  -10  -10  -10  -10  -10  -10  -10  -10  -10   -10
1992  -10  -10  -10  -10  -10  -10  -10  -10  -10  -10  -10  -10   -10
1993  -10  -10  -10  -10  -10  -10  -10  -10  -10  -10  -10  -10   -10
1994  -10  -10  -10  -10  -10  -10  -10  -10  -10  -10  -10  -10   -10