1974  530 2060  280  960 1770 2040 3280  240  580  740  130 1260 13870
1975  410 1820 5070 4110 2470 1030  740  150  330  590  190  520 17430
1976  590  390  900 3660 3150 5360 3950 2840 1750 1950 4830 3910 33280
1977 6210 2070 1280 1640 2910 4130 1480 1150  300  420 2630 2530 26750
1978 3320 3550 3630 3320 1090 1400 1250  610   70  380  710  460 19790
1979 1790 1530 3810 3410 4380 1710  900 1280 1180 1900  890 1570 24350
1980 1460 1890 1830 1660 3810 2310 1980 1090   90  220 1560 2890 20790
1981 1440 2890  800 3530 3650 2820 1200  100  570 1790  120  650 19560
1982  470  270 1270 4790 2340  930 1780 2530 2040 3220 4290 2810 26740
1983 1690 1260  320 3460 4820 4080 2520  480   80  680  390   37 19817
1984 1160 1300  220 3150 2910 2310  700  180  160   90  320  110 12610
1985  610   70  840  370  860 1756 1060 1630  160  360 2050  850 10616
1986 1280 1650 2240 1550 3050 3160 2360 1090 3420  810  611  366 21587
1987 8570 4590 4040 4690 3500 2480 4600 1720 2040 4400 1940 3660 46230
1988 2870 1860 3290 4140 2520  120  220    0  170   10   50  130 15380
1989   37   80 1750 2122 3346  324 1870  188  232  112  494  146 10701
1990  390 4795 4558 1884  414 2135  -10  -10  -10  -10  -10  -10   -10
1991  -10  -10  -10  -10  -10  -10  -10  -10  -10  -10  -10  -10   -10
1992  -10  -10  -10  -10  -10  -10  -10  -10  -10  -10  -10  -10   -10
1993  -10  -10  -10  -10  -10  -10  -10  -10  -10  -10  -10  -10   -10
1994  -10  -10  -10  -10  -10  -10  -10  -10  -10  -10  -10  -10   -10
   3559  500-15750    0                                 19741994   3559        0
1974  -10  -10  -10  -10  -10 1661 2463  442  874  484  726  863   -10
1975  926  945 3237 3107 1503  798  770  259  376  824  674  508 13927
1976  471  466 1429 2665 2694 4234 3025 2324 1991 2225 3664 2630 27818
1977 3168 1749 1410 1679 2439 2500 1636  795  477  905 1903 1533 20194
1978 2234 1791  -10  -10  -10  -10  -10  -10  -10  -10  -10  -10   -10
1979 1337 2177 3000 2374 2846 1571 1175 1037 1657 1930 1522 1649 22275
1980 1037  952 2240 2029 3233 2642 2375 1782  842 1046 1542 1928 21648
1981  956 1410 1071 3541 2514 2402 1512  583  973 1787 1127  689 18565
1982  467  704 1900 3415 2137 1995 2041 3491 2815 3611 4690 3195 30461
1983 4374 1072  422 3238 2670 3960 2156 1224 1086  668 1049  207 22126
1984  640 1089  740 2268 1452 1658  780  704  716  852 1207 1154 13260
1985  214  194 1875 1284 1297 1929 1390 1608  792 1043 1862 1262 14750
1986  556  867 3436 1314 2338 2660 2399 1472 2789 1781 1973 1146 22731
1987 5911 2928 3232 3187 3698 3073 4485 3440 2962 3479 2092 3196 41683
1988 2592  941 2900 3596 1859  578  247  212  283  121  437  297 14063
1989  323  201 1310 1878 2394 1467 2449  790 1176 1245  955  188 14376
1990  904 2972 3445 2184 1646 1868 2519 1207 1868 1490 2480 1197 23780
1991 1233 2211 3244 2207 3240 2641 3660 2014 1489 1685 4215 2299 30138
1992 4613 3045 5829 5169 3493 3264 1997 1065  700 1150  514 1356 32195
1993 1352 1598 2844 3381 1248 1782 1791 1802 1710  838 1854 1402 21602
1994  518  791 1357 2618 2271 2194 1143  802  421 2162 2866 3123 20266
   3560  500-15380    0                                 19741994   3560        0
1974  -10  -10  -10  -10  -10 1509 1934  339  831  401 1084  762   -10
1975 1212 1015 2869 2920 1461  680  540  334  189  877  965  620 13682
1976  769  781 1605 2276 2360 3643 2560 1932 2048 2270 3438 2240 25922
1977 1896 1424 1480 1520 2227 2187 1808  764  565  898 1480 1096 17345
1978 1784 1597  -10  -10  -10  -10  -10  -10  -10  -10  -10  -10   -10
1979 1495 2278 2602 2077 2542 1428 1330 1083 1694 1716 1511 1468 21224
1980  689  729 2501 2100 3370 2697 2373 1558 1025  886 1507 1670 21105
1981  652 1114 1410 3234 2005 2487 1477  980  993 1842 1181  847 18222
1982  636  717 2243 3000 2039 2531 2184 3507 2995 3664 4730 4221 32467
1983 5073 1852 1035 3223 2237 3713 1898 1508 1612  628 1211  403 24393
1984  631 1002  703 1817 1556 1499  860  936  833 1155 1362 1212 13566
1985   98  360 2357 1644 1689 1720 1680 1565  921  964 1269 1186 15453
1986  397  517 3143 1527 2238 2334 2199 1478 2179 1812 2530 1257 21611
1987 4709 2434 3426 2744 3639 3312 4146 3662 2982 3275 2265 3153 39747
1988 2568  825 2475 3000 1903  689  458  405  275  250  650  414 13912
1989  545  604 1286 1751 2056 1911 2411  776 1424 1534 1094  124 15516
1990  932 2403 3380 2411 2203 2055 2374 1084 1842 1324 2480 1149 23637
1991 1078 2104 3195 2402 2626 2388 3553 1992 1529 2089 3946 1994 28896
1992 4743 3021 5609 4788 3561 3295 2196 1189  850 1092  961 1248 32553
1993  883 1238 2978 3489 1585 2099 1446 1660 1881 1031 1685 1273 21248
1994  289  821 1083 2359 2294 2303 1364  834  556 2264 2924 2833 19924
   3561  500-15000    0                                 19741994   3561        0
1974  -10  -10  -10  -10  -10 1431 1516  179  670  455 1313  747   -10
1975 1425 1219 2834 3057 1451  630  428  435  202  868 1100  694 14343
1976 1097 1084 1716 2024 2184 3300 2388 1596 2078 2231 3272 1970 24940
1977 1233 1189 1535 1485 2145 2106 1797  755  523  759 1158  787 15472
1978 1530 1550  -10  -10  -10  -10  -10  -10  -10  -10  -10  -10   -10
1979 1594 2230 2295 2026 2377 1354 1439 1071 1622 1403 1416 1302 20129
1980  546  621 2710 2108 3572 2728 2129 1168 1039  638 1517 1511 20287
1981  464  975 1647 2926 1677 2583 1325 1321  924 1854 1067  967 17730
1982  755  514 2422 2556 2099 2921 2158 3172 2918 3789 4700 5012 33016
1983 5421 2516 1687 3132 2209 3341 1553 1559 1890  551 1285  532 25676
1984  651  933  625 1541 1902 1322  847  973  853 1214 1289 1091 13241
1985    6  497 2519 1921 2040 1474 1794 1405  940  763  742 1016 15117
1986  406  451 2532 1852 2076 1998 1918 1351 1659 1589 2896 1146 19874
1987 3702 2014 3621 2501 3512 3215 3812 3591 2799 3130 2270 3012 37179
1988 2442  765 2076 2561 2007  646  571  493  360  313  734  473 13441
1989  647 1012 1267 1763 1903 2005 2092  652 1362 1525 1099  159 15486
1990 1035 1892 3416 2639 2502 2263 2213 1015 1643 1067 2231 1040 22956
1991  979 2047 2943 2722 2204 2276 3339 1950 1502 2448 3811 2353 28574
1992 4641 3084 5305 4288 3711 3131 2315 1191  955  932 1316  964 31833
1993  515  910 3040 3817 1844 2505 1147 1516 1882 1136 1418 1171 20901
1994  168 1024  816 2207 2367 2369 1520  834  589 2262 2842 2461 19459
   3562  500-14630    0                                 19741994   3562        0
1974  -10  -10  -10  -10  -10 1335 1248  190  462  461 1421  767   -10
1975 1553 1389 2821 3261 1400  670  430  469  218  812 1016  679 14718
1976 1255 1307 1689 2053 2287 2892 2378 1415 2086 2125 2940 1708 24135
1977  934 1359 1705 1544 2017 2021 1546  710  394  541 1020  566 14357
1978 1423 1404  -10  -10  -10  -10  -10  -10  -10  -10  -10  -10   -10
1979 1512 2244 2108 1906 2235 1352 1386 1048 1522 1197 1524 1113 19147
1980  570  547 2804 2258 3485 2680 1681 1030  770  559 1520 1452 19356
1981  375  828 1676 2602 1505 2588 1124 1485  794 1664  965 1038 16644
1982 1064  369 2493 2216 2220 3085 2029 2817 2736 4081 4685 5392 33187
1983 5551 3010 2089 2825 2375 2926 1312 1517 1838  566 1300  611 25920
1984  642  859  558 1418 2229 1114  852  891  870 1073 1259  945 12710
1985    0  606 2369 2012 2202 1282 1649 1179  857  501  572  830 14059
1986  386  397 1973 2205 1833 1657 1573 1209 1413 1250 2968  962 17826
1987 2924 1693 3509 2237 3387 2939 3502 3461 2533 2974 2066 2716 33941
1988 2215  801 1850 2323 2025  533  604  504  386  325  736  491 12793
1989  629 1308 1208 1842 1910 1718 1638  544 1051 1283  962  167 14260
1990 1311 1293 3334 2859 2734 2323 2055 1010 1265  766 1780  826 21556
1991 1014 1914 2349 2837 2220 2340 3141 1939 1547 2496 4094 3443 29334
1992 4222 3020 5115 3872 3807 2762 2403 1099  922  829 1494  625 30170
1993  170  578 2991 4268 2027 2802 1249 1448 1681 1107 1207 1069 20597
1994  156 1262  738 2127 2498 2319 1485  868  530 2057 2696 2116 18852
   3563  500-14250    0                                 19741994   3563        0
1974  -10  -10  -10  -10  -10 1194 1043  197  249  538 1448  778   -10
1975 1606 1475 2806 3401 1333  767  407  463  213  832  859  606 14768
1976 1311 1446 1576 2266 2404 2411 2347 1283 2083 1970 2620 1500 23217
1977  707 1780 1896 1539 1863 1936 1275  702  347  448  914  357 13764
1978 1308 1228  -10  -10  -10  -10  -10  -10  -10  -10  -10  -10   -10
1979 1269 2233 2086 1735 2089 1333 1269 1121 1415 1067 1714  906 18237
1980  579  484 2796 2461 3331 2554 1244 1067  612  536 1470 1389 18523
1981  293  642 1546 2341 1422 2447  840 1573  648 1394  919 1100 15165
1982 1352  375 2451 2026 2244 3096 1893 2608 2668 4430 4614 5606 33363
1983 5589 3304 2236 2447 2604 2573 1191 1468 1672  564 1215  704 25567
1984  608  777  498 1468 2411  958  909  854  877  870 1337  788 12355
1985    0  685 2130 2032 2332 1140 1383 1013  755  205  602  702 12979
1986  344  342 1610 2478 1709 1398 1276 1142 1229  945 2843  864 16180
1987 2392 1453 3245 1894 3297 2828 3221 3364 2260 2866 1832 2385 31037
1988 2053  993 1816 2189 2001  571  583  466  376  305  695  590 12638
1989  588 1481 1119 1881 1930 1319 1237  450  825 1027  811  159 12827
1990 1606  794 3181 2976 2989 2159 1926  886  929  577 1388  636 20047
1991 1138 1844 1787 2765 2476 2391 3048 1876 1649 2278 4230 3877 29359
1992 3673 2842 4999 3611 3792 2273 2475  968  858  778 1512  362 28143
1993    0  352 2996 4599 2208 2980 1461 1444 1373 1008 1068  957 20446
1994  244 1389  820 2032 2618 2285 1406  909  448 1774 2469 1839 18233
   3564  500-13880    0                                 19741994   3564        0
1974  -10  -10  -10  -10  -10  977  912  185  183  569 1333  662   -10
1975 1483 1384 2651 3390 1196  807  367  432  197  837  685  460 13889
1976 1213 1340 1290 2514 2487 1933 2185 1014 2065 1761 2393 1515 21710
1977  521 2251 2079 1508 1682 1837 1213  663  298  395  785  115 13347
1978 1170 1135  -10  -10  -10  -10  -10  -10  -10  -10  -10  -10   -10
1979 1003 2125 2103 1659 1886 1321 1088 1246 1208  918 1836  735 17128
1980  571  423 2769 2520 2899 2232  976 1157  587  467 1302 1317 17220
1981  210  364 1328 2184 1252 2039  633 1507  489 1124  877 1160 13167
1982 1476  349 2252 2065 2061 2766 1803 2565 2793 4603 4109 5683 32525
1983 5600 3201 2023 2192 2779 2191 1022 1423 1376  530  998  895 24230
1984  552  936  439 1726 2333  736  900  815  803  649 1419  666 11974
1985    0  715 1784 1960 2347 1143 1114  875  648   60  608  639 11893
1986  410  287 1543 2541 1661 1271 1093 1098  977  861 2559  970 15271
1987 2295 1369 3004 1726 3309 2985 2980 3145 1995 2734 1593 2185 29320
1988 2061 1167 1882 2054 1884  567  523  394  345  267  680  649 12473
1989  665 1426 1011 1869 1858 1007 1026  383  751  813  682  143 11634
1990 1628  641 2778 2901 3150 2020 1826  619  862  429 1384  578 18816
1991 1227 1971 1535 2749 2798 2304 3064 1677 1531 1897 3878 3437 28068
1992 3092 2578 4886 3601 3683 1884 2357  917  695  722 1343  212 25970
1993    0  252 3180 4680 2296 3015 1547 1538 1088  851  946  792 20185
1994  457 1234 1048 1962 2493 2353 1288  945  333 1458 2169 1735 17475
   3565  500-13500    0                                 19741994   3565        0
1974  -10  -10  -10  -10  -10  716  812  158  160  582 1160  470   -10
1975 1327 1315 2472 3338 1101  802  317  383  172  803  516  275 12821
1976 1051 1115  923 2677 2527 1593 1950  704 2020 1503 2270 1604 19937
1977  461 2715 2298 1591 1614 1721 1210  600  238  330  638    0 13416
1978 1010 1092  -10  -10  -10  -10  -10  -10  -10  -10  -10  -10   -10
1979  769 1934 2071 1814 1749 1320  929 1345  958  794 1908  643 16234
1980  546  362 2737 2477 2395 1707  831 1123  531  345 1095 1241 15390
1981  126  185 1065 2185 1128 1601  538 1326  456  859  821 1320 11610
1982 1463  302 1967 2159 1912 2399 1716 2510 2819 4647 3363 5642 30899
1983 5677 2842 1699 2010 2865 1745  781 1404 1003  502  761 1036 22325
1984  481 1316  637 2084 2285  550  828  736  559  450 1373  578 11877
1985    0  700 1310 1827 2225 1222  983  767  596   25  544  560 10759
1986  482  235 1564 2520 1644 1165 1007 1042  724  837 2289 1129 14638
1987 2379 1259 2899 1661 3339 3028 2760 2809 1846 2570 1395 2039 27984
1988 2123 1269 1901 1871 1787  531  436  300  302  221  738  741 12220
1989  774 1315  890 1871 1731  831  940  354  738  597  615  124 10780
1990 1506  627 2247 2834 3147 1928 1709  348  882  318 1440  589 17575
1991 1226 2098 1466 2722 2983 2124 3021 1501 1301 1571 3195 2594 25802
1992 2537 2378 4584 3701 3511 1628 2165  851  498  593 1156  137 23739
1993    0  200 3458 4660 2366 3003 1449 1629  971  685  878  599 19898
1994  765  995 1222 1961 2230 2448 1217  922  204 1228 1864 1703 16759
   3566  500-13130    0                                 19741994   3566        0
1974  -10  -10  -10  -10  -10  574  731  259  134  493  938  241   -10
1975 1218 1332 2224 3184 1031  733  260  324  141  741  410  135 11733
1976  854  734  490 2679 2503 1645 1833  547 1833 1113 2213 1611 18055
1977  550 3092 2594 1828 1580 1445 1177  721  261  260  449    0 13957
1978  773 1100  -10  -10  -10  -10  -10  -10  -10  -10  -10  -10   -10
1979  616 1560 2119 2228 1823 1328  847 1343  612  764 1794  631 15665
1980  510  301 2661 2283 2032 1218  765  912  454  279  961 1096 13472
1981   41   96  924 2195 1002 1298  502 1090  407  596  774 1539 10464
1982 1405  244 1556 2279 1931 2070 1612 2263 2506 4585 2748 5386 28585
1983 5732 2255 1528 2091 3111 1448  628 1398  674  440  602 1053 20960
1984  400 1460  880 2501 2310  484  703  629  222  217 1158  532 11496
1985    0  557  776 1663 1899 1215  827  727  514    0  345  480  9003
1986  434  189 1605 2320 1693 1046  903  882  602  772 1932 1185 13563
1987 2519 1041 2990 1922 3290 2757 2441 2370 1779 2298 1330 1807 26544
1988 2049 1214 1830 1776 1668  471  330  191  254  171  766  812 11532
1989  771 1123  765 1952 1603  777  934  418  600  410  455  108  9916
1990 1208  535 1635 2780 3001 1716 1413  261  865  250 1466  534 15664
1991 1084 2102 1518 2590 2914 1913 2796 1356  904 1438 2532 1955 23102
1992 2114 2443 4094 3618 3497 1616 1957  751  335  470  942   56 21893
1993    0   91 3581 4529 2514 2981 1147 1561  989  458  906  506 19263
1994 1063  747 1220 2033 2003 2265 1040  751   80 1069 1554 1621 15446
   3567  500-12750    0                                 19741994   3567        0
1974  -10  -10  -10  -10  -10  536  728  530  107  364  732   81   -10
1975 1134 1436 1938 2939 1023  654  198  257  103  662  352   85 10781
1976  647  324  357 2563 2526 1825 1865  584 1487  773 2181 1510 16642
1977  685 3368 2896 2013 1532 1214 1174  863  360  189  323    0 14617
1978  535 1053  -10  -10  -10  -10  -10  -10  -10  -10  -10  -10   -10
1979  514 1124 2299 2675 1906 1312  785 1268  334  762 1641  667 15287
1980  469  241 2456 2097 1828  822  655  678  365  227  804  892 11534
1981    0   11  889 2172  904 1012  497  896  348  407  703 1746  9585
1982 1401  231 1112 2462 1940 1754 1570 1962 2178 4470 2356 4974 26410
1983 5600 1709 1494 2354 3392 1355  608 1387  497  430  488  963 20277
1984  375 1474 1089 2878 2462  403  542  693  159   67  860  505 11507
1985    0  395  356 1482 1529 1147  653  729  404  149  114  447  7405
1986  368  148 1686 2038 1864  937  887  797  524  711 1541 1129 12630
1987 2563  852 3104 2373 3187 2328 2010 2039 1736 2025 1284 1576 25077
1988 1829 1066 1764 1887 1531  397  212   72  202  120  736  819 10635
1989  709  896  644 2027 1494  800  973  507  400  269  295   97  9111
1990  868  342 1087 2774 2897 1490 1113  190  846  189 1356  490 13642
1991  916 1962 1543 2396 2702 1785 2528 1257  536 1307 2035 1588 20555
1992 1780 2446 3657 3360 3465 1800 1775  648  222  391  740   26 20310
1993    0    0 3450 4463 2692 2869  900 1439 1038  205 1000  521 18577
1994 1304  536 1183 1997 1927 1929  863  565   54  995 1388 1497 14238
   3568  500-12380    0                                 19741994   3568        0
1974  -10  -10  -10  -10  -10  494  760  632   80  206  525   56   -10
1975 1002 1530 1582 2762 1138  557  132  185   57  576  275   37  9833
1976  515  156  277 2330 2546 2041 2064  784 1012  686 2054 1237 15702
1977  880 3304 2981 1967 1369 1072 1229  789  415  119  261    0 14386
1978  412  911  -10  -10  -10  -10  -10  -10  -10  -10  -10  -10   -10
1979  444  666 2405 2956 1812 1178  723 1075  304  682 1272  645 14162
1980  430  186 1872 2080 1948  579  594  406  267  181  569  606  9718
1981    0   13  986 2058  936  767  476  847  304  324  542 1686  8939
1982 1290  369  651 2685 1834 1513 1634 1778 2036 4103 2230 4602 24725
1983 5175 1520 1679 2618 3741 1561  847 1394  595  484  383  790 20787
1984  383 1421 1107 3035 2477  312  449  635   93   11  543  405 10871
1985    0  231  261 1237 1305 1031  603  777  357  320    4  453  6579
1986  337  114 1829 1607 2111  889 1021  761  421  576 1134 1068 11868
1987 2260  727 3069 2935 3183 1918 1653 1918 1669 1874 1283 1224 23713
1988 1612  819 1599 2152 1347  313   85    0  147   67  580  734  9455
1989  541  659  530 1931 1449  892  969  485  297  218  218   95  8284
1990  541   27  746 2728 2879 1363  981  240  799   58 1053  565 11980
1991  761 1619 1436 2083 2348 1713 2406 1139  248 1151 1694 1300 17898
1992 1472 2301 3382 3015 3429 2101 1657  712  194  303  548   70 19184
1993    0    0 2905 4367 2783 2735  759 1365  953  122 1098  542 17629
1994 1314  296 1097 1818 1957 1625  831  475  146  858 1323 1260 13000
   3569  500-12000    0                                 19741994   3569        0
1974  -10  -10  -10  -10  -10  451  796  575   51  157  348  120   -10
1975  807 1577 1218 2685 1364  520   62  108    2  488  170    0  9001
1976  410  114  205 2045 2654 2201 2251 1016  659  831 1910  966 15262
1977 1057 2967 2792 1860 1194  927 1309  661  394   51  285    0 13497
1978  448  837  -10  -10  -10  -10  -10  -10  -10  -10  -10  -10   -10
1979  382  312 2240 3056 1636 1101  701  896  272  534  869  600 12599
1980  397  177 1278 2228 2056  591  637  166  162  144  329  436  8601
1981    0  155 1107 1865 1018  455  461  856  246  227  374 1454  8218
1982 1077  501  228 2873 1701 1295 1796 1772 1960 3553 2199 4295 23250
1983 4549 1454 1886 2883 3998 1951 1244 1528  803  515  283  640 21734
1984  367 1435 1025 3013 2435  214  455  467   27    0  289  266  9993
1985    0  102  171  938 1192  911  769  844  453  377    0  434  6191
1986  343   86 1863 1128 2297  884 1288  708  330  458  816 1039 11240
1987 1806  681 2858 3371 3297 1629 1494 1759 1608 1838 1301  865 22507
1988 1444  617 1326 2442 1234  223    0    0  138   13  449  682  8568
1989  411  446  429 1720 1467 1043  920  430  301  209  195  106  7677
1990  262    0  464 2664 2813 1297  912  399  772    0  749  763 11095
1991  601 1241 1276 1857 2142 1778 2384 1083    0 1065 1418 1086 15931
1992 1225 2067 3256 2798 3465 2417 1580  839  183  208  412  174 18624
1993    0   11 2233 4251 2828 2652  668 1437  818   31 1135  526 16590
1994 1207  102  959 1590 2033 1465  900  495  394  737 1255 1045 12182
   3570  500-11630    0                                 19741994   3570        0
1974  -10  -10  -10  -10  -10  404  733  347   20  107  251  179   -10
1975  594 1411  848 2529 1641  562    0   23    0  403   89   87  8187
1976  336   80  143 1609 2808 2111 2304 1216  578 1059 1658  765 14667
1977 1193 2337 2234 1675 1057  784 1255  599  296    0  405    0 11835
1978  629  855  -10  -10  -10  -10  -10  -10  -10  -10  -10  -10   -10
1979  201  298 1580 2916 1466  971  738  760  233  378  641  573 10755
1980  374  327  707 2416 2153  843  843   61   79  148  214  407  8572
1981    0  223 1148 1695 1237  156  482  846  205   46  260 1113  7411
1982  768  508  155 2880 1605 1241 1908 1792 1897 2711 2226 4066 21757
1983 3802 1500 2016 3016 4015 2375 1761 1857  850  429  148  536 22305
1984  272 1357  817 2762 2347  347  634  242    0    0  157   83  9018
1985    0   21   93  543 1015  784 1128  898  690  285    0  333  5790
1986  376   64 1648  667 2214  899 1538  652  332  274  642  927 10233
1987 1377  710 2597 3581 3561 1430 1437 1460 1771 1898 1310  595 21727
1988 1278  421  845 2427 1234  127   18    0  282    0  385  695  7712
1989  341  253  342 1297 1419 1194  887  433  329  195  174  133  6997
1990  104    0  204 2376 2674 1353  866  578  707    0  494  900 10256
1991  323  974  955 1738 2251 1989 2365 1131    0 1047 1193  834 14800
1992  968 1792 3115 2853 3641 2641 1524 1083  161  170  324  181 18453
1993    0    0 1551 4043 3067 2621  710 1564  802    0 1077  308 15743
1994  948    9  704 1239 2126 1459  973  602  622  683  988  809 11162
   3571  500-11250    0                                 19741994   3571        0
1974  -10  -10  -10  -10  -10  459  678  137  161  145  202  222   -10
1975  419 1127  566 2208 1878  657    0  169    0  503   40  149  7716
1976  277   57   91 1125 2990 1927 2394 1414  718 1195 1428  690 14306
1977 1366 1784 1549 1391  890  643 1208  651  230  100  531    0 10343
1978  747  940  -10  -10  -10  -10  -10  -10  -10  -10  -10  -10   -10
1979   17  378  908 2745 1403  857  833  684  185  259  538  620  9427
1980  361  499  285 2428 2380 1183 1073   81   84  221  223  444  9262
1981    0  239 1192 1423 1453    0  523  837  230    0  229  858  6984
1982  556  431   93 2766 1607 1306 1998 1818 1805 1896 2288 3933 20497
1983 3086 1538 2020 3048 3944 2843 2295 2281  761  302    0  520 22638
1984  181 1139  686 2520 2152  592  846   79    0    0  187    0  8382
1985    0    0   32  148  744  718 1413  928  926  250    0  216  5375
1986  409   49 1257  299 1973  901 1662  642  435  134  494  747  9002
1987 1187  791 2350 3646 3802 1308 1385 1210 2016 1959 1412  472 21538
1988 1047  193  378 2201 1231   84  131   31  418    0  350  765  6829
1989  354  133  270  834 1356 1353  955  493  360  216  155  257  6736
1990   10    0  136 1996 2533 1442  882  735  651    0  318  953  9656
1991    7  765  575 1679 2535 2273 2310 1223    0 1016 1051  561 13995
1992  732 1541 2893 2856 3967 2892 1480 1333  129  189  295  128 18435
1993    0    0  901 3768 3480 2589  916 1624  855    0 1006   75 15214
1994  671    0  446  875 2315 1477  972  678  744  734  705  567 10184
   3572  500-10880    0                                 19741994   3572        0
1974  -10  -10  -10  -10  -10  767  698   56  360  288  212  205   -10
1975  259  798  615 1702 1935  780  293  235   89  590   85   60  7441
1976  234   44   51  505 3020 1772 2501 1559  962 1114 1193  731 13686
1977 1470 1546  887  972  654  831 1179  708  176  202  577    0  9202
1978  627  899  -10  -10  -10  -10  -10  -10  -10  -10  -10  -10   -10
1979    0  404  508 2743 1434  757  913  564  238  212  519  715  9007
1980  353  567    1 2158 2704 1412 1174  185    5  352  217  381  9509
1981    0  125 1175 1000 1544   47  593  801  309    0  233  732  6559
1982  494  401   41 2442 1621 1466 1956 1838 1645 1465 2315 3836 19520
1983 2500 1651 2021 3028 3888 3227 2826 2581  502  339    0  515 23078
1984  140  803  578 2248 1878  869 1026  100    0   62  320    0  8024
1985    0    0    0   61  459  827 1415  855 1022  408    0   66  5113
1986  351   41  729  215 1548  940 1583  702  560  199  304  442  7614
1987 1252 1063 2090 3637 3729 1308 1144 1158 2097 1840 1360  475 21153
1988  820    1  122 1774 1131  241  244   39  472  119  264  833  6060
1989  458  107  214  504 1228 1467 1091  511  404  333  136  480  6933
1990   14   14  111 1728 2479 1577 1033  749  635    0  202  805  9347
1991    0  600  334 1551 2740 2415 2310 1332    0 1027  888  285 13482
1992  571 1259 2590 2727 4294 3298 1459 1453  107  175  368   87 18388
1993    0    0  516 3389 3917 2494 1357 1448  957    0  885    0 14963
1994  455    0  307  601 2321 1479  888  705  721  800  667  364  9308
   3573  500-10500    0                                 19741994   3573        0
1974  -10  -10  -10  -10  -10 1249  855  102  515  432  203  136   -10
1975  130  560  703 1323 1933  927  535  268  239  669  171    0  7458
1976  241   41   23  252 2898 1728 2683 1671 1168 1066  958  783 13512
1977 1569 1505  349  627  431 1047 1233  680  169  296  583    0  8489
1978  448  813  -10  -10  -10  -10  -10  -10  -10  -10  -10  -10   -10
1979    0  397  241 2831 1568  672  951  437  414  217  441  770  8939
1980  345  532    0 1867 2955 1518 1247  397    0  492  196  321  9870
1981    0    0 1218  627 1559  301  703  769  385    0  241  669  6472
1982  471  495    0 2087 1585 1676 1987 1894 1434 1336 2225 3800 18990
1983 2130 1772 2091 2897 3775 3485 3238 2821  331  492    0  473 23505
1984  208  559  463 2065 1655 1170 1227  185  123  132  442    0  8229
1985    0    0    0   13  301 1030 1338  808 1025  578    0    0  5093
1986  183   42  317  155 1182 1003 1466  764  670  393  203  211  6589
1987 1314 1406 1760 3565 3498 1436  918 1238 2050 1746 1206  524 20661
1988  708    2   11 1335 1092  476  351    4  477  288  176  890  5810
1989  604  207  176  347 1153 1584 1201  473  443  497  167  706  7558
1990   45  111   98 1592 2538 1913 1289  766  662    0  122  611  9747
1991    0  521  291 1356 2795 2449 2401 1403  199 1115  747   94 13371
1992  477  989 2274 2591 4473 3798 1603 1457  154  220  524  101 18661
1993    5    0  347 2946 4284 2455 1857 1240 1103   35  785    0 15057
1994  300    0  277  567 2171 1503  851  721  658  854  793  249  8944
   3574  500-10130    0                                 19741994   3574        0
1974  -10  -10  -10  -10  -10 2027 1112  217  570  496   86    0   -10
1975   32  618  839 1353 1973 1127  486  319  360  748  178    0  8033
1976  328   50    5  295 2655 1860 2860 1771 1301 1080  743  765 13713
1977 1539 1601  123  597  417 1144 1290  515  184  350  524    0  8284
1978  392  791  -10  -10  -10  -10  -10  -10  -10  -10  -10  -10   -10
1979    0  426  167 2828 1847  587  950  380  524  193  231  673  8806
1980  325  354    0 1772 2902 1484 1279  669    0  452  129  301  9667
1981    0    0 1243  479 1536  618  838  820  377    0  212  553  6676
1982  383  660    0 1790 1517 1838 2136 1996 1246 1579 1975 3588 18708
1983 2037 1765 2484 2656 3612 3595 3417 3064  641  733    0  468 24472
1984  410  635  411 1958 1473 1424 1385  301  464  185  473    0  9119
1985    0    0    0    0  371 1154 1318  823  932  459    0    0  5057
1986    0   54  243  115  981  927 1388  808  666  596  208  189  6175
1987 1153 1759 1486 3369 3393 1582  962 1289 1868 1722  898  542 20023
1988  718   11   35 1129 1193  844  358    0  524  399   75  883  6169
1989  786  432  159  576 1194 1748 1171  426  402  618  176  843  8531
1990   89  241  176 1597 2675 2294 1429  801  697    0   97  468 10564
1991    0  618  536 1160 2680 2526 2394 1432  510 1194  691  107 13848
1992  421  798 2225 2637 4423 4275 2004 1259  275  339  684  110 19450
1993  122    0  572 2629 4462 2548 2219 1197 1225  197  734    0 15905
1994  232   67  335  858 1814 1376  820  696  597  873  997  237  8902
   3575  500 -9750    0                                 19741994   3575        0
1974  -10  -10  -10  -10  -10 2759 1380  351  645  527    0    0   -10
1975   37  845 1191 1603 2105 1363  453  527  523  816  132    0  9595
1976  473   70    0  354 2454 2128 3151 1970 1475 1076  604  726 14481
1977 1406 1612  136  786  527 1187 1315  424  295  412  477    0  8577
1978  452  775  -10  -10  -10  -10  -10  -10  -10  -10  -10  -10   -10
1979   11  558  225 2849 2134  640 1024  462  638  136  100  545  9322
1980  510  153    0 1800 2846 1457 1338  927  134  331  139  361  9996
1981    0    0 1299  574 1509  949 1005  929  351    0  193  456  7265
1982  275  760    0 1697 1654 2013 2407 2068 1357 1942 1725 3273 19171
1983 1953 1620 3011 2423 3484 3605 3478 3416 1326  974   59  534 25883
1984  591  876  435 1905 1365 1655 1583  440  780  195  426    0 10251
1985    0    0    0    0  491 1337 1386  900  867  202    0    0  5183
1986    0   81  439   85  990  805 1469  894  669  744  333  308  6817
1987 1025 2084 1451 3262 3418 1709 1183 1352 1777 1743  588  594 20186
1988  749   23  148 1123 1413 1207  318    0  594  469   45  853  6942
1989  900  608  166 1037 1379 1947 1159  493  402  706  197  901  9895
1990  135  514  548 1623 2808 2614 1535  845  834    0   99  424 11979
1991    0  747  806 1127 2665 2671 2437 1500  800 1173  747  214 14887
1992  368  673 2234 2814 4314 4613 2492 1126  418  487  820   76 20435
1993  259   45 1008 2410 4559 2696 2544 1373 1408  383  743    0 17428
1994  161  304  441 1284 1360 1235  820  734  541  880 1132  318  9210
   3576  500 -9380    0                                 19741994   3576        0
1974  -10  -10  -10  -10  -10 3158 1639  511  846  492    0    0   -10
1975  214 1265 1373 1951 2300 1607  699  874  761  789   54    0 11887
1976  688   98    0  414 2628 2534 3239 2266 1750 1008  591  693 15909
1977 1201 1435  393 1031  638 1338 1297  570  563  483  392   86  9427
1978  645  836  -10  -10  -10  -10  -10  -10  -10  -10  -10  -10   -10
1979   21  693  286 3087 2352  890 1308  821  817  109  126  406 10916
1980  851  176   22 1772 2906 1370 1413 1086  626  174  211  510 11117
1981    0   17 1388  953 1404 1190 1144 1101  431   17  162  417  8224
1982  277  777    0 1853 2106 2227 2589 2084 1918 2302 1440 2819 20392
1983 1855 1386 3459 2309 3575 3757 3234 3703 2366 1223  156  714 27737
1984  657 1140  640 1951 1335 1769 1685  548 1056  214  306    0 11301
1985    5    0    0  490  434 1523 1449 1044  939    0    0    0  5884
1986    0  118  745  189 1324  550 1608 1091  747  719  463  516  8070
1987 1079 2412 1824 3404 3594 1817 1612 1560 1848 1766  438  570 21924
1988  719  402  242 1270 1489 1215  354    0  720  466   59  822  7758
1989  830  542  194 1617 1793 2088 1288  763  650  779  234  860 11638
1990  197  847  875 1695 2809 2654 1634  970 1108    0  111  514 13414
1991    0  881  880 1277 2639 2722 2431 1739 1125  970  889  291 15844
1992  420  715 1962 2905 4259 4698 2823 1138  617  693  892   30 21152
1993  576  119 1424 2499 4652 2869 2657 1733 1578  603  831    0 19541
1994  178  576  606 1430 1042 1224  841  962  470  867 1142  425  9763
   3577  500 -9000    0                                 19741994   3577        0
1974  -10  -10  -10  -10  -10 3343 1901  783 1199  530    0    0   -10
1975  524 1630 1347 2155 2529 1843 1134 1324 1082  713   18  131 14430
1976  898  109    0  791 2889 2939 3070 2632 1994 1017  695  697 17731
1977  888 1079  581 1201  810 1493 1273  920  895  669  307  322 10438
1978  807  857  -10  -10  -10  -10  -10  -10  -10  -10  -10  -10   -10
1979    3  614  281 3302 2516 1262 1648 1338 1087  247  290  353 12941
1980 1281  233  183 1708 2961 1275 1483 1338 1141  120  303  650 12676
1981    0  165 1347 1436 1377 1429 1265 1328  675  430  196  461 10109
1982  338  759  213 1968 2642 2381 2607 2158 2671 2602 1228 2326 21893
1983 1660 1127 3631 2273 3749 3857 2956 3813 3313 1583  309  882 29153
1984  654 1401  719 1993 1414 1876 1738  781 1387  329  228    0 12520
1985  182    0    0  931  354 1725 1610 1303 1227    0    0    0  7332
1986    0  181  783  763 1807  415 1723 1453 1008  770  527  613 10043
1987 1127 2450 2213 3534 3630 2017 2132 1957 2050 1803  476  496 23885
1988  675  748  228 1489 1428 1054  523  324  950  476   86  863  8844
1989  641  323  200 2012 2048 2123 1478 1085 1150  866  304  800 13030
1990  359 1018 1008 1695 2797 2545 1782 1120 1434    0   89  705 14552
1991  352  909  870 1443 2694 2683 2458 2057 1554  882 1007  340 17249
1992  479  799 1392 2811 4241 4696 2988 1206  880  982  964   34 21472
1993 1064  137 1641 2572 4643 3081 2682 2139 1787  869  944   82 21641
1994  246  652  764 1411  933 1242  906 1376  555  845 1111  545 10586
   3578  500 -8630    0                                 19741994   3578        0
1974  -10  -10  -10  -10  -10 3296 1982 1172 1601  965    0  248   -10
1975  761 1383  849 1716 2616 1921 1639 1710 1463  759  255  384 15456
1976  855   22    0  781 2867 3028 2543 2777 2011 1277  971  863 17995
1977  421  514  375 1096  952 1606 1288 1425 1314 1045  442  604 11082
1978  668  654  -10  -10  -10  -10  -10  -10  -10  -10  -10  -10   -10
1979    0  228   70 3135 2584 1658 1893 1791 1439  738  747  461 14744
1980 1525  270    0 1490 2899 1361 1506 1673 1573  421  522  802 14042
1981    0  161 1115 1668 1562 1616 1348 1707 1012 1024  543  657 12413
1982  547  603  396 1933 2904 2382 2462 2253 3014 2719 1206 1855 22274
1983 1019  702 3179 2245 3638 3564 2664 3590 3563 1938  697 1137 27936
1984  746 1657  520 2069 1682 2123 1750 1141 1840  748  249   81 14606
1985  209    0    0  946  522 1791 1794 1683 1672  212  119  100  9048
1986   35  150  366 1115 2076  698 1723 1934 1452 1294  673  601 12117
1987  890 1707 2050 3270 3332 2158 2448 2399 2415 1978  766  522 23935
1988  528  693    0 1534 1351  946  858  955 1269  670  416 1229 10449
1989  561  121   62 1622 1962 2027 1604 1410 1783 1078  491  873 13594
1990  450  747  643 1539 2790 2310 1961 1312 1767  574   74 1012 15179
1991  506  524  706 1482 2708 2454 2513 2217 2007 1131 1199  405 17852
1992  385  806  643 2352 3994 4442 2832 1285 1191 1403 1166  192 20691
1993 1542  150 1395 2462 4343 3161 2562 2431 2062 1161 1193  391 22853
1994  366  212  667 1096 1089 1298 1085 1764  897  876 1226  634 11210
   3579  500 -8250    0                                 19741994   3579        0
1974  -10  -10  -10  -10  -10 3159 1952 1608 1968 1656  426  744   -10
1975  965 1157  239 1282 2654 1964 2113 2074 1922 1103  793  813 17079
1976  795    0    0  720 2707 2853 2032 2742 2021 1771 1429 1157 18227
1977  145  169  212  986 1184 1704 1414 1916 1844 1672  872 1054 13172
1978  509  543  -10  -10  -10  -10  -10  -10  -10  -10  -10  -10   -10
1979    0   94    0 2768 2686 1965 2108 2198 1843 1471 1434  727 17294
1980 1635  445    0 1341 2793 1701 1635 2079 2014 1038  900 1137 16718
1981    0  205 1000 1799 2067 1845 1469 2133 1451 1766 1208 1127 16070
1982  911  545  615 2004 3002 2393 2324 2369 3025 2726 1366 1733 23013
1983  460  368 2759 2336 3287 3060 2380 3237 3420 2323 1317 1552 26499
1984 1085 1992  411 2149 1986 2447 1790 1705 2365 1440  526  445 18341
1985  329    0    0  758 1014 1865 2038 2047 2189  957  562  492 12251
1986  316  311  175 1386 2220 1277 1785 2379 1968 2171 1072  743 15803
1987  661  903 1671 2826 2995 2271 2657 2706 2801 2318 1236  689 23734
1988  522  662    0 1650 1475 1188 1304 1591 1725 1140 1175 1788 14220
1989  702  258    0 1120 1926 2029 1707 1744 2339 1443  865 1156 15289
1990  547  581  309 1373 2803 2131 2133 1670 2164 1394  412 1521 17038
1991  569  303  651 1532 2687 2343 2585 2234 2441 1592 1610  682 19229
1992  347  890  225 1890 3625 4224 2634 1468 1608 1976 1599  608 21094
1993 2007  320 1222 2480 3932 3218 2464 2645 2328 1583 1628  960 24787
1994  586    0  700  925 1498 1478 1419 2096 1487 1116 1621  868 13794
   3580  500 -7880    0                                 19741994   3580        0
1974  -10  -10  -10  -10  -10 2293 1513 1522 1880 2045 1231  981   -10
1975  759 1114  580 1099 2468 1623 1992 1891 1864 1549 1390 1399 17728
1976  666   74    0  920 2198 2080 1469 2010 1748 2108 1722 1165 16160
1977  123  163  537 1139 1336 1439 1346 1748 1931 2036 1299 1304 14401
1978  370  577  -10  -10  -10  -10  -10  -10  -10  -10  -10  -10   -10
1979  171  367  391 2473 2585 1961 1743 2020 1844 2047 2147  918 18667
1980 1313  900   21 1298 2310 1867 1441 1872 1876 1578 1343 1305 17124
1981   59  481 1004 2025 2389 1691 1263 1956 1511 2083 1858 1513 17833
1982 1152  683  921 2449 2738 1969 1833 1889 2318 2387 1665 1833 21837
1983  145  259 2576 2590 2378 1999 1737 2293 2376 2215 1645 1686 21899
1984 1397 1948  495 2021 1982 2221 1526 1958 2340 1963 1077  843 19771
1985  536    0  341  766 1531 1582 1811 1867 2185 1644 1104  787 14154
1986  684  814  479 1626 2063 1626 1527 2046 1905 3013 1607  810 18200
1987  562  437 1238 2289 2493 1867 2162 2198 2565 2477 1434  814 20536
1988  515  748    5 1737 1650 1376 1398 1732 1895 1798 2193 1972 17019
1989  826  760  526 1025 1908 1746 1497 1638 2242 1596 1270 1311 16345
1990  696  715  546 1497 2389 1656 1803 1580 2037 2026 1023 2052 18020
1991  439  391  791 1702 2349 1944 2311 1637 2268 1685 2083  876 18476
1992  290  944  367 1615 2961 3703 2012 1375 1491 2228 2021 1072 20079
1993 2110  733 1545 2552 3310 2724 2102 2274 2071 1709 2037 1137 24304
1994  629  122 1284 1335 1665 1367 1461 1762 1658 1290 1790 1016 15379