1974 2820 2050 1820 3980 3260 3470 3170 3480 2650 5050 2360 3680 37790
1975 1320  820 1970 3190 2690 4480 3610 4150 4190 4650 3880 3540 38490
1976 2180 2390 3980 4930 3880 2400 4260 2120 4490 2270 3230  700 36830
1977  610  200  660 2700 4370 2130 2760 2830 2470 4470 3010 4800 31010
1978  910 1330  860 3210 3530 2720 4130 2250 2470 5220 5980 3640 36250
1979 1720  700 1810 2980 2010 3360 1690 3310 1660 3820 2880 1800 27740
1980 2060 2460 1280 1790 2880 1710 2150 3530 3260 2350 1360 2680 27510
1981  230 1100 4420 2590 2300 1380 4200 3110 1700 1850 3710 3680 30270
1982 3210 2470 3380 1190 2910 4310 3720 2980 4810 2080 4850  810 36720
1983  210  250  170  500  380 3670 3200 1540 2860 3420 2500 3240 21940
1984 4090 4270  330  980 1060 1370 2370 2340 1630 3750 3380 3800 29370
1985 2210 4210 1170 3910 2460 3730 3350 4260 2040 4590 3250 2870 38050
1986 2670  990 3750 3110 3790 4040 3070 5070 2670 1860 2380 4340 37740
1987 1590 2640 1240  540 2340 3750 5380 2120 2820 2870 3920 1900 31110
1988 3720  390 1720 1500 1740 2310 3640 2690 3520 4540 1830 3470 31070
1989 1970 2110 1210 2170 2840 1830 4430 2630 3700 4170 5040 2160 34260
1990 1780 1070 2630 2400 4210 1850 2310 3660 1920 1570 4030 2630 30060
1991 2510 3600 4120 5080 5200 4220 4170 2800 5010 2650 3900  880 44140
1992 1960   50   40   90 3610 2129 3314 3210 2655 2616 2550  890 23114
1993 1480 2003 3272 3590 2873 2363 3540 5487 4035 4609 2806 4414 40472
1994 2579  988 1380 3590 1812 1450 2958 1873 3608 5963 2840 4240 33281
   3744  750 17630    0                                 19741994   3744        0
1974  -10  -10  -10  -10  -10 3665 3897 3103 3010 4405 2814 3674   -10
1975  740  579 1536 2324 2323 3973 3464 3287 3596 3943 3048 2443 31256
1976 1190 1778 2947 3870 4162 3165 4183 2703 3820 2547 3300 1744 35409
1977 1513  717 1044 2417 3367 2356 3024 2817 2535 4088 3214 3629 30721
1978 2130 1324  -10  -10  -10  -10  -10  -10  -10  -10  -10  -10   -10
1979 2164 1000 2180 3087 2442 3151 1930 3420 2388 2802 3089 2200 29853
1980 1441 1605 2121 2514 3339 1879 2766 3195 3260 2876 1823 2365 29184
1981  268  380 3624 3012 2583 1539 3480 2652 2862 2633 3621 2783 29437
1982 2226 1188 2524 1814 3465 3454 3937 3148 3653 2555 3751  637 32352
1983    2    0  129  549 1258 3249 3395 2400 2644 3892 2628 2491 22637
1984 2426 2179  351  889  939 1653 2050 2526 2055 3562 3394 2579 24603
1985 1591 2325 1689 3366 2355 3535 2851 3458 2367 3435 3144 2217 32333
1986 1553  437 2856 2077 3154 4200 3347 3562 3071 2912 2729 4069 33967
1987 2038 2439 1391  984 3031 2840 4344 2204 2967 3139 3920 2669 31966
1988 2926 1049 1674 1555 2341 2458 3395 2271 3182 4052 1302 2464 28669
1989 1667 1259 1105 2397 3390 1940 3919 3100 3442 3931 3681 1676 31507
1990 2007 1034 2864 2802 3804 2556 2581 3248 2888 2357 3538 2940 32619
1991 1871 2740 3865 4642 4519 4289 3922 3474 4613 2243 3768 1292 41238
1992 1790  287  918  994 2228 1972 2832 2903 2221 2562 3253 2116 24076
1993 2610 2104 2991 2816 2083 2139 3878 4595 3273 3818 3237 3764 37308
1994 2123  559 1218 3034 2166 2872 2671 1938 2763 4263 2746 3881 30234
   3745 1000-18000    0                                 19741994   3745        0
1974  -10  -10  -10  -10  -10 2758 3211 2720 3059 3899 2764 2213   -10
1975  242  518  981 1076 1669 2855 2620 3084 3065 3680 1814 1266 22870
1976 1011  993 1584 2560 3026 2171 2900 2368 2473 1909 2687  981 24663
1977  675  248  590 1368 2118 1506 2599 2349 2447 3540 2493 2708 22641
1978 1670  712  -10  -10  -10  -10  -10  -10  -10  -10  -10  -10   -10
1979 1695  399   33 2134 1783 2401 1478 2787 2352 1613 2868 1201 20744
1980  836  335  771 2065 2342  900 2399 1740 3398 2642 1395  725 19548
1981    0    0 1953 2084 1652  762 2511 2795 2934 2792 3020 1261 21764
1982  845   91 1609 1492 3172 2526 3535 2960 2849 3020 2987  652 25738
1983    0    0  171  599  872 1602 2607 2089 2683 4245 2030  835 17733
1984 1134 1329  323  842  739  669 1143 2245 1893 3211 2617 2097 18242
1985  214  692 1353 2808 2100 2550 1997 2707 1804 3133 2327  469 22154
1986  232  247 1366  684 3494 4024 3137 3684 2995 3088 1606 2173 26730
1987  753 1407  213  172 2013 1134 2866 1551 3181 3190 3354 1936 21770
1988 1351    0  759  868 1804 1963 2883 1958 2989 3725 1806 1484 21590
1989 1864  791  572 2230 2676 1654 3531 2764 2514 3615 3061  250 25522
1990  553  787 1293 1828 2210 2353 2203 2491 3205 2509 3441 1881 24754
1991  132 1086 2228 3772 2967 3477 2991 3442 3714 2180 2999  831 29819
1992  734    0 1015  355  569  632 1872 2908 2311 2983 2655 1007 17041
1993 1855  998  802  874  906  682 2996 4030 2788 3218 3259 2477 24885
1994  511  116   49 1514 1613 3133 1783 1709 2334 4064 3121 2484 22431
   3746 1000-17630    0                                 19741994   3746        0
1974  -10  -10  -10  -10  -10 2593 3366 2566 3084 3632 2804 1949   -10
1975  353  583 1103 1237 1948 3078 2202 3121 2807 3355 1713 1063 22563
1976  966  743 1662 2772 2632 2264 2846 2370 2296 2279 2893 1378 25101
1977  746  464  716 1299 2243 1838 2597 2251 2591 3230 2806 2529 23310
1978 1782  764  -10  -10  -10  -10  -10  -10  -10  -10  -10  -10   -10
1979 1620 1159  286 2290 1905 2367 1277 2328 2459 1634 2528 1277 21130
1980  721  357  732 2028 2352  814 2376 1756 3104 2922 1895  831 19888
1981   89    0 1501 2365 1635  999 2535 2668 3038 2911 3383 1024 22148
1982  665   13 2013 1911 3036 2495 3356 3127 2537 3144 3225  614 26136
1983    0    0  177  696 1147 1395 2191 2482 2489 4378 2218  787 17960
1984  999 1140  293  910  808  581 1162 2176 2151 3229 2764 2459 18672
1985   88  553 2080 2839 2639 2632 1935 2509 1635 3539 2235  535 23219
1986  263  299 1549  560 3156 4052 3338 3529 3139 3040 1863 1561 26349
1987 1102 1398  520  515 2444 1090 2817 1734 3310 3230 3505 1998 23663
1988 1216    0  871  871 1801 1948 2885 2008 3039 3646 2451 1276 22012
1989 2003  712  689 2543 2915 1768 3511 2709 2198 3751 3301  249 26349
1990  362 1080 1051 2173 2122 2809 2256 2614 3156 2631 3127 1685 25066
1991  207  999 2405 3797 2558 3600 3136 3320 3599 2240 3407 1183 30451
1992  706    0 1968  580  510  793 1395 3077 2533 3530 2431 1079 18602
1993 2325 1018  358  773  670  288 2580 4098 2368 3060 3364 2621 23523
1994  650  189  298 1474 1499 3281 1466 1868 2412 3811 2890 2678 22516
   3747 1000-17250    0                                 19741994   3747        0
1974  -10  -10  -10  -10  -10 2275 3231 2437 3155 3438 2753 1509   -10
1975  442  661 1297 1506 2045 2927 1776 3099 2503 3186 1740 1013 22195
1976  964  524 1908 3093 2207 2184 2798 2327 2172 2691 3060 1623 25551
1977  804  643  762 1280 2425 2123 2516 2124 2666 2959 3053 2247 23602
1978 1688  701  -10  -10  -10  -10  -10  -10  -10  -10  -10  -10   -10
1979 1445 1958  498 2457 1907 2079 1065 1871 2405 1711 2281 1233 20910
1980  645  432  828 1921 2564  789 2281 1797 2844 3005 2427  930 20463
1981  211  142 1068 2553 1519 1297 2520 2494 2983 2877 3649  920 22233
1982  653    0 2306 2354 2828 2393 2964 3389 2411 3139 3527  540 26504
1983   10    0  188  847 1382 1217 1727 2641 2393 4343 2449  724 17921
1984  907 1036  276 1044  900  522 1228 1928 2296 3169 2883 2729 18918
1985  183  623 2562 2780 3096 2616 1794 2402 1552 3708 2108  600 24024
1986  305  379 1606  526 2904 3944 3572 3263 3245 2969 2208 1003 25924
1987 1497 1460  823 1023 2709 1145 2722 1896 3168 3224 3454 2089 25210
1988 1167  185 1003  885 1843 2033 2762 1920 3039 3592 3107 1136 22672
1989 1823  660  807 2699 3085 1764 3340 2535 2175 3945 3415  241 26489
1990  222 1267 1279 2254 2120 3167 2111 2648 3118 2769 2880 1535 25370
1991  287  987 2748 3709 2247 3544 3214 3122 3587 2366 3755 1651 31217
1992  835  140 2702  838  657 1107 1073 3239 2862 3971 2342 1215 20981
1993 2548  834   34  744  554   33 2012 4021 2057 3080 3403 2815 22135
1994  745  285  595 1412 1403 3186 1193 1997 2673 3619 2508 2740 22356
   3748 1000-16880    0                                 19741994   3748        0
1974  -10  -10  -10  -10  -10 2109 2959 2254 3279 3534 2573 1299   -10
1975  513  830 1622 1789 1679 2217 1435 2915 2378 3244 1820 1068 21510
1976  969  522 2287 3479 1978 2024 2734 2225 2106 2969 3254 1745 26292
1977 1132  821  747 1422 2537 2398 2338 2066 2713 2868 3177 1875 24094
1978 1558  645  -10  -10  -10  -10  -10  -10  -10  -10  -10  -10   -10
1979 1293 2610  702 2485 1891 1685 1069 1650 2352 1961 2295 1157 21150
1980  617  552 1303 1809 2860 1066 2210 1863 2783 2938 2706 1060 21767
1981  325  423  677 2635 1581 1367 2273 2221 2920 2791 3661  922 21796
1982  713   27 2501 2821 2724 2249 2514 3605 2563 3086 3652  585 27040
1983   65    0  211 1063 1570 1225 1511 2535 2556 4093 2589  634 18052
1984  860  995  284 1255 1037  655 1309 1641 2333 3113 3018 2808 19308
1985  264  819 2833 2540 3201 2682 1634 2428 1583 3367 2166  692 24209
1986  358  481 1558  653 2666 3790 3682 2966 3523 3121 2585  608 25991
1987 2016 1570 1112 1705 2836 1153 2657 1978 2931 3220 3215 2471 26864
1988 1301  447 1183 1031 1944 2099 2442 1724 2925 3535 3462 1006 23099
1989 1530  623  948 2594 3083 1649 3100 2365 2388 4017 3238  225 25760
1990  442 1314 2014 1974 2232 3078 1949 2549 3206 2928 2987 1330 26003
1991  290 1047 3281 3565 2172 3169 3147 2882 3514 2468 3957 2378 31870
1992 1109  517 2805 1238  946 1652 1085 3346 3186 4099 2524 1474 23981
1993 2571  620   35  889  533   58 1627 3761 1982 3252 3342 2985 21655
1994  776  412  895 1432 1627 2858 1118 2050 2879 3558 2213 2463 22281
   3749 1000-16500    0                                 19741994   3749        0
1974  -10  -10  -10  -10  -10 2052 2645 2078 3268 3653 2440 1327   -10
1975  592 1152 1988 2063 1203 1435 1237 2636 2338 3341 1898 1200 21083
1976  955  515 2641 3774 1909 1915 2567 2082 2076 2984 3497 1781 26696
1977 1609 1030  749 1667 2493 2622 2073 2071 2763 2942 3188 1478 24685
1978 1510  727  -10  -10  -10  -10  -10  -10  -10  -10  -10  -10   -10
1979 1199 3147  918 2433 1987 1378 1210 1631 2330 2384 2348 1034 21999
1980  654  708 2008 1735 3121 1478 2248 2000 2814 2830 2740 1287 23623
1981  445  725  334 2686 1817 1236 1900 1936 2908 2738 3592 1043 21360
1982  880  142 2670 3201 2766 2136 2160 3749 2768 3149 3550  768 27939
1983  431    0  250 1332 1705 1354 1515 2457 2703 3723 2602  560 18632
1984  873 1008  332 1538 1229  879 1326 1463 2349 3145 3155 2831 20128
1985  335 1117 3121 2261 3109 2741 1550 2588 1624 2855 2324  772 24397
1986  428  598 1621  864 2419 3557 3625 2786 4025 3393 2755  339 26410
1987 2546 1648 1380 2261 2850 1141 2654 2005 2918 3205 2900 2963 28471
1988 1519  674 1425 1291 2047 2037 2127 1639 2750 3448 3562  898 23417
1989 1372  594 1137 2458 2973 1534 2890 2134 2538 3890 2939  218 24677
1990  926 1486 2747 1690 2282 2665 1833 2463 3267 3073 3388  973 26793
1991  269 1060 3785 3299 2215 2572 2965 2667 3389 2516 3984 2895 31616
1992 1354  822 2716 1775 1232 2203 1386 3409 3322 4066 2820 1648 26753
1993 2578  550  224 1130  560  215 1505 3488 2081 3282 3339 3034 21986
1994  785  962 1177 1613 2020 2515 1119 2116 2938 3642 2048 2109 23044
   3750 1000-16130    0                                 19741994   3750        0
1974  -10  -10  -10  -10  -10 2060 2276 1977 3059 3599 2604 1486   -10
1975 1163 1448 2471 2293  949  879 1164 2129 2210 3328 2012 1482 21528
1976  943  869 2839 3768 1889 1854 2218 1931 2044 2682 3671 1740 26448
1977 1958 1216  885 1954 2210 2751 1875 1986 2799 3020 3058 1163 24875
1978 1492  888  -10  -10  -10  -10  -10  -10  -10  -10  -10  -10   -10
1979 1206 3456 1288 2348 2230 1257 1437 1884 2432 2765 2389  886 23578
1980  703  842 2820 1635 3314 1889 2286 2339 2784 2823 2687 1468 25590
1981  541  954  218 2829 2061  959 1553 1758 3067 2842 3553 1348 21683
1982 1211  285 2875 3177 2963 2086 2002 3961 2836 3432 3366 1071 29265
1983  990    0  294 1574 1734 1531 1623 2654 2623 3389 2565  511 19488
1984  907 1044  409 1799 1376 1120 1209 1530 2180 3327 3378 2789 21068
1985  373 1529 3411 2120 2981 2610 1669 2834 1846 2499 2480  897 25249
1986  489  682 1923 1257 2136 3194 3521 2624 4471 3655 2679  396 27027
1987 2871 1607 1577 2284 2629 1274 2624 2217 3090 3139 2760 3371 29443
1988 1802  837 1650 1659 2041 1925 2074 1830 2593 3465 3485  993 24354
1989 1518 1061 1315 2350 2840 1542 2770 1841 2830 3582 2629  222 24500
1990 1597 1742 3177 1617 2170 1906 1771 2563 3164 3208 3742  762 27419
1991  382 1005 3987 2958 2321 1959 2580 2656 3202 2637 3637 2392 29716
1992 1548  928 2742 2386 1465 2489 1922 3402 3167 3872 3167 1668 28756
1993 2490  599  603 1377  648  600 1571 3340 2284 3066 3484 2850 22912
1994  752 1511 1402 1897 2398 2422 1206 2305 2937 4008 2242 1783 24863
   3751 1000-15750    0                                 19741994   3751        0
1974  -10  -10  -10  -10  -10 2070 1848 1947 2890 3501 3013 1660   -10
1975 1906 1659 2670 2345  816  482 1226 1641 2093 3254 2208 1902 22202
1976  956 1558 2980 3508 1820 1578 1822 1807 2004 2376 3449 1548 25406
1977 1706 1256 1212 2150 1795 2548 2024 1868 2833 3189 2783  992 24356
1978 1387  713  -10  -10  -10  -10  -10  -10  -10  -10  -10  -10   -10
1979 1385 3721 1687 2168 2209 1246 1748 2305 2644 2980 2522  806 25421
1980  702  804 3577 1610 3316 2246 2306 2845 2852 3088 2667 1376 27389
1981  529  861  298 2972 2002  718 1393 1973 3419 3118 3664 1813 22760
1982 1542  459 3289 2778 3204 2232 2098 4418 2987 3768 3124 1490 31389
1983 1708    0  328 1585 1513 1635 1648 3032 2720 3231 2744  534 20678
1984  885 1050  520 1804 1226 1197 1147 1879 1982 3675 3786 2922 22073
1985  334 1996 3760 2289 3032 2516 1998 3107 2345 2510 2540 1212 27639
1986  481  615 2314 1758 1835 2808 3523 2513 4532 3973 2869  857 28078
1987 2645 1233 1654 1795 2300 1557 2480 2765 3303 2873 2850 3534 28989
1988 2068  834 1729 1956 1880 2031 2260 2172 2526 3538 3400 1331 25725
1989 1770 1709 1392 2398 2667 1732 2764 1837 3393 3523 2408  266 25859
1990 2235 1689 3222 1701 2169 1159 1801 2745 2994 3385 3967  924 27991
1991  797  933 3993 2793 2375 1529 2150 2830 3194 2902 3203 1521 28220
1992 1674  865 2873 2818 1646 2556 2354 3501 3007 3609 3628 1629 30160
1993 2260  523 1011 1485  718  982 1504 3366 2490 2946 3662 2640 23587
1994  720 1940 1572 2005 2586 2527 1452 2623 3147 4595 2741 1604 27512
   3752 1000-15380    0                                 19741994   3752        0
1974  -10  -10  -10  -10  -10 1917 1579 1850 2688 3656 3354 1980   -10
1975 2603 2028 2812 2351  901  323 1282 1471 1865 3044 2328 2221 23229
1976 1116 2209 2809 3219 1716 1357 1571 1788 1989 2221 3214 1492 24701
1977 1359 1208 1585 2121 1516 2362 2522 2026 2822 3201 2428 1140 24290
1978 1392  552  -10  -10  -10  -10  -10  -10  -10  -10  -10  -10   -10
1979 1655 3766 2002 2116 2064 1357 2126 2836 2722 2924 2606  847 27021
1980  659  724 4194 1674 3262 2326 2135 3100 2962 3372 2705 1150 28263
1981  474  734  662 3021 1714  649 1375 2605 3671 3458 3651 2343 24357
1982 1695  599 3740 2370 3533 2286 2382 4749 3022 3870 2715 2050 33011
1983 2130   32  352 1511 1429 1642 1613 3246 3235 3265 3064  831 22350
1984  878 1041  563 1715 1151 1233 1356 2357 1701 3787 3967 2989 22738
1985  252 2487 3950 2539 3194 2388 2468 3298 2929 2794 2423 1428 30150
1986  472  522 2218 2377 1706 2574 3643 2509 4042 4121 3386 1342 28912
1987 2352  894 1722 1292 1896 1739 2121 3130 3145 2572 3106 3538 27507
1988 2270  808 1849 2299 1836 2335 2452 2419 2455 3476 3457 1602 27258
1989 2050 2260 1437 2639 2529 1890 2782 2064 3866 3639 2072  306 27534
1990 2572 1647 3183 1757 2018  809 1803 2903 2935 3540 3811 1500 28478
1991 1498 1100 3912 3025 2323 1501 1946 3050 3312 2986 2959  951 28563
1992 1805  804 3003 2932 1914 2399 2387 3630 2833 3126 3944 1572 30349
1993 1983  443 1391 1573  784 1190 1252 3469 2557 3129 3582 2490 23843
1994  810 2302 1668 1964 2578 2565 1932 2929 3365 5010 3415 1642 30180
   3753 1000-15000    0                                 19741994   3753        0
1974  -10  -10  -10  -10  -10 1600 1429 1681 2394 3798 3414 2395   -10
1975 3143 2458 2778 2286  990  338 1324 1543 1584 2834 2346 2280 23904
1976 1655 2636 2416 3039 1577 1173 1425 1756 2185 2163 3159 1502 24686
1977 1057 1102 1834 1959 1397 2171 2948 2380 2711 3099 2211 1388 24257
1978 1425  436  -10  -10  -10  -10  -10  -10  -10  -10  -10  -10   -10
1979 1938 3578 2222 2065 1858 1513 2459 3271 2666 2761 2690  936 27957
1980  612  635 4619 1810 3070 2228 1807 3157 3092 3638 2841  935 28444
1981  401  701 1061 2851 1362  636 1430 3243 3797 3674 3589 2716 25461
1982 1747  608 3906 2044 3760 2227 2563 4750 2831 3662 2278 2418 32794
1983 2324  123  360 1425 1409 1463 1456 3214 3820 3255 3446 1132 23427
1984  927  986  548 1562 1561 1259 1723 2720 1522 3670 3863 2961 23302
1985  154 2901 3994 2700 3296 2233 2807 3454 3406 3201 2201 1512 31859
1986  446  440 1732 2907 1577 2474 3673 2544 3395 4216 4021 1642 29067
1987 2101  667 1670  938 1533 1761 1728 3185 2739 2374 3350 3318 25364
1988 2374  750 1832 2557 1982 2498 2435 2508 2320 3337 3632 1802 28027
1989 2309 2564 1399 2787 2418 1929 2722 2246 3944 3651 1672  310 27951
1990 2852 1547 3031 1627 1790  767 1715 2958 2940 3478 3580 1990 28275
1991 2101 1381 3707 3352 2128 1589 1988 3173 3479 2800 3153 1124 29975
1992 1876  794 2957 2776 2111 2170 2208 3702 2694 2568 4060 1508 29424
1993 1706  392 1701 1754  753 1219 1077 3585 2688 3427 3459 2466 24227
1994  977 2624 1645 1875 2578 2386 2381 3111 3413 5093 3912 1785 31780
   3754 1000-14630    0                                 19741994   3754        0
1974  -10  -10  -10  -10  -10 1050 1370 1544 1973 3592 3214 2780   -10
1975 3479 2827 2485 2142 1073  334 1329 1722 1319 2722 2326 2061 23819
1976 2313 2837 1893 3017 1490  993 1412 1777 2689 2123 3357 1496 25397
1977  809  971 1995 1796 1432 1859 3022 2834 2462 2936 2350 1634 24100
1978 1583  492  -10  -10  -10  -10  -10  -10  -10  -10  -10  -10   -10
1979 2189 3456 2400 1877 1723 1694 2657 3546 2633 2670 3023 1009 28877
1980  570  548 4891 2131 2673 2017 1550 3118 2996 3902 3231  818 28445
1981  320  862 1308 2525 1143  866 1576 3590 3740 3633 3597 2959 26119
1982 1823  580 3775 1907 3467 2069 2609 4635 2562 3366 2071 2445 31309
1983 2337  206  405 1259 1374 1095 1180 3121 4057 3114 3755 1505 23408
1984 1432 1303  501 1380 2103 1341 2080 2942 1571 3530 3587 2952 24722
1985   57 3137 3976 2664 3279 2013 2867 3582 3598 3551 2212 1564 32500
1986  400  371 1302 3253 1380 2559 3514 2726 2882 4242 4766 1745 29140
1987 1825  675 1572  685 1351 1634 1538 3108 2377 2335 3453 2876 23429
1988 2491  876 1779 2636 2295 2442 2209 2562 2122 3197 3820 1894 28323
1989 2530 2567 1294 2663 2321 1848 2709 2272 3390 3542 1540  484 27160
1990 3134 1367 2683 1532 1871  972 1589 3086 2926 3312 3399 2207 28078
1991 2297 1552 3202 3480 2124 1793 2285 3189 3745 2382 3905 1961 31915
1992 1972  824 2890 2378 2032 1984 2364 3647 2734 2279 4002 1502 28608
1993 1442  435 1972 2144  705 1205 1229 3773 3021 3727 3523 2569 25745
1994 1269 2804 1643 1956 2861 2050 2686 3179 3263 4819 4184 2022 32736
   3755 1000-14250    0                                 19741994   3755        0
1974  -10  -10  -10  -10  -10  612 1322 1430 1642 3081 2950 2974   -10
1975 3648 3032 2145 2014 1184  355 1288 1813 1111 2618 2261 1779 23248
1976 2900 2917 1381 3029 1463  863 1504 1790 3107 2056 3495 1523 26028
1977  601 1326 2143 1625 1542 1542 2932 3192 2202 2753 2687 1789 24334
1978 1781  697  -10  -10  -10  -10  -10  -10  -10  -10  -10  -10   -10
1979 2407 3365 2543 1550 1539 1742 2744 3706 2707 2602 3387  985 29277
1980  532  466 4936 2444 2233 1707 1384 3000 2774 3997 3636  746 27855
1981  234  986 1381 2212 1032 1211 1710 3670 3637 3526 3603 3111 26313
1982 1937  512 3376 1881 2832 1937 2595 4566 2439 3335 2031 2361 29802
1983 2287  307  369 1036 1318  744  862 2978 3923 2982 3829 1983 22618
1984 1879 1772  442 1194 2593 1432 2302 3024 1750 3519 3459 2943 26309
1985    0 3224 3822 2600 3137 1772 2818 3628 3613 3709 2508 1627 32458
1986  342  312 1154 3442 1183 2748 3193 2966 2578 4154 5365 1764 29201
1987 1521  806 1568  569 1200 1496 1555 3122 2079 2343 3472 2512 22243
1988 2659 1656 1759 2550 2640 2337 2028 2701 1928 3157 3851 1912 29178
1989 2708 2516 1156 2341 2167 1591 2779 2169 2672 3374 1656  774 25903
1990 3381 1117 2298 1587 2079 1142 1610 3151 2825 3120 3284 2350 27944
1991 2309 1532 2480 3413 2377 1925 2528 3182 4017 2085 4628 2518 32994
1992 2015  879 2858 1947 1802 1787 2839 3612 2863 2286 3868 1536 28292
1993 1133  544 2193 2543  729 1208 1484 3980 3339 3948 3574 2575 27250
1994 1666 2866 1725 2078 3235 1679 2922 3216 3073 4515 4250 2194 33419
   3756 1000-13880    0                                 19741994   3756        0
1974  -10  -10  -10  -10  -10  581 1378 1493 1698 2536 2760 2804   -10
1975 3485 2890 1809 1994 1301  676 1328 1841  966 2323 2082 1602 22297
1976 3107 2727  952 3007 1591  751 1745 1745 3085 2071 3433 1766 25980
1977  419 2049 2239 1447 1795 1436 2976 3417 2029 2700 3124 1868 25499
1978 1973 1015  -10  -10  -10  -10  -10  -10  -10  -10  -10  -10   -10
1979 2570 3001 2492 1238 1142 1702 2707 3674 2880 2505 3640  873 28424
1980  494  391 4622 2698 1931 1287 1500 2752 2641 3879 3946  750 26891
1981  145  993 1354 2062 1073 1571 1890 3590 3464 3530 3566 3231 26469
1982 2063  430 2642 2020 2286 1916 2638 4546 2645 3652 2162 2411 29411
1983 2349  393  317  872 1222  633  630 2892 3194 2894 3702 2570 21668
1984 2238 2106  377 1019 2749 1393 2336 2963 2087 3576 3647 2945 27436
1985    0 3141 3388 2549 3024 1673 2775 3506 3400 3637 2981 1791 31865
1986  820  259  999 3423 1194 2854 2846 3338 2534 3947 5529 1870 29613
1987 1494  992 1788  473 1057 1457 2034 3291 1954 2419 3587 2506 23052
1988 2841 2380 1754 2344 2969 2126 2081 2802 1812 3018 3593 1886 29606
1989 2793 2579 1009 1987 2003 1272 2975 2097 2085 3251 2029  942 25022
1990 3410  896 1872 1913 2286 1293 1901 2962 2763 2864 3486 2599 28245
1991 2267 1469 1828 3290 2825 1832 2756 3072 4189 2188 5048 2624 33388
1992 1916  890 2904 1537 1707 1613 3287 3596 2973 2473 3725 1606 28227
1993  789  710 2416 2864  923 1214 1700 4055 3495 3905 3329 2352 27752
1994 2263 2728 1854 2196 3397 1571 3140 3265 2969 4268 4046 2401 34098
   3757 1000-13500    0                                 19741994   3757        0
1974  -10  -10  -10  -10  -10  550 1549 1740 1922 2253 2646 2493   -10
1975 3087 2533 1517 2052 1364  999 1414 1892  909 2012 1878 1482 21139
1976 3038 2295  600 2877 1826  654 2038 1646 2876 2157 3271 2175 25453
1977  373 2654 2259 1298 2125 1513 3172 3604 1960 2681 3534 1866 27039
1978 2014 1343  -10  -10  -10  -10  -10  -10  -10  -10  -10  -10   -10
1979 2606 2392 2246 1085  702 1741 2631 3583 2898 2477 3733  800 26894
1980  455  319 4187 2918 1725  849 1864 2413 2754 3689 4179  785 26137
1981   63  973 1296 2106 1157 1713 2040 3481 3312 3472 3502 3423 26538
1982 2181  343 1731 2143 2013 1804 2738 4442 2766 3906 2326 2602 28995
1983 2507  410  291  723 1094  553  437 2891 2153 2810 3538 3066 20473
1984 2566 2330  310 1039 2710 1304 2273 2939 2311 3528 3860 2890 28060
1985   36 2993 2747 2459 3005 1601 2869 3294 3220 3574 3140 1964 30902
1986 1446  212  851 3241 1448 2733 2589 3721 2636 3735 5363 2023 29998
1987 1829 1097 1960  383  988 1470 2623 3487 1882 2533 3769 2620 24641
1988 2876 2855 1790 2155 3296 1864 2187 2781 1792 2736 3344 1932 29608
1989 2780 2670  864 1626 1882 1058 3131 2133 1785 3118 2408  962 24417
1990 3291  791 1423 2270 2353 1388 2328 2668 2889 2463 3696 2817 28377
1991 2207 1458 1382 3198 2982 1617 3003 2927 4206 2430 5144 2434 32988
1992 1699  883 2862 1143 1789 1446 3435 3499 2922 2640 3571 1738 27627
1993  507  797 2605 3152 1162 1158 1785 3917 3542 3746 2987 2025 27383
1994 2925 2487 1963 2368 3281 1670 3315 3316 2890 4004 3769 2710 34698
   3758 1000-13130    0                                 19741994   3758        0
1974  -10  -10  -10  -10  -10  520 1884 2279 1989 2315 2624 2205   -10
1975 2671 2125 1277 2209 1323 1386 1598 1939 1170 1951 1827 1374 20850
1976 2795 1596  399 2532 2150  569 2395 1574 2853 2198 3190 2598 24849
1977  748 2831 2183 1250 2520 1672 3363 3619 2037 2652 3808 1797 28480
1978 1775 1542  -10  -10  -10  -10  -10  -10  -10  -10  -10  -10   -10
1979 2429 1704 1984 1190  657 1915 2589 3537 2496 2649 3716  916 25782
1980  416  252 3738 2930 1635  622 2420 2105 2830 3634 4210  942 25734
1981  551 1026 1252 2285 1184 1497 2061 3447 3306 3055 3558 3762 26984
1982 2308  260  851 2104 2024 1655 2852 4274 2509 3941 2575 2868 28221
1983 2714  305  261  680 1036  463  265 3101 1237 2534 3450 3343 19389
1984 2706 2549  240 1396 2555 1245 2257 3099 2126 3329 3886 2773 28161
1985  354 2705 1982 2285 3017 1577 3114 3118 3206 3575 2528 2270 29731
1986 2055  170  715 2770 2107 2398 2455 3791 2776 3598 4888 2124 29847
1987 2596  981 1891  300 1118 1592 2911 3635 1978 2646 3953 2748 26349
1988 2619 2753 1916 2112 3482 1698 2238 2614 1843 2366 3207 2081 28929
1989 2492 2543  728 1334 2034 1162 3332 2423 1806 2792 2588  988 24222
1990 2988  725 1102 2475 2407 1378 2735 2485 3127 1909 3933 2859 28123
1991 2123 1533 1318 3151 2709 1482 3052 2853 4021 2648 4811 2243 31944
1992 1427  869 2628  859 1991 1412 3299 3178 2705 2623 3512 2005 26508
1993  471  732 2584 3292 1357 1086 1880 3620 3465 3505 2844 1945 26781
1994 3333 2194 1999 2726 3099 1989 3342 3346 2843 3638 3537 3194 35240
   3759 1000-12750    0                                 19741994   3759        0
1974  -10  -10  -10  -10  -10  494 2271 2923 1838 2462 2596 2003   -10
1975 2411 1826 1056 2304 1287 1737 1739 1935 1598 1984 1880 1338 21095
1976 2601  871  303 2173 2442  495 2773 1600 2926 2157 3178 2817 24336
1977 1252 2759 2085 1265 2862 1768 3494 3531 2199 2615 3927 1701 29458
1978 1459 1571  -10  -10  -10  -10  -10  -10  -10  -10  -10  -10   -10
1979 2154 1212 1936 1452  968 2065 2591 3505 1886 2874 3611 1174 25428
1980  389  188 3191 2790 1591  516 2899 1811 2662 3646 3942 1220 24845
1981  989 1162 1234 2440 1195 1204 2035 3482 3308 2480 3608 4080 27217
1982 2386  181  469 1987 1978 1624 2961 4186 2244 3847 2840 3092 27795
1983 2804  137  230  803 1091  363  196 3290  796 2158 3420 3441 18729
1984 2680 2781  468 1869 2424 1327 2334 3356 1686 3072 3707 2620 28324
1985  654 2310 1191 2143 2957 1675 3322 2959 3279 3591 1685 2601 28367
1986 2416  304  594 2106 2861 2111 2484 3710 2903 3407 4481 2147 29524
1987 3255  698 1694  506 1328 1654 2767 3746 2255 2670 4044 2860 27477
1988 2214 2309 2081 2205 3472 1760 2269 2419 1804 2097 3123 2234 27987
1989 2020 2178  603 1152 2290 1496 3629 2837 1918 2367 2643 1153 24286
1990 2574  626  882 2528 2434 1326 3043 2545 3318 1514 4060 2857 27707
1991 1997 1578 1288 3049 2627 1528 2897 2861 3755 2676 4285 2043 30584
1992 1191  785 2328  708 2079 1576 3280 2844 2484 2427 3553 2347 25602
1993  582  585 2281 3290 1420 1160 2129 3403 3285 3235 2895 2087 26352
1994 3349 1923 2057 3054 3043 2449 3272 3358 2859 3260 3365 3659 35648
   3760 1000-12380    0                                 19741994   3760        0
1974  -10  -10  -10  -10  -10  473 2668 3399 1550 2625 2523 1887   -10
1975 2426 1679  835 2408 1414 1943 1790 1939 1883 1904 1939 1486 21646
1976 2478  323  215 1963 2631  669 3132 1800 2954 2274 3201 2661 24301
1977 1737 2548 1957 1391 3119 1846 3577 3350 2387 2630 3831 1528 29901
1978 1319 1441  -10  -10  -10  -10  -10  -10  -10  -10  -10  -10   -10
1979 1683  890 1975 1819 1575 2082 2746 3440 1379 2814 3288 1524 25215
1980  370  127 2413 2601 1694  651 3192 1599 2582 3529 3426 1635 23819
1981 1264 1315 1237 2411 1478 1265 2253 3635 3110 2063 3514 4128 27673
1982 2282  110  338 1906 1954 1899 3174 4265 2451 3605 2852 3306 28142
1983 2665    0  199  849 1274  254  546 3298 1230 1893 3380 3353 18941
1984 2518 2931  974 2426 2428 1730 2466 3521 1362 2779 3306 2376 28817
1985  927 1864  482 2148 2808 2156 3463 2909 3438 3603 1384 2680 27862
1986 2193  272  486 1355 3501 2040 2956 3559 3047 2993 4276 2237 28915
1987 3369  367 1380  809 1619 1648 2495 3837 2714 2618 3993 2949 27798
1988 1896 1606 2059 2404 3580 2055 2288 2266 1627 2050 3141 2413 27385
1989 1467 1709  490 1112 2559 2012 3992 3043 2288 2067 2522 1412 24673
1990 2165  473  723 2394 2300 1489 3381 2847 3352 1349 3988 2934 27395
1991 1794 1579 1071 2773 3064 1806 2769 2982 3447 2525 3780 1768 29358
1992 1033  635 2128  731 2106 2212 3602 2932 2427 2033 3566 2837 26242
1993  836  301 1768 3243 1431 1772 2554 3484 2993 2929 3023 2304 26638
1994 2906 1696 2150 3164 3283 2983 3287 3326 2989 3059 3256 3811 35910
   3761 1000-12000    0                                 19741994   3761        0
1974  -10  -10  -10  -10  -10  748 2939 3595 1394 2742 2523 1839   -10
1975 2420 1525  604 2483 1824 2061 1867 1987 1888 1753 1924 1780 22116
1976 2356   65  138 1772 2777 1032 3339 2100 2935 2511 3195 2305 24525
1977 1979 2306 1723 1599 3381 2041 3634 3174 2516 2734 3669 1228 29984
1978 1311 1326  -10  -10  -10  -10  -10  -10  -10  -10  -10  -10   -10
1979 1110  492 1807 2119 2248 2077 3041 3442 1084 2428 2827 1788 24463
1980  333  402 1588 2497 1996 1074 3438 1449 2748 3372 3035 1941 23873
1981 1472 1411 1213 2311 2021 1459 2624 3868 2820 1873 3296 3976 28344
1982 2131   50  229 1875 2149 2233 3437 4359 3073 3135 2573 3458 28702
1983 2362    0  169  858 1459  384 1143 3249 1924 1828 3299 3269 19944
1984 2272 2977 1421 2976 2536 2266 2595 3492 1347 2470 2873 2026 29251
1985 1116 1451   25 2156 2683 2771 3666 2956 3649 3448 1488 2501 27910
1986 1597   77  391  743 3957 2021 3667 3559 3203 2494 4035 2321 28065
1987 3093  162 1004 1149 1981 1684 2616 3837 3152 2581 3892 2923 28074
1988 1620  978 1859 2548 3940 2303 2419 2131 1487 2103 3173 2628 27189
1989  996 1410  392 1118 2643 2527 4298 3188 2792 1972 2285 1557 25178
1990 1793  317  506 2222 2060 1936 3690 3207 3356 1228 3738 3055 27108
1991 1479 1603  670 2405 3548 2236 2859 3143 3044 2397 3378 1542 28304
1992  928  448 1932  803 2246 3033 4072 3381 2563 1654 3454 3288 27802
1993  988    0 1252 3126 1490 2684 2786 3819 2866 2675 2973 2373 27032
1994 2312 1407 2125 3059 3590 3448 3419 3372 3310 2984 3135 3506 35667
   3762 1000-11630    0                                 19741994   3762        0
1974  -10  -10  -10  -10  -10 1290 2948 3376 1618 2742 2693 1925   -10
1975 2176 1222  424 2431 2585 2206 2227 2245 1707 1744 1905 1933 22805
1976 2080   30   76 1415 2771 1609 3379 2472 3153 2808 3186 1875 24854
1977 1740 1863 1209 1769 3531 2434 3623 3096 2623 2895 3420  860 29063
1978 1231 1233  -10  -10  -10  -10  -10  -10  -10  -10  -10  -10   -10
1979  422  104 1198 2130 2885 2296 3362 3637 1156 1777 2327 1860 23154
1980  335  846  864 2574 2585 1930 3744 1517 2982 3175 2947 1793 25292
1981 1516 1318 1152 2085 2781 1484 2969 3849 2585 1921 2905 3707 28272
1982 1910    2  144 1727 2689 2580 3704 4272 3931 2335 2006 3427 28727
1983 1884    0  141  929 1476  698 1889 3316 2557 2008 3027 3159 21084
1984 1859 2644 1511 3367 2837 2921 2863 3354 1613 2273 2507 1600 29349
1985 1005 1109    0 2024 2575 3167 3996 3220 3826 3142 1572 2020 27656
1986  780   59  310  348 4148 2040 4255 3759 3425 2024 3511 2105 26764
1987 2511  277  599 1486 2404 1839 3267 3629 3519 2509 3651 2730 28421
1988 1351  473 1351 2592 4405 2642 2739 2095 1570 2123 3177 2871 27389
1989  783 1257  309 1030 2470 2990 4362 3445 3210 1973 1972 1578 25379
1990 1367  150  284 2066 1936 2764 3937 3442 3456 1169 3161 2879 26611
1991  866 1498  125 1888 3578 2945 3223 3382 2603 2440 3213 1344 27105
1992  873  280 1618 1056 2631 3700 4568 4040 2949 1557 3099 3284 29655
1993  878    0  818 2945 1626 3661 2723 4231 3162 2663 2558 2031 27296
1994 1652  792 1677 2723 3853 3625 3550 3577 3664 3002 2849 2476 33440
   3763 1000-11250    0                                 19741994   3763        0
1974  -10  -10  -10  -10  -10 1942 2813 3130 2087 2623 2798 1967   -10
1975 1783  774  415 2145 3197 2369 2891 2592 1675 1835 1931 1730 23337
1976 1654   12   33  915 2692 2305 3399 2794 3681 2994 3161 1553 25193
1977 1296 1277  508 1704 3363 2912 3591 3136 2730 2992 3135  583 27227
1978  895 1042  -10  -10  -10  -10  -10  -10  -10  -10  -10  -10   -10
1979    0   49  459 1892 3362 2673 3548 3936 1418 1157 1805 1805 22104
1980  361 1145  231 2600 3308 2797 3995 1789 2974 3055 2824 1362 26441
1981 1397 1057 1003 1664 3426 1395 3118 3680 2536 2090 2410 3384 27160
1982 1599    0   83 1405 3342 2876 3906 4034 4529 1503 1472 3241 27990
1983 1358    0  116 1000 1424 1159 2564 3491 2995 2245 2710 3013 22075
1984 1335 1935 1311 3401 3081 3529 3232 3240 1961 2187 2218 1127 28557
1985  645  767    0 1682 2484 3303 4288 3585 3889 2894 1430 1444 26411
1986   46   47  243  148 4096 2088 4521 3967 3637 1766 2822 1501 24882
1987 1883  506  245 1712 2696 2025 3998 3367 3807 2349 3354 2529 28471
1988 1004    0  730 2495 4518 3088 3161 2137 1867 2115 3056 2955 27126
1989  654 1007  242  822 2240 3416 4256 3706 3368 1940 1649 1636 24936
1990  794    0  108 1901 2000 3617 4168 3572 3573 1263 2448 2305 25749
1991  123 1166   27 1306 3270 3801 3538 3603 2332 2620 3169 1065 26020
1992  763  158 1205 1435 3133 4157 4974 4473 3337 1573 2710 2806 30724
1993  647    0  351 2719 1877 4427 2720 4492 3552 2799 1893 1430 26907
1994  956   10  975 2232 3972 3659 3613 3738 3902 3047 2504 1233 29841
   3764 1000-10880    0                                 19741994   3764        0
1974  -10  -10  -10  -10  -10 3037 2678 3100 2595 2378 2413 1548   -10
1975 1195  182  426 1354 3175 2546 3597 2809 1893 1825 1892  942 21836
1976 1003    9   10  374 2472 2887 3447 2909 4062 3074 2986 1340 24573
1977  737  699   19 1218 2621 3335 3607 3230 2685 2864 2706  476 24197
1978  314  497  -10  -10  -10  -10  -10  -10  -10  -10  -10  -10   -10
1979    0   21   45 1678 3441 3019 3574 4051 1978  840 1231 1566 21444
1980  407  865    0 2397 3851 3385 4153 2276 2672 2898 2343  741 25988
1981  834  500  660  918 3729 1504 3099 3551 2734 2421 1742 2823 24515
1982 1123    0   42  948 3760 2934 4119 3714 4530 1036 1076 2878 26160
1983  816    0   97 1013 1620 1711 3182 3766 3289 2581 2362 2820 23257
1984  786  816  792 2695 3172 3989 3486 3268 2454 2169 1936  589 26152
1985   69  224    0 1084 2517 3332 4252 3784 3772 2883 1115  899 23931
1986    0   41  188   88 3640 2380 4398 4046 3689 1792 2139  666 23067
1987 1287  598    0 1629 2554 2204 4475 3129 4053 2086 2716 2135 26866
1988  581    0  108 2053 3982 3658 3498 2363 2373 2172 2609 2554 25951
1989  342  464  194  426 2240 3863 4005 3667 3388 1954 1304 1706 23553
1990   51    0   90 1594 2249 4221 4326 3512 3536 1700 1716 1243 24238
1991    0  505    0  704 2868 4533 3726 3788 2501 2910 2940  596 25071
1992  572  151  650 1785 3591 4483 5109 4353 3478 1736 2449 1914 30271
1993  326    0   94 2373 2340 4716 3069 4489 3866 2989 1184  614 26060
1994  229    0  140 1511 3814 3743 3608 3836 3893 3077 2164  220 26235
   3765 1000-10500    0                                 19741994   3765        0
1974  -10  -10  -10  -10  -10 4309 2597 3127 2975 2071 1604  782   -10
1975  542  190  451  454 2855 2735 3866 2786 2120 1743 1707    0 19449
1976  327   16    3  159 2141 3179 3450 2833 4060 3183 2578 1007 22936
1977  211  249   18  588 1752 3575 3484 3211 2575 2502 2149  368 20682
1978  110    0  -10  -10  -10  -10  -10  -10  -10  -10  -10  -10   -10
1979    0   19   99 1502 3353 3193 3470 3933 2620  807  613 1137 20746
1980  454  282    0 1935 4006 3723 4187 2847 2401 2718 1642  135 24330
1981   32    0  207  145 3742 1909 3182 3526 2885 2696 1080 2055 21459
1982  519    0   14  523 3773 2800 4266 3356 4141  927  728 2418 23465
1983  403   79   88  928 1984 2249 3618 4047 3579 2906 2131 2544 24556
1984  256    0  195 1671 3234 4396 3558 3339 3089 2071 1507   53 23369
1985    0    0    0  307 2520 3437 4049 3838 3568 2892  880  464 21955
1986    0   40  145   66 3043 2769 4128 3921 3595 1899 1624    0 21230
1987  706  450    0 1366 2102 2450 4621 2890 4140 1837 1845 1495 23902
1988  157    0    0 1333 3302 4172 3662 2724 2791 2191 1994 1788 24114
1989    0    0  162  224 2367 4215 3707 3346 3456 2056  936 1694 22163
1990    2    0   91 1166 2454 4614 4410 3452 3439 2219  993  241 23081
1991    0  342    0  144 2355 4922 3835 3818 2965 3195 2516   40 24132
1992  322  172  428 1890 3791 4836 5076 3932 3520 2013 2315 1059 29354
1993    0    0   80 1874 2816 4628 3467 4359 4041 3025  645    0 24935
1994    0    0   37  805 3454 3754 3550 3791 3708 3060 1858    0 24017
   3766 1000-10130    0                                 19741994   3766        0
1974  -10  -10  -10  -10  -10 5251 2469 2854 2938 1807  658    0   -10
1975    0  242  482  166 2529 2929 3312 2559 2223 1541 1355    0 17338
1976   40   25    2  191 1592 3166 3221 2611 3632 3119 1982  427 20008
1977    0    7   21  152 1332 3515 3017 2823 2418 2027 1514  111 16937
1978  156    0  -10  -10  -10  -10  -10  -10  -10  -10  -10  -10   -10
1979    0   30  192 1307 3227 3155 3198 3544 3157 1087   29  598 19524
1980  460   42    0 1215 3643 3706 3946 3203 2314 2367  920    0 21816
1981    0    0    0    0 3536 2451 3269 3639 2735 2636  685 1166 20117
1982    0    0    0  304 3281 2708 4078 2972 3578 1218  518 1795 20452
1983  448  175   98  709 2212 2648 3736 4050 3946 3206 1990 2031 25249
1984   57    0    0  748 3342 4524 3426 3240 3441 1757  867    0 21402
1985    0    0    0    0 2413 3437 3791 3556 3159 2665  754  187 19962
1986    0   42  114   72 2540 2970 3686 3468 3302 1971 1312    0 19477
1987  269  244    0 1017 1697 2669 4290 2545 3802 1799  951  654 19937
1988   23   18    0  485 2852 4436 3517 2991 2969 2035 1301  853 21480
1989   10   48  148  229 2398 4294 3338 2865 3427 2174  655 1465 21051
1990   89  129  108  661 2431 4531 4138 3389 3317 2325  455    0 21573
1991    0  430    0    0 1910 4793 3692 3556 3262 3402 1930    0 22975
1992    0  219  539 1528 3411 5193 4907 3333 3439 2232 2243  342 27386
1993   70    0   82 1124 3126 4108 3575 4231 4019 2790  401    0 23526
1994    0    0   52  249 2843 3321 3166 3412 3270 2759 1633    0 20705
   3767 1000 -9750    0                                 19741994   3767        0
1974  -10  -10  -10  -10  -10 5422 2365 2403 2774 1640    0    0   -10
1975    0  282  511  177 2250 2889 2518 2398 2244 1414 1010    0 15693
1976   63   33    5  232 1013 3109 2933 2527 3359 2803 1439    0 17516
1977    0    0   24  223 1260 3451 2374 2360 2328 1622 1015    0 14657
1978  191    0  -10  -10  -10  -10  -10  -10  -10  -10  -10  -10   -10
1979   38   39  352 1199 2997 3076 2899 3022 3482 1354    0   84 18542
1980  394   93    0  542 3120 3484 3508 3322 2307 1942  418    0 19130
1981    0    0    0    0 3249 2980 3234 3607 2442 2456  438  435 18841
1982   43    0    0  250 2804 2789 3671 2535 3237 1541  380 1110 18360
1983  521  299  136  480 2108 2966 3711 3868 4403 3258 1876 1348 24974
1984  131    0    0   96 3362 4465 3376 3032 3387 1375  207    0 19431
1985    0    0    0    4 2223 3346 3505 3157 2617 2249  661   43 17805
1986    0   47   95   96 2247 2806 3179 2911 2976 1947 1053    0 17357
1987  370  342    0  778 1586 2629 3680 2165 3216 1911  212   11 16900
1988   34   26    0    0 2551 4478 3147 3020 3030 1737  736  148 18907
1989   80  155  153  257 2241 4061 2890 2466 3302 2239  491 1205 19540
1990  171  300  140  293 2219 4148 3659 3110 3057 1949  133   68 19247
1991    0  505    0    0 1643 4335 3311 3201 3220 3309 1426    0 20950
1992    0  278  635  994 2727 5419 4729 2833 3249 2261 2060    0 25185
1993  243    0   95  521 3253 3537 3465 4113 3809 2466  270    0 21772
1994   17    0   76    0 2120 2606 2475 2901 2673 2273 1388    0 16529
   3768 1000 -9380    0                                 19741994   3768        0
1974  -10  -10  -10  -10  -10 4636 2508 2206 2783 1645    0    0   -10
1975    0  295  522  181 2109 2640 2189 2444 2473 1676  810    0 15339
1976   79   38   12  290  900 3165 2826 2726 3729 2412 1034    0 17211
1977   70    0   24  369 1428 3621 1861 2164 2308 1287  837    0 13969
1978  209    0  -10  -10  -10  -10  -10  -10  -10  -10  -10  -10   -10
1979   22   39  652 1455 2551 3186 2777 2647 3354 1563    0   40 18286
1980  318  144    0  162 2721 3125 3058 2993 2459 1704  328    0 17012
1981    0    0    0   62 2890 3175 2893 3351 2319 2454  354    3 17501
1982  104    0    0  432 2946 3052 3119 2160 3513 1901  334  485 18046
1983  550  461  417  288 1831 3416 3407 3524 4605 3099 1663  750 24011
1984   63    0    0    0 3215 4225 3403 2804 3413 1187    0    0 18310
1985    0    0   10   72 2066 3291 3184 2877 2319 1604  565   18 16006
1986    0   54   85  142 2210 2246 2788 2401 2467 1828  746    0 14967
1987  490  389    0  881 1814 2468 3298 1891 2737 2026    0    0 15994
1988   59   23    0    0 2198 4109 2604 2987 3245 1516  438    0 17179
1989  195  329  200  310 2061 3522 2479 2282 3262 2345  594  801 18380
1990  208  449  173  311 1967 3717 3266 2843 2831 1367  287  168 17587
1991   18  531    0   37 1643 3586 2857 2931 3060 2779 1089   24 18555
1992    0  299  539  489 2153 5439 4583 2757 3069 2167 1722    0 23217
1993  417   40  118  449 3386 3207 3126 3979 3450 2188  254    0 20614
1994   23   35  126    2 1613 2123 1821 2521 2142 1950 1238   33 13627
   3769 1000 -9000    0                                 19741994   3769        0
1974  -10  -10  -10  -10  -10 4217 2789 2674 3301 1829    0   36   -10
1975    0  247  432  168 2034 2429 2307 2939 2827 2296  714    0 16393
1976   79   35    9  284 1126 3445 2902 3140 4427 2142  746    0 18335
1977   99    0   17  493 1536 3806 1779 2540 2332 1394  913    0 14909
1978  194    3  -10  -10  -10  -10  -10  -10  -10  -10  -10  -10   -10
1979    8   32 1094 2057 2168 3313 2877 2794 3304 1829  132   65 19673
1980  266  126    0  124 2570 2797 2846 3055 2949 1598  579    0 16910
1981    0    0    0   90 2614 3156 2911 3378 2655 2829  507    0 18140
1982  188    0    0  692 3291 3358 2738 2065 3918 2344  271  367 19232
1983  461  674  778  219 1639 3877 2932 3244 4750 2891 1531  485 23481
1984   14    0    0  170 3102 3907 3530 2958 3781 1298    0    0 18760
1985    0   25   32   75 2007 3273 3260 3083 2433 1128  506    0 15822
1986    3   43   59  155 2190 1859 2694 2419 2295 1832  444    0 13993
1987  610  348    0 1211 2027 2503 3164 1940 2668 2120    0   23 16614
1988   82    5   17  129 1792 3579 2427 3616 3691 1693  365  121 17517
1989  259  413  283  319 2077 3056 2347 2441 3541 2450  899  442 18527
1990  189  475  151  416 1867 3476 3128 2949 2891 1120  603  219 17484
1991   56  469    0  416 1798 3026 2769 3116 3232 2240  879   84 18085
1992    0  276  386  219 1913 5249 4464 3129 3028 2305 1417    0 22386
1993  585   62  132  707 3639 3146 2966 4117 3384 2099  368    0 21205
1994   20   53  171  320 1406 2149 1560 2765 2073 1894 1226   81 13718
   3770 1000 -8630    0                                 19741994   3770        0
1974  -10  -10  -10  -10  -10 4025 2786 2904 3620 2649    0  246   -10
1975    0  182  281  194 2078 2247 2682 3408 3580 2386 1416   61 18515
1976  119   42    0  318 1664 3494 2386 2894 3947 2507  965   10 18346
1977   98    0    0  292 1769 3372 1370 2845 2706 2318 1180    0 15950
1978  207   27  -10  -10  -10  -10  -10  -10  -10  -10  -10  -10   -10
1979   21   65  556 2474 2108 3248 2981 3172 3261 2587 1030   13 21516
1980  243  198    0  164 2899 2845 2688 3237 3808 2062 1452  316 19912
1981    0    0    0  572 2742 3318 2597 3340 2971 3211 1282  310 20343
1982   82    0    0  933 3451 3358 2683 2330 4128 2838  327  238 20368
1983  381  336  969  130 1764 3605 2508 3146 4709 3194 1946  818 23506
1984   17  220    0  407 2858 3830 2953 3114 3915 1962   32    0 19308
1985    0    6   38  167 2027 3107 3029 3213 3054 1661  885   88 17275
1986   50   22    0    0 2533 2453 2731 2807 2852 2500  501    0 16449
1987  424  304    0 1283 2445 2925 3509 2662 3153 2829  275   80 19889
1988   86    0    6  295 1942 3084 2607 3670 4159 2466  933  811 20059
1989   49  263  278   89 2172 2864 2297 2510 3828 2282 1532  383 18547
1990  110  286    0  421 2161 3393 3033 3089 3285 1701 1073  558 19110
1991   39  314    0  728 2312 2669 2704 3235 3705 2277 1204    0 19187
1992    0  180  161  331 2158 4646 3976 3331 3247 2900 1455    0 22385
1993  681   19   17 1022 3974 3285 2794 4025 3630 2360  820    0 22627
1994    0    0   83  608 1733 2545 1982 2699 2935 2062 1798    0 16445