1974 3010 1080 2540 2560 2480 3630 3660 3130 2410 4850 4790 3380 37520
1975 4950  300  790 2730 2310 2710 2130 3020 2860 3220 1720 2780 29520
1976 1870  810 2230 1720 3180 3380 2900 4140 3410  660 2260 2530 29090
1977 1000  550  610  230 2630 1900 4370 3550 4760 1460 2410 2960 26430
1978 1070 1330  520 1370 1240 3270 2200 4700 4870 4600 2820 2280 30270
1979  990  800 1790 1010 2240 5350 3670 4970 2440 3090 1860 3400 31610
1980  590 1170 1630 1960 2680 3430 4530 2420 3230 3410 1830 3690 30570
1981 3280 2030  730  280 1280 2740 4710 3460 4830 3610 2570 2800 32320
1982 1850 3200 1910  670 2660 8130 3310 3620 3540 2370 1260 1780 34300
1983  320   70  700  350  910 1770 4100 4210 3200 2130 3440 1370 22570
1984 1350 2440  990  560  450 3140 2440 3890 1630 4390 3060 1380 25720
1985 3670  830 1700 2240 1730 4740 2930 3930 4400 2620 1470 3640 33900
1986 1910 2690 2770 1760 2440 3320 3900 2860 3130 1940 3570 1490 31780
1987 1510 1250  500 1220 1010 2800 3840 7080  710 1700 1640  700 23960
1988  930  920  710 1000 1840 2660 3500 1360 3710 5620 2290 2270 26810
1989 2560 3110 1820 1180 2710 3440 3440 4510 2980 3420 1810 2210 33190
1990 1580  590  810 1480 3180 5830 3120 5780 3700 1920 2400  560 30950
1991 2150  330  460  910 1250 3410 4360 3440 3920 4420 1720  950 27320
1992 1070  380  750  330  380  -10  -10  -10  -10  -10  700 1570   -10
1993 1610  -10  -10 1480  -10  -10 3980  -10  -10  -10  -10  -10   -10
1994  -10  -10  -10 2900  -10 3710  -10  -10  -10  -10  600 2480   -10
   3831 1000 14250    0                                 19741994   3831        0
1974  -10  -10  -10  -10  -10 3156 3678 3954 2475 4725 4090 2437   -10
1975 3301  155 1072 1922 1983 2498 2298 3764 2849 3100 2708 1762 27412
1976 1443 1030 1483 2260 3372 2809 2781 4006 3587 1153 2204 1798 27926
1977  605  378  509   97 2331 1565 3608 3137 4656 2531 1841 1737 22995
1978  412 1044  -10  -10  -10  -10  -10  -10  -10  -10  -10  -10   -10
1979  513  287 1455 1535 1847 4812 3219 4426 2890 4018 1928 2605 29535
1980  685 2016  921 1548 3485 3266 4157 2743 4110 3684 1255 2858 30728
1981 2578 1515  465  157 1088 3533 3877 3737 4090 3463 2426 2637 29566
1982 1199 1999 1438  712 2811 5683 3543 3210 3547 2853 1050 1367 29412
1983  242    0  395  393  512 1778 3728 3925 2962 2651 3252 1700 21538
1984 1733 1355 1116  373  307 3215 1639 4781 1620 4280 2614 1076 24109
1985 3195  651  906 2289 2287 4370 3339 4123 4088 2306  971 2952 31477
1986 1348 2650 2455 2967 1892 2810 3929 3661 3177 2089 2856 1514 31348
1987  927  491  477 1025  690 2901 4147 5723 1539 2789 2295  797 23801
1988  325 1001  459  425 2185 2935 3626 2447 3515 5137 1877 2205 26137
1989 1912 1336  991 2072 2202 3160 4266 4541 2701 3585 1671 1936 30373
1990 1126  351 1062  790 2476 5209 2881 5918 3644 1995 2993  460 28905
1991 1397  768 1000 1311 1523 3408 4216 3966 4876 4244 1972  566 29247
1992  819  189  325  174  203 2283 3282 5011 2670 3102 1794 1387 21239
1993 1479  453 1885 1509  749 1626 3130 5227 4226 2998 2082 2740 28104
1994 1134 1451  789 2200 3564 3065 4942 2499 5664 1674  619 2434 30035
   3832 1000 14630    0                                 19741994   3832        0
1974  -10  -10  -10  -10  -10 3224 3573 4247 2483 4620 3554 1787   -10
1975 2153  179 1148 1427 2245 2176 2256 3754 2784 2852 3602 1435 26011
1976 1357 1190 1276 2252 4187 2528 2659 4007 3836 1576 2401 1355 28624
1977  574  104  577  429 2231 1324 2886 2676 4549 3199 2060 1056 21665
1978  362  688  -10  -10  -10  -10  -10  -10  -10  -10  -10  -10   -10
1979  362  176 1247 1807 1936 4278 2937 4607 3014 4412 2175 2297 29248
1980  935 2253  758 1132 4096 3174 4125 2607 4097 3765 1086 2609 30637
1981 2206 1225  348  212 1212 3515 3238 3813 3785 3309 2211 2853 27927
1982  896 1577 1553  715 2709 4555 3622 3092 3578 2809  859 1040 27005
1983  273    0  290  428  408 1412 3668 3846 2657 2850 2998 1793 20623
1984 1555  919 1053  390  535 2548 1254 4524 1566 4244 2609 1118 22315
1985 2853  573  577 2133 2416 3788 3467 3967 3849 1926  661 2585 28795
1986 1442 2421 2526 3274 1944 2485 3965 3514 3239 1921 2347 1793 30871
1987  850   99  539 1349  656 2740 4171 4920 1430 2540 2615  968 22877
1988   33  980  298  170 2135 2609 3272 2717 3462 4660 1606 1839 23781
1989 1439  555  545 2887 2029 3076 4568 4559 2607 3866 1635 2310 30076
1990 1093  299 1208  952 2176 4469 2665 5793 3779 2261 2985  645 28325
1991  977 1128 1623 1951 2033 3629 3820 3811 5308 4068 2211  322 30881
1992  757  153  158  157  280 1945 3179 4751 2680 3504 1905  790 20259
1993 1477  201 2039 1718 1105 1496 2705 5463 4507 3273 2001 2773 28758
1994 1007 1682  585 2060 3504 2429 4391 2188 5461 2447  710 2427 28891
   3833 1000 15000    0                                 19741994   3833        0
1974  -10  -10  -10  -10  -10 3403 3451 4263 2664 4609 3199 1325   -10
1975 1172  182 1068  990 2714 2036 2227 3485 2766 2785 4181 1588 25194
1976 1343 1343 1203 2229 5008 2463 2519 4082 4212 2063 2812 1149 30426
1977  678    0  750  955 2225 1210 2310 2508 4327 3750 2562  620 21895
1978  656  400  -10  -10  -10  -10  -10  -10  -10  -10  -10  -10   -10
1979  591  196 1053 2230 2100 3868 2601 5108 3005 4704 2742 2199 30397
1980 1312 2054  850  898 4542 2861 4047 2566 3837 3757 1057 2652 30433
1981 2022  961  318  798 1527 3220 2690 3829 3507 3195 2135 3111 27313
1982  713 1454 1749  752 2718 3799 3767 3203 3538 2591  728  910 25922
1983  435   27  287  499  463 1124 3840 3664 2262 2953 2636 1770 19960
1984 1346  812 1002  471  937 1868 1015 4008 1535 4279 2874 1183 21330
1985 2783  558  308 2128 2504 3224 3485 3767 3598 1677  693 2240 26965
1986 1660 2212 2708 3044 2481 2278 4032 3231 3257 1758 2044 2160 30865
1987  955    0  751 2001  729 2640 4132 4309 1367 1955 2825 1132 22796
1988    0  926  147   82 2148 2298 2830 2621 3404 4310 1445 1563 21774
1989 1103  208  341 3528 2047 2984 4752 4446 2564 4159 1663 2790 30585
1990 1220  370 1447 1492 2092 3664 2615 5559 4045 2630 3034  876 29044
1991  941 1385 2320 2678 2738 3691 3367 3451 5624 3658 2533  285 32671
1992  829  254  160  246  452 1744 2976 4246 2841 3753 1870  332 19703
1993 1515  215 2318 2102 1463 1502 2493 5564 4631 3504 2173 2845 30325
1994 1059 1849  471 2013 3513 1912 3855 2113 5219 3109  744 2420 28277
   3834 1000 15380    0                                 19741994   3834        0
1974  -10  -10  -10  -10  -10 3548 3379 4113 2988 4560 3225 1246   -10
1975  451   80 1143  810 3118 2355 2267 3191 2695 3066 3985 2198 25359
1976 1295 1465 1269 2707 5400 2697 2510 4237 4584 2550 3505 1194 33413
1977  824    0 1092 1491 2476 1265 2047 2740 3840 4218 2976  440 23409
1978 1224  244  -10  -10  -10  -10  -10  -10  -10  -10  -10  -10   -10
1979  994  166  957 2877 2256 3754 2420 5487 2881 4859 3552 2247 32450
1980 1602 1738  983 1024 5027 2595 3767 2770 3676 3630 1148 2766 30726
1981 2113  735  558 1491 1834 2769 2339 3686 3274 3077 2278 3177 27331
1982  715 1344 1718  947 2980 3196 4020 3377 3671 2352  845 1034 26199
1983  684  119  349  603  601 1200 4248 3247 1982 3105 2369 1917 20424
1984 1421 1068  937  753 1419 1606  980 3528 1542 4249 3319 1221 22043
1985 2851  558    0 2618 2731 2786 3407 3519 3382 1680 1165 2009 26706
1986 1754 2007 2807 2380 3266 2024 4113 3124 3272 1679 1998 2467 30891
1987 1221    0 1213 2538  642 2720 3947 3823 1842 1564 3138 1353 24001
1988    0  869   14  304 2376 2349 2603 2402 3359 4242 1552 1633 21703
1989 1058  249  443 3885 2332 2813 4807 4116 2531 4403 1735 3076 31448
1990 1581  558 1926 1980 2383 3034 2537 5269 4314 2887 3282 1158 30909
1991 1244 1357 3348 3367 3527 3537 2885 3226 6047 3055 3059  412 35064
1992 1052  467  286  415  564 1657 2736 3791 3164 3574 2255  399 20360
1993 1517  441 2950 2439 1782 1676 2575 5587 4567 3620 2550 2938 32642
1994 1121 1793  446 1953 3576 1685 3461 2366 4946 3465  726 2632 28170
   3835 1000 15750    0                                 19741994   3835        0
1974  -10  -10  -10  -10  -10 3831 3903 4580 2729 4068 3601 1558   -10
1975  412   56 1489 1631 3060 2815 2907 2646 2599 4026 3514 4047 29202
1976  773 1590 2649 3069 4708 3357 2610 5333 5127 2654 4317 1665 37852
1977  703    0 1486 1958 3632 1810 2501 3067 3150 4664 3317  583 26871
1978 2446  617  -10  -10  -10  -10  -10  -10  -10  -10  -10  -10   -10
1979 1363  218 1176 3184 2514 3733 2994 4973 2399 4095 3761 3192 33602
1980 1568 2381  866 1886 6731 3093 3288 2940 4284 2891 1540 1842 33310
1981 1557 1263  965 1488 3106 2591 2619 3676 3372 2906 2819 2830 29192
1982 1216 1898 1596 1712 3651 3384 4989 4081 5071 2415 1706 1896 33615
1983  407  216  294  517  461 1658 4403 2886 2050 3451 2913 1911 21167
1984 2118 1373 1026  837 1110 2113 1357 2783 1932 3984 3503 1663 23799
1985 2455  724    0 3324 3076 2821 3398 3534 2835 2104 2112 2181 28564
1986 1270 1267 2655 1972 4882 2373 4497 3628 3820 1919 2237 2358 32878
1987 1765  186 2630 2396  802 3831 4360 3576 2725 1788 3674 1637 29370
1988  424  767  429 1289 2694 2862 2481 2376 3677 4321 2046 2082 25448
1989 1689  761  803 3829 3019 2957 4827 4262 2868 5260 1779 3931 35985
1990 1684  980 2294 2393 3408 3135 2306 4465 5443 3458 3533 2178 35277
1991  919 1090 5214 3743 4069 3116 3162 3846 7534 3346 4310  756 41105
1992 1607  449  318  465  641 1881 2937 3624 3844 3367 3249  886 23268
1993 1435  803 3728 2236 2187 2145 3146 5649 4695 3724 3179 3281 36208
1994 1241 1754  646 2112 3779 1593 3411 2799 5036 3894  819 3762 30846
   3836 1000 16130    0                                 19741994   3836        0
1974  -10  -10  -10  -10  -10 3007 3264 4334 3012 3691 3159 1552   -10
1975  260    0 1026 1175 2554 2719 2836 2433 2414 4142 2847 3136 25542
1976  464 1229 2000 2886 3693 2941 2519 4279 4276 2229 3358 1289 31163
1977  663    0 1265 1763 3061 1446 2340 2496 2599 4439 2999  779 23850
1978 2517  854  -10  -10  -10  -10  -10  -10  -10  -10  -10  -10   -10
1979 1474  158  975 2684 1788 2559 2700 4261 2146 3503 3311 2717 28276
1980 1215 1620  659 2051 6187 2570 2886 2510 4372 2611 1640 1138 29459
1981  820  796 1418 1447 2179 1948 2353 3327 3049 2452 2693 2017 24499
1982  896 1176  942 1647 3241 3246 4739 4033 4832 2437 2013 1431 30633
1983  142  120  173  441  301 1351 3935 2393 2128 3226 2824 1345 18379
1984 1516 1126  730  709  730 1540  836 2061 1497 3491 2958 1174 18368
1985 1580  347    0 2925 3098 2505 2883 3097 2530 2177 1977 1422 24541
1986  952  814 1991 1305 4404 2514 4106 3850 3907 2144 2421 2940 31348
1987 1190  290 1861 1509  540 3431 3564 3150 2862 1802 3571 1381 25151
1988  530  586  268  948 2074 2614 2649 1912 3661 4318 1599 1812 22971
1989 1318  480  413 2955 2938 2576 4069 3529 3104 4329 1909 2839 30459
1990 1724  652 2385 1871 3405 3037 2213 3586 5024 3225 3582 2271 32975
1991  675  839 4529 3461 3344 2904 2824 3821 6478 3316 4368  524 37083
1992 1148  270   40  180  492 1350 2679 3154 3880 2944 3758  826 20721
1993  630  585 3405 1383 1695 1830 2729 5036 4285 3353 3289 2738 30958
1994  994 1115  240 2266 3035 1481 2942 2592 4600 3786  944 3465 27460
   3837 1000 16500    0                                 19741994   3837        0
1974  -10  -10  -10  -10  -10 2309 2386 4291 3175 3457 2762 1421   -10
1975    0    0  389  917 2107 2308 2757 2423 2364 4327 2605 2067 22264
1976  469 1110 1445 2697 2952 2373 2383 3308 3568 1921 2347  651 25224
1977  525    0  883 1594 2548 1091 2389 2061 2200 4296 2619 1084 21290
1978 2264  938  -10  -10  -10  -10  -10  -10  -10  -10  -10  -10   -10
1979 1569  122  613 2217 1039 1571 2406 3857 1937 3025 2968 1931 23255
1980 1015  979  370 2080 5707 2069 2689 2184 4165 2407 1722  493 25880
1981  157  214 1754 1217 1134 1445 2300 2961 2797 2211 2623 1313 20126
1982  506  490  266 1418 2837 2985 4285 3786 4500 2422 2265 1030 26790
1983   12   86  120  379  193 1072 3404 2121 2381 2999 2889  799 16455
1984  824  823  504  646  454  903  523 1558 1237 2934 2508  773 13687
1985  633  152    0 2537 2852 2072 2228 2854 2259 2299 1901  781 20568
1986  716  421 1349  843 3761 2805 3694 3871 3905 2330 2459 3490 29644
1987  615  252  920  803  319 2908 2957 2648 2770 1928 3320 1171 20611
1988  674  269   65  605 1479 2195 2769 1503 3584 4263 1200 1593 20199
1989 1035  349  132 2266 2564 2124 3299 2852 3426 3348 1896 1658 24949
1990 1670  417 2403 1340 3148 2859 2134 2765 4599 2907 3650 2424 30316
1991  303  770 3501 3224 2552 2609 2647 3643 5445 3101 4197  398 32390
1992  773  163    0    0  452  881 2569 2802 3636 2591 3868  875 18610
1993   39  267 2586  611 1164 1523 2279 4374 3803 3087 3278 2105 25116
1994  808  450    0 2381 2102 1406 2665 2276 4149 3562 1273 3176 24248
   3838 1000 16880    0                                 19741994   3838        0
1974  -10  -10  -10  -10  -10 1983 1540 4233 3054 3449 2676 1332   -10
1975    0    0   94  886 1746 1961 2796 2601 2604 4496 2775 1233 21192
1976  814 1211 1233 2521 2603 1830 2292 2540 3195 1724 1708    0 21671
1977  206    0  418 1327 2300  986 2547 1920 2111 4192 2273 1669 19949
1978 1857  800  -10  -10  -10  -10  -10  -10  -10  -10  -10  -10   -10
1979 1465    0    0 1911  553 1200 2127 3715 1763 2573 3145 1166 19618
1980  994  504   31 1906 5186 1523 2588 2148 3982 2254 1561   76 22753
1981    0    0 1877  839  472  961 2435 2646 2641 2278 2792 1052 17993
1982  297  163    0  964 2567 2736 3841 3460 4148 2392 2609  799 23976
1983    4  118  136  322  113  866 2885 1970 2762 2887 2986  415 15464
1984  304  771  376  653  278  447  514 1414 1303 2551 2296  870 11777
1985   44  314    0 2369 2263 1670 1669 2927 1958 2495 1840  363 17912
1986  421  128  826  802 3339 3274 3261 3618 3561 2625 2276 3960 28091
1987  143  323    0  225  570 2318 2781 2226 2561 2250 2879  960 17236
1988  883    0    0  500 1031 1885 2724 1466 3344 4044 1160 1560 18597
1989  959  525    0 1950 1910 1634 2743 2422 3793 2730 1854  795 21315
1990 1313  444 2303  874 2599 2566 2013 2024 3975 2577 3695 2515 26898
1991    0 1042 2459 3174 2316 2270 2698 3219 4814 2655 3639  362 28648
1992  700   97    0    0  475  661 2718 2592 3142 2281 3505 1009 17180
1993    0   21 1526  301  849 1324 2040 3826 3331 3087 3019 1766 21090
1994  609    0    0 2274 1234 1404 2461 1907 3720 3427 1845 2892 21773
   3839 1000 17250    0                                 19741994   3839        0
1974  -10  -10  -10  -10  -10 2366 1918 3656 3007 4081 2337 1885   -10
1975    0  321  811 1336 1693 2157 3035 3116 3107 4709 2628 1738 24651
1976 1337 1271 1909 2979 2967 1593 2861 2280 3197 1550 2205    0 24149
1977  327    0  216 1628 2542 1033 2464 2183 2190 4279 2307 2898 22067
1978  893  599  -10  -10  -10  -10  -10  -10  -10  -10  -10  -10   -10
1979 1576    0   36 1901 1009 1854 1740 3279 1562 2343 2870  821 18991
1980 1123  809  374 1768 3415 1102 2150 2023 3708 1978 1113  470 20033
1981    0    0 2610 1267 1048  836 2843 3050 2234 2162 2722 1738 20510
1982 1124  563  894  721 2831 2818 3512 3118 4178 2519 3289  706 26273
1983    0  112  170  466   39 1665 2670 1465 2668 3289 2192  956 15692
1984 1450 1933  359  802  575  529 1057 1612 1373 2976 2407 1661 16734
1985  421 1224    0 2659 1947 2139 1907 3360 1937 3103 2017  674 21388
1986  762  210 1265 1260 3820 3579 3059 4316 3114 2415 1517 3417 28734
1987  226 1214    0    0 1035 2062 3076 1531 2579 2710 3132 1231 18796
1988 1702    0  468  709 1398 1925 2842 1653 3243 4160 1315 1886 21301
1989 1257 1008  307 1610 2068 1528 3297 2391 3512 3371 2959  559 23867
1990  937  511 2093 1152 2684 2097 1875 2338 3227 2209 4108 2293 25524
1991  375 1597 2499 3496 3210 2765 2980 3191 4478 2524 3148  347 30610
1992  948    0    0    0 1274  698 2698 2859 2657 2395 2844  717 17090
1993  376  451 1531 1155 1264 1384 2761 4221 3723 3700 2964 2284 25814
1994  648   21    0 1926 1195 1842 2448 1806 3233 4690 2494 2745 23048
   3840 1000 17630    0                                 19741994   3840        0
1974  -10  -10  -10  -10  -10 2638 2605 3107 3048 4052 2539 2128   -10
1975  120  452  908 1143 1543 2431 2932 3082 3141 4219 2168 1505 23644
1976 1145 1122 1756 2722 3139 1903 2945 2341 2790 1677 2458  451 24449
1977  582    0  408 1511 2260 1212 2563 2295 2275 3932 2347 2829 22214
1978 1245  597  -10  -10  -10  -10  -10  -10  -10  -10  -10  -10   -10
1979 1631    0    7 2018 1472 2167 1625 3092 1946 1848 2978 1013 19797
1980  987  482  727 1966 2768  977 2288 1805 3558 2257 1162  631 19608
1981    0    0 2362 1699 1454  756 2646 2944 2608 2516 2779 1560 21324
1982 1043  251 1205 1069 3111 2597 3502 3024 3468 2779 3062  669 25780
1983    0    0  171  535  475 1704 2698 1684 2696 3803 2044  930 16740
1984 1321 1630  353  818  675  670 1148 1977 1654 3127 2517 1795 17685
1985  374  936  535 2711 1868 2361 1937 3060 1947 2956 2198  533 21416
1986  296  223 1239  957 3741 3828 3049 3893 3000 2844 1476 2863 27409
1987  480 1406   13   40 1519 1498 2904 1476 2832 3033 3216 1663 20080
1988 1563    0  636  824 1724 1995 2816 1800 3047 3930 1415 1644 21394
1989 1415  905  450 1864 2406 1546 3404 2608 3042 3526 2960  366 24492
1990  769  562 1773 1440 2454 2150 2009 2364 3208 2380 3816 2133 25058
1991  251 1336 2338 3609 3237 3160 2956 3358 4095 2269 2911  581 30101
1992  867    0  206   65  910  642 2363 2846 2351 2569 2803  954 16576
1993 1140  733 1227 1044 1165 1101 3085 4037 3310 3499 3115 2401 25857
1994  499   67   18 1605 1485 2629 2149 1688 2658 4425 2888 2477 22588
   3841 1250-18000    0                                 19741994   3841        0
1974  -10  -10  -10  -10  -10 1472 2059 2148 2457 2807 1434  938   -10
1975  346  451  839  843  919 1254 1469 2282 2351 2684  806 1289 15533
1976 1052  666  940 1530 2026  949 1649 1809 1246  884 1746  361 14858
1977    0  309  333  788 1077  712 1691 1595 1738 2800 1428 1922 14393
1978  878  148  -10  -10  -10  -10  -10  -10  -10  -10  -10  -10   -10
1979  620    0   66 1411  893 1223  735 2330  996  956 2921  517 12668
1980  826  348    0 1264 1325   58 1539  530 2987 1673  502  807 11859
1981   79    0  886  941 1015  257 1262 2761 2009 2310 1654 1077 14251
1982  604  178  497  812 2047 1313 2782 2393 2375 2544 1783  843 18171
1983   91    0  227  575  615  564 1643 1143 2007 3034 1004  901 11804
1984 1057 1176  355  772  722  124  621 1532 1575 2447 1470 1727 13578
1985  109  641  106 2196 1347 1189 1235 2285 1092 2601 1205  549 14555
1986  307  264  741  408 3547 2814 2524 4290 2528 1869  417  770 20479
1987  229  349   38    0  789  307 1347  851 2718 2386 2051  891 11956
1988  734    0  683  353 1085  941 1689  948 1952 2580 1604 1531 14100
1989 1326  761  579 1598 1365 1172 2676 1772 1804 2646 2725  510 18934
1990    4  601  113  538 1233 1722 1875 1878 2722 2274 3130 1446 17536
1991  125  290  823 2356 1781 2433 1633 3482 2561 1852 1722  464 19522
1992    0    0  457    0  228    0 1009 2055 2518 2821 1216  295 10599
1993  622    0    0    0  462    0 1790 3115 2436 2528 2006 1403 14362
1994   72  211  115  506  846 1967 1258 1390 1858 3669 2479  852 15223
   3842 1250-17630    0                                 19741994   3842        0
1974  -10  -10  -10  -10  -10 1266 2096 1899 2147 2479 1476  959   -10
1975  452  517  942  773 1221 1911 1084 2426 2236 2531  681 1095 15869
1976 1064  615 1063 1778 1723 1055 1423 1562 1033 1309 1853  551 15029
1977  243  474  394  799 1375  777 1546 1343 1839 2360 1873 1598 14621
1978  914  135  -10  -10  -10  -10  -10  -10  -10  -10  -10  -10   -10
1979  611  419  273 1701 1204 1278  472 1721 1021  983 2608  683 12974
1980  743  372    0 1253 1173    0 1388  508 2568 1847  672  845 11369
1981  188    1  447 1223  928  340 1485 2342 1978 2377 2037 1091 14437
1982  686  136  970 1163 1936 1567 2611 2494 1947 2685 2187  816 19198
1983  113    0  233  655  922  489 1241 1397 2063 3101 1166  874 12254
1984  965 1053  331  833  770  222  575 1350 1664 2445 1767 2100 14075
1985  205  554  929 2266 1835 1147 1053 2054  779 2959 1292  501 15574
1986  339  315  774  430 3106 2785 2636 3929 2680 1707  787  175 19663
1987  382  306   95  108 1115  274 1313 1034 2918 2514 2050  962 13071
1988  769    0  792  473 1127  855 1648  873 1946 2610 2345 1440 14878
1989 1481  735  663 1991 1721 1081 2625 1708 1434 2732 3042  511 19724
1990   86  709  124  908 1142 1814 1758 2040 2559 2062 2938 1142 17282
1991  183  348 1030 2414 1445 2631 1945 2986 2250 1930 1999  542 19703
1992   22    0 1119    0  231    0  639 2194 2440 3437  992  532 11606
1993  968    0    0    0  199    0 1608 3030 1782 2541 2152 1674 13954
1994   61  274  137  397  636 2021  860 1502 2171 3363 2277 1018 14717
   3843 1250-17250    0                                 19741994   3843        0
1974  -10  -10  -10  -10  -10 1008 1941 1666 2047 2239 1615  914   -10
1975  526  584 1072  785 1373 2153  738 2308 1855 2553  812  871 15630
1976 1095  601 1415 2121 1347  972 1223 1306  872 1878 1941  632 15403
1977  542  587  413  845 1721  855 1303 1155 1974 2034 2339 1090 14858
1978  724  252  -10  -10  -10  -10  -10  -10  -10  -10  -10  -10   -10
1979  699 1255  436 1930 1391 1072  471 1139  861 1082 2207  775 13318
1980  658  423  221 1188 1275   96 1191  493 2179 1868  972  801 11365
1981  264  193  296 1513  740  549 1586 1838 1826 2292 2444 1053 14594
1982  750  134 1324 1563 1693 1684 2208 2717 1716 2586 2677  732 19784
1983  120    0  234  775 1140  513  763 1457 1908 3058 1442  773 12183
1984  863  963  303  938  810  311  487  941 1553 2316 2092 2089 13666
1985  273  489 1654 2185 2324 1104  863 1864  635 3015 1320  391 16117
1986  352  376 1220  500 2705 2670 2787 3352 2692 1538 1233    0 19425
1987  542  323  153  314 1372  253 1232 1097 2646 2504 1902 1023 13361
1988  807  157  888  633 1249  903 1424  757 2022 2660 2991 1315 15806
1989 1375  721  736 2236 2102  951 2351 1560 1278 2861 3170  469 19810
1990  121  669  317 1214 1038 2037 1380 1907 2352 1761 2776  743 16315
1991  212  432 1374 2385 1141 2470 2169 2378 2052 1933 2293  908 19747
1992  118    0 1583   47  245    0  412 2457 2403 3925 1026  708 12924
1993 1141    0    0    0   29    0 1219 2876 1308 2797 2241 1825 13436
1994   35  356  235  349  471 1946  507 1566 2628 3099 1871 1058 14121
   3844 1250-16880    0                                 19741994   3844        0
1974  -10  -10  -10  -10  -10  971 1695 1382 2270 2389 1743  831   -10
1975  601  668 1240 1139 1136 1585  572 1874 1399 2625 1085  653 14577
1976 1123  601 1971 2563 1058  844 1103 1111  813 2380 2134  652 16353
1977  842  687  433 1048 1954  974 1086 1113 2113 1939 2625  584 15398
1978  506  382  -10  -10  -10  -10  -10  -10  -10  -10  -10  -10   -10
1979  819 2010  580 2084 1360  778  448  821  705 1235 1955  808 13603
1980  611  502  495 1126 1613  224 1115  508 2005 1818 1289  731 12037
1981  323  404  289 1822  765  678 1298 1361 1798 2087 2644 1009 14478
1982  813  185 1646 2074 1517 1683 1747 2924 1874 2255 2901  621 20240
1983  123    0  237  942 1266  555  471 1360 1737 2921 1679  646 11937
1984  788  916  294 1098  869  398  432  635 1419 2232 2306 1814 13201
1985  326  441 2149 2000 2564 1334  816 1804  742 2644 1373  251 16444
1986  362  450 1424  633 2419 2579 2894 2734 2825 1637 1672    0 19629
1987  720  445  230  905 1594  244 1167 1034 2274 2460 1684 1376 14133
1988  858  375 1007  834 1426 1020 1052  735 1995 2764 3272 1182 16520
1989 1185  722  832 2230 2300  881 1970 1352 1340 2912 3048  405 19177
1990  121  536 1019 1271 1061 2193  942 1613 2278 1728 2669  289 15720
1991  234  532 1899 2360  971 1946 2107 1907 1944 1836 2484 1579 19799
1992  225    1 1655  296  316    4  433 2732 2483 3989 1478  988 14600
1993 1218    0    0   47   52    0  895 2625 1132 3159 2266 1872 13266
1994   59  457  554  366  696 1752  375 1582 2788 2951 1382  767 13729
   3845 1250-16500    0                                 19741994   3845        0
1974  -10  -10  -10  -10  -10 1095 1481 1193 2462 2713 1926  861   -10
1975  776  923 1571 1513  788  804  514 1424 1128 2695 1381  675 14192
1976 1102  576 2623 3064  989 1025 1061 1008  828 2593 2388  715 17972
1977 1164  863  557 1356 2085 1331  934 1154 2275 2085 2565  337 16706
1978  475  532  -10  -10  -10  -10  -10  -10  -10  -10  -10  -10   -10
1979 1092 2708  745 2216 1345  718  448  829  645 1569 1683  827 14825
1980  707  619 1218 1155 2064  509 1232  651 2062 1814 1410  782 14223
1981  402  623  320 2126 1026  511  841 1058 1913 1935 2725 1081 14561
1982  920  325 2134 2593 1596 1681 1478 3073 2163 2123 2765  566 21417
1983  173    0  265 1161 1402  653  444 1323 1690 2812 1740  617 12280
1984  824  935  350 1334 1015  494  414  548 1486 2347 2440 1687 13874
1985  400  737 2587 1901 2625 1684  899 1893  926 2348 1354  176 17530
1986  412  539 1555  872 2185 2432 2916 2282 3266 2010 1937    0 20406
1987  938  552  496 1446 1774  255 1194  980 2286 2415 1520 2011 15867
1988  947  560 1216 1079 1596 1021  817  911 1877 2906 3364 1106 17400
1989 1120  741 1048 2231 2365  819 1763 1099 1431 2847 2729  378 18571
1990  426  614 1848 1248 1199 2163  646 1561 2229 2014 2731  196 16875
1991  299  648 2540 2347  895 1348 1866 1697 1959 1793 2436 2205 20033
1992  336  312 1675  726  527  352  673 2952 2565 3865 2072 1438 17493
1993 1359    0  149  266  201    0  724 2415 1144 3369 2332 1867 13826
1994  187  738  836  510 1189 1559  398 1736 2679 3065  908  439 14244
   3846 1250-16130    0                                 19741994   3846        0
1974  -10  -10  -10  -10  -10 1144 1259 1117 2333 2899 2274  940   -10
1975  972 1347 2087 1850  793  263  492  911 1065 2605 1615 1047 15047
1976 1100 1033 3113 3335 1093 1164  913  993  798 2341 2566  754 19203
1977 1358 1022  737 1746 1954 1573  900 1141 2426 2321 2264  274 17716
1978  524  622  -10  -10  -10  -10  -10  -10  -10  -10  -10  -10   -10
1979 1444 3224  870 2276 1400  828  565 1151  784 1962 1649  842 16995
1980  814  719 2409 1180 2393 1074 1349  947 2060 1981 1409  811 17146
1981  459  778  365 2451 1297  483  428  942 2228 1970 2696 1193 15290
1982 1187  511 2799 2671 1892 1565 1392 3292 2312 2351 2443  570 22985
1983  274    0  298 1358 1443  746  585 1547 1545 2791 1650  631 12868
1984  893  982  432 1546 1130  561  430  689 1527 2648 2649 1768 15255
1985  447 1287 2906 1976 2571 1847 1073 2047 1255 2326 1339  147 19221
1986  466  600 1683 1275 1840 2106 2844 1934 3737 2525 2031    0 21041
1987 1098  555  669 1650 1793  368 1200 1151 2465 2366 1642 2638 17595
1988 1227  697 1420 1301 1569  948 1061 1305 1725 3102 3427 1074 18856
1989 1249 1017 1267 2192 2238  777 1627  859 1698 2665 2329  372 18290
1990 1383  789 2456 1224 1329 1660  611 1827 1973 2363 2610  168 18393
1991  381  755 3027 2366  974  870 1416 1876 1998 1777 2152 1898 19490
1992  453  502 1812 1329  700  761 1146 3040 2421 3595 2666 1585 20010
1993 1472    0  360  651  370    0  628 2294 1194 3238 2564 1737 14508
1994  255 1466 1028  919 1626 1514  535 2041 2534 3464  908  228 16518
   3847 1250-15750    0                                 19741994   3847        0
1974  -10  -10  -10  -10  -10 1113  998 1103 2093 2982 2785 1071   -10
1975 1764 1757 2570 2171  748  316  503  528 1064 2424 1821 1543 17209
1976 1155 1780 3406 3325 1256 1173  725 1004  720 1975 2522  749 19790
1977 1275 1108  971 2119 1619 1635 1131 1114 2476 2576 1891  216 18131
1978  562  579  -10  -10  -10  -10  -10  -10  -10  -10  -10  -10   -10
1979 1855 3683  953 2303 1449  951  802 1553  990 2258 1846  866 19509
1980  840  745 3663 1222 2517 1575 1338 1355 1968 2303 1410  745 19681
1981  462  789  435 2722 1334  467  424 1058 2582 2251 2705 1760 16989
1982 1525  719 3588 2440 2221 1414 1471 3720 2410 2743 2064  817 25132
1983  695    0  326 1460 1406  800  688 1928 1480 2908 1606  671 13968
1984  958 1039  517 1651 1127  574  545  960 1369 3005 3008 1883 16636
1985  429 1799 3203 2239 2609 1819 1311 2247 1759 2471 1468  287 21641
1986  499  581 1902 2037 1421 1758 2785 1662 3885 2983 2255    0 21768
1987 1148  479  777 1532 1671  598 1102 1520 2531 2169 1938 3029 18494
1988 1607  768 1714 1431 1429 1027 1540 1809 1683 3202 3436 1494 21140
1989 1406 1736 1438 2302 2101  778 1490  833 2207 2669 1917  394 19271
1990 2268  843 2796 1357 1417  964  733 2109 1627 2579 2379  192 19264
1991  470  835 3333 2448 1293  691  950 2255 2159 1826 1963  971 19194
1992  590  623 2020 1875  904 1043 1427 3098 2205 3335 3181 1477 21778
1993 1508    0  610 1061  506  114  515 2346 1228 3037 2834 1571 15330
1994  298 2101 1268 1271 1833 1586  874 2402 2663 3966 1443  156 19861
   3848 1250-15380    0                                 19741994   3848        0
1974  -10  -10  -10  -10  -10 1021  888 1073 1853 3291 3256 1422   -10
1975 2688 2180 2888 2440  677  356  521  614  979 2203 1994 2000 19540
1976 1257 2367 3340 3263 1443 1113  735 1090  813 1737 2377  840 20375
1977 1090 1144 1570 2313 1277 1609 1674 1334 2455 2752 1601  214 19033
1978  679  506  -10  -10  -10  -10  -10  -10  -10  -10  -10  -10   -10
1979 2244 3965 1429 2415 1469 1068  991 1976 1102 2417 2153  872 22101
1980  738  712 4734 1337 2513 1780 1182 1796 1968 2746 1522  634 21662
1981  434  741  511 2876 1140  450  433 1534 2843 2654 2818 2506 18940
1982 1684  862 4307 2230 2555 1242 1797 4184 2264 2964 1588 1121 26798
1983  982    0  347 1501 1462  879  721 2254 1879 3204 1793  676 15698
1984 1020 1099  559 1698 1081  684  663 1352 1032 3061 3272 1989 17510
1985  339 2314 3517 2541 2814 1640 1631 2515 2431 2617 1779  485 24623
1986  520  499 1963 2868 1067 1642 2862 1642 3525 3367 2803  524 23282
1987 1236  509  871 1272 1434  811 1038 1800 2335 1820 2303 3083 18512
1988 1883  813 2104 1710 1409 1255 1852 2267 1735 3163 3512 1722 23425
1989 1597 2305 1581 2705 2039  797 1460 1104 2792 2914 1419  438 21151
1990 2795  866 2956 1491 1366  484  863 2315 1614 2654 2247  892 20543
1991 1302  907 3523 2668 1658  714  804 2676 2628 1753 2142  300 21075
1992  762  720 2160 2168 1201 1126 1351 3206 2001 2976 3433 1272 22376
1993 1488   42  869 1299  570  303  506 2555 1256 2980 2959 1503 16330
1994  438 2591 1576 1501 1787 1604 1373 2672 2970 4343 2355  352 23562
   3849 1250-15000    0                                 19741994   3849        0
1974  -10  -10  -10  -10  -10  814  812  939 1536 3518 3346 1797   -10
1975 3307 2511 2868 2475  763  358  497  615  777 1987 2024 2149 20331
1976 1707 2664 2926 3299 1519 1010  688 1186 1230 1499 2306  849 20883
1977  886 1074 2031 2249 1020 1443 2134 1729 2385 2714 1451  489 19605
1978  732  417  -10  -10  -10  -10  -10  -10  -10  -10  -10  -10   -10
1979 2225 3711 1759 2402 1378 1061 1093 2325 1064 2408 2291  804 22521
1980  642  633 5175 1413 2339 1649  920 2139 2031 3170 1687  538 22336
1981  373  637  603 2834  877  424  414 2003 3016 2843 2930 2892 19846
1982 1643  839 4398 2063 2719 1064 1936 4250 1807 2722 1072 1289 25802
1983 1107    0  347 1397 1458  849  521 2233 2339 3414 2153  707 16525
1984  963 1046  539 1587 1229  765  814 1781  762 2818 3098 2041 17443
1985  226 2739 3699 2639 2908 1414 1839 2702 2989 2792 2018  547 26512
1986  485  417 1659 3281  724 1639 2834 1667 2898 3702 3394 1061 23761
1987 1251  477  826  920 1133  887  976 1795 1876 1447 2553 2816 16957
1988 2014  766 2249 2138 1556 1308 1715 2552 1722 3114 3688 1730 24552
1989 1848 2547 1530 2995 2019  734 1435 1289 3048 3004  884  417 21750
1990 3027  918 2810 1339 1226  506  774 2428 1800 2583 2182 1453 21046
1991 2014  891 3475 2779 1683  821  898 2845 3189 1474 2429  369 22867
1992  827  749 2036 2089 1383 1057 1094 3292 1772 2507 3444 1136 21386
1993 1370   73 1098 1380  477  323  543 2712 1376 3033 3005 1512 16902
1994  620 2849 1753 1561 1665 1373 1729 2779 3052 4389 3094  693 25557
   3850 1250-14630    0                                 19741994   3850        0
1974  -10  -10  -10  -10  -10  656  709  887 1107 3191 2957 2257   -10
1975 3640 2832 2524 2265  962  337  538  985  582 1881 1991 1896 20433
1976 2403 2792 2293 3451 1476  895  611 1238 2054 1337 2507  787 21844
1977  693  950 2262 2023  912 1125 2276 2291 2200 2608 1619  773 19732
1978  790  327  -10  -10  -10  -10  -10  -10  -10  -10  -10  -10   -10
1979 2347 3294 2041 2135 1257  983 1170 2636 1011 2303 2461  698 22336
1980  569  541 5340 1570 1969 1315  725 2303 2141 3591 2123  458 22645
1981  293  570  920 2659  691  393  372 2272 3237 2796 3059 3032 20294
1982 1583  731 4139 2023 2498  892 1893 4167 1356 2242  747 1280 23551
1983 1118    0  334 1223 1414  736  443 1950 2622 3381 2494 1146 16861
1984 1304 1067  485 1408 1677  760 1121 2227  683 2569 2717 2141 18159
1985  114 3066 3946 2505 2866 1132 1931 2832 3261 3047 2035  625 27360
1986  420  348 1329 3432  636 1727 2633 1802 2236 3921 4145 1353 23982
1987 1176  514  734  784  928  784  851 1719 1350 1184 2713 2363 15100
1988 2096  668 2133 2391 1864 1176 1333 2711 1730 3146 3909 1615 24772
1989 2293 2421 1374 2954 2116  669 1565 1306 2674 2829  749  360 21310
1990 3045  965 2448 1170 1254  482  577 2532 2019 2481 2274 1715 20962
1991 2185 1083 3116 2851 1520 1001 1186 2887 3657 1098 2908 1038 24530
1992  903  742 1859 1725 1335  978 1194 3402 1698 2194 3342 1228 20600
1993 1140   51 1521 1521  352  345  518 2951 1770 3276 3130 1674 18249
1994  893 2847 1855 1621 1780  979 1959 2924 2935 4093 3486 1196 26568
   3851 1250-14250    0                                 19741994   3851        0
1974  -10  -10  -10  -10  -10  606  602  914  750 2459 2396 2611   -10
1975 3778 3080 2116 2052 1108  305  520 1276  419 1814 1913 1563 19944
1976 3068 2818 1659 3528 1382  785  527 1199 2694 1256 2665  797 22378
1977  514 1054 2411 1782  938 1047 2227 2786 1954 2614 1969 1005 20301
1978  919  239  -10  -10  -10  -10  -10  -10  -10  -10  -10  -10   -10
1979 2513 3007 2329 1691 1120 1039 1253 2838 1087 2130 2631  583 22221
1980  510  452 5314 1761 1520  926  600 2190 2211 3839 2722  385 22430
1981  206  660 1122 2454  592  361  647 2288 3410 2690 3125 3106 20661
1982 1591  602 3678 1993 2059  772 1747 4106 1256 1975  644 1226 21649
1983 1096    0  314 1036 1337  661  364 1551 2581 3097 2560 1654 16251
1984 2059 1541  418 1294 2071  668 1405 2539  745 2608 2508 2213 20069
1985   11 3277 4100 2301 2687  887 1952 2908 3208 3317 2087  805 27540
1986  348  290 1154 3556  529 1846 2367 1968 1805 4013 4695 1412 23983
1987 1077  706  823  646  712  623  703 1722  909 1026 2824 1992 13763
1988 2194 1243 1909 2475 2161 1038 1104 2907 1649 3234 3878 1536 25328
1989 2823 2257 1188 2660 2122  564 1814 1259 1979 2564  960  553 20743
1990 2970  918 2056 1195 1366  434  536 2552 2123 2318 2360 1911 20739
1991 2046 1186 2540 2982 1555 1056 1388 2959 3841  834 3543 1487 25417
1992  973  734 1785 1298 1215  866 1625 3586 1722 2119 3177 1340 20440
1993  809   17 1819 1696  294  342  614 3199 2210 3492 3203 1787 19482
1994 1242 2741 1955 1703 2049  596 2177 3066 2719 3778 3642 1621 27289
   3852 1250-13880    0                                 19741994   3852        0
1974  -10  -10  -10  -10  -10  561  571 1177  767 1774 2016 2669   -10
1975 3617 3007 1737 1926 1113  269  560 1365  356 1680 1762 1381 18773
1976 3421 2574 1180 3368 1305  687  568 1070 2604 1328 2507 1069 21681
1977  346 1715 2539 1543 1121 1011 2207 3109 1814 2926 2487 1222 22040
1978 1159  503  -10  -10  -10  -10  -10  -10  -10  -10  -10  -10   -10
1979 2802 2802 2511 1233  838 1061 1342 2909 1292 1939 2758  471 21958
1980  459  370 4950 2042 1154  625  711 1799 2353 3739 3408  311 21921
1981  113  765 1174 2290  601  446  936 2219 3459 2667 3108 3150 20928
1982 1678  477 2853 1968 1677  734 1686 3983 1576 2057  805 1243 20737
1983 1169    0  290  862 1201  581  274 1213 2004 2642 2404 2172 14812
1984 2570 1816  349 1064 2235  550 1535 2644 1036 2861 2666 2309 21635
1985    0 3345 3889 2153 2424  779 1992 2939 2831 3682 2361 1136 27531
1986  275  239  981 3634  420 1854 2155 2349 1913 3941 4752 1326 23839
1987 1099  833 1230  519  453  483  742 1973  722 1059 3007 1887 14007
1988 2273 2146 1692 2360 2405  903 1220 3019 1407 3192 3495 1528 25640
1989 3101 2349 1008 2218 1830  448 2179 1298 1276 2430 1468  789 20394
1990 2887  786 1621 1409 1456  371  775 2430 2189 1990 2485 2182 20581
1991 1823 1033 1882 3137 1901  965 1616 2871 3795  963 4263 1574 25823
1992  948  697 1957  881 1193  710 2086 3697 1871 2266 2956 1385 20647
1993  461  347 1945 1895  355  322  794 3239 2529 3326 3016 1670 19899
1994 1809 2585 2096 1773 2274  415 2395 3168 2539 3501 3539 1901 27995
   3853 1250-13500    0                                 19741994   3853        0
1974  -10  -10  -10  -10  -10  522  769 1648  918 1460 1894 2571   -10
1975 3218 2654 1401 1860  986  230  671 1356  395 1555 1599 1301 17226
1976 3481 2084  838 3058 1328  600  915  945 2155 1440 2206 1531 20581
1977  234 2220 2580 1310 1393  964 2330 3308 1851 3263 2984 1414 23851
1978 1362  988  -10  -10  -10  -10  -10  -10  -10  -10  -10  -10   -10
1979 3048 2442 2449  945  460 1096 1430 2892 1369 1844 2815  365 21155
1980  411  295 4383 2433  941  504  992 1358 2615 3488 3915  232 21567
1981   17  884 1193 2140  638  647 1139 2244 3461 2563 3079 3166 21171
1982 1799  364 1838 1928 1475  644 1755 3731 1797 2112 1113 1293 19849
1983 1329    0  265  708 1029  498  176 1082 1122 2223 2257 2588 13277
1984 2849 1950  278  876 2200  477 1501 2650 1388 2973 2884 2428 22454
1985    0 3276 3410 2038 2241  732 2107 2929 2506 4020 2535 1470 27264
1986  396  194  822 3548  572 1637 1964 2822 2324 3867 4513 1292 23951
1987 1400  907 1665  408  375  426 1204 2331  658 1205 3280 1914 15773
1988 2247 2802 1612 2183 2629  697 1387 2911 1119 3004 3032 1612 25235
1989 3029 2609  845 1708 1455  354 2500 1447  909 2459 1969  794 20078
1990 2812  694 1193 1603 1449  388 1210 2335 2363 1463 2660 2400 20570
1991 1668  909 1326 3254 2062  860 1954 2582 3692 1342 4705 1612 25966
1992  861  650 2145  481 1251  512 2294 3633 1999 2475 2716 1475 20492
1993  191  565 1920 2145  470  291  934 3017 2690 2994 2705 1486 19408
1994 2465 2434 2209 1917 2299  427 2549 3294 2414 3226 3355 2158 28747
   3854 1250-13130    0                                 19741994   3854        0
1974  -10  -10  -10  -10  -10  491 1114 2326 1014 1565 1994 2437   -10
1975 2624 2182 1116 1882  795  309  833 1360  667 1619 1516 1296 16199
1976 3268 1492  543 2547 1480  525 1419  922 1948 1474 2060 2042 19720
1977  575 2248 2447 1155 1754  906 2568 3271 2058 3297 3398 1513 25190
1978 1349 1381  -10  -10  -10  -10  -10  -10  -10  -10  -10  -10   -10
1979 3022 1783 2131  879  364 1134 1497 2884 1121 2025 2816  263 19919
1980  367  224 3676 2787  901  393 1411 1105 2713 3409 3824  147 20957
1981  507 1065 1228 2044  683  464 1178 2543 3518 2169 3092 3191 21682
1982 1887  263  829 1745 1392  562 1925 3373 1699 2082 1578 1357 18692
1983 1580    0  239  573  908  410   70 1368  304 1901 2281 2813 12447
1984 2747 2063  206  939 1944  500 1405 2739 1614 2888 2995 2431 22471
1985  186 2960 2717 1937 2231  777 2350 2902 2576 4135 2179 1799 26749
1986 1301  155  681 3082 1144 1194 1793 3047 2760 3785 4231 1352 24525
1987 2078  845 1827  313  312  495 1469 2596  719 1423 3555 1993 17625
1988 1958 2794 1776 2083 2742  552 1554 2493  997 2551 2722 1797 24019
1989 2576 2696  699 1221 1277  425 2847 1829 1019 2473 2267  639 19968
1990 2647  651  891 1737 1400  303 1821 2417 2635  890 2938 2436 20766
1991 1593  954  991 3151 1817  861 2212 2230 3621 1846 4501 1710 25487
1992  771  546 2143  308 1331  416 2229 3395 2077 2586 2690 1838 20330
1993  158  623 1706 2388  527  248 1104 2714 2692 2828 2431 1553 18972
1994 2899 2177 2228 2234 2193  705 2640 3527 2506 2914 3171 2625 29819
   3855 1250-12750    0                                 19741994   3855        0
1974  -10  -10  -10  -10  -10  469 1505 2932 1026 1871 2135 2303   -10
1975 2062 1819  869 1902  650  595  947 1458 1131 1793 1494 1345 16065
1976 3028  957  268 2016 1641  460 1928 1009 2122 1481 2066 2398 19374
1977 1096 2009 2209 1074 2101  838 2742 3148 2243 3157 3719 1478 25814
1978 1239 1571  -10  -10  -10  -10  -10  -10  -10  -10  -10  -10   -10
1979 2760 1142 1826  991  288 1095 1572 2838  750 2302 2679  555 18798
1980  328  157 2877 2925  910  293 1869  950 2565 3532 3328  483 20217
1981 1175 1309 1261 1961  704  197 1171 2926 3520 1672 3085 3183 22164
1982 1881  173  484 1459 1256  651 2170 3167 1543 2089 2038 1472 18383
1983 1804    0  213  457  809  317    0 1820    0 1537 2396 2924 12277
1984 2472 2223  233 1211 1626  657 1364 2911 1597 2756 2979 2249 22278
1985  743 2509 1946 1882 2305  916 2578 2766 2847 4076 1593 2074 26235
1986 2090  120  558 2364 1894  794 1771 2986 3027 3564 4096 1419 24683
1987 2741  687 1755  231  312  551 1453 2768  995 1604 3711 2081 18889
1988 1585 2303 1999 2098 2685  571 1772 1991  981 2124 2580 1992 22681
1989 2022 2458  569  877 1284  679 3248 2351 1244 2324 2382  614 20052
1990 2363  615  743 1854 1289  167 2397 2666 2906  529 3210 2420 21159
1991 1529 1099  756 2879 1725 1009 2241 2096 3592 2165 3960 1739 24790
1992  746  385 1991  201 1352  533 2320 3173 2155 2493 2907 2360 20616
1993  254  660 1305 2465  496  197 1383 2526 2587 2858 2196 1873 18800
1994 3023 1882 2232 2556 2075 1217 2737 3748 2719 2695 2960 3184 31028
   3856 1250-12380    0                                 19741994   3856        0
1974  -10  -10  -10  -10  -10  457 1937 3243 1093 2365 2275 2153   -10
1975 1868 1547  630 1890  649  869 1142 1686 1555 1938 1471 1538 16783
1976 2882  561  172 1584 1680  406 2358 1264 2484 1720 2088 2428 19627
1977 1669 1711 1866 1066 2381  876 2822 3097 2335 3050 3926 1198 25997
1978 1155 1499  -10  -10  -10  -10  -10  -10  -10  -10  -10  -10   -10
1979 2158  689 1587 1188  521  997 1823 2762  516 2336 2360 1058 17995
1980  297   92 1964 2706  990  199 2364  900 2521 3698 2816 1083 19630
1981 1646 1567 1262 1831  828  226 1437 3451 3316 1498 2939 3178 23179
1982 1714   95  330 1112 1130 1052 2596 3356 1794 2190 2198 1757 19324
1983 1924    0  188  357  725  216  146 2212  185 1189 2622 2901 12665
1984 2252 2421  707 1668 1354 1138 1470 3183 1547 2700 2856 1895 23191
1985 1211 2136 1190 1925 2355 1310 2782 2701 3097 4056 1378 2156 26297
1986 2163  290  450 1514 2530  663 2313 2866 3083 3032 4049 1483 24436
1987 2928  470 1468  349  476  542 1442 2963 1607 1690 3709 2232 19876
1988 1240 1461 2006 2137 2759  793 2059 1780  989 1961 2675 2225 22085
1989 1467 2088  455  678 1396 1067 3642 2809 1611 2072 2314  871 20470
1990 2082  523  618 1853 1043  327 2866 3011 3093  569 3378 2473 21836
1991 1438 1309  439 2364 2144 1282 2169 2368 3580 2120 3323 1670 24206
1992  764  220 1800  101 1366 1138 2946 3286 2410 2075 3310 2979 22395
1993  511  529  798 2320  437  707 1860 2619 2421 3004 1999 2237 19442
1994 2729 1611 2284 2672 2105 1884 2918 3707 2981 2685 2844 3556 31976
   3857 1250-12000    0                                 19741994   3857        0
1974  -10  -10  -10  -10  -10  458 2288 3377 1306 2857 2472 2087   -10
1975 1962 1248  379 1808  872 1139 1507 1882 1694 1964 1436 1838 17729
1976 2828  256   89 1242 1666  363 2678 1570 2661 2042 2100 2241 19736
1977 1991 1423 1460 1060 2576 1173 2888 3062 2380 3033 4026  822 25894
1978 1112 1356  -10  -10  -10  -10  -10  -10  -10  -10  -10  -10   -10
1979 1378  294 1319 1318 1041  929 2247 2807  439 1967 1977 1523 17239
1980  282   30 1090 2360 1239  389 2872  911 2757 3726 2618 1588 19862
1981 1948 1715 1234 1707 1104  470 1917 4045 2883 1631 2691 3265 24610
1982 1611   31  207  787 1181 1413 3094 3595 2454 2175 2068 2090 20706
1983 1916    0  164  269  737  105  869 2467  771 1045 2898 2743 13984
1984 2097 2557 1239 2139 1197 1823 1628 3342 1657 2656 2683 1586 24604
1985 1561 1884  579 1988 2352 1832 2976 2826 3252 3961 1508 2096 26815
1986 1673  266  356  778 2890  668 3176 3018 3082 2377 3789 1530 23603
1987 2734  286 1108  476  733  528 1827 3107 2253 1632 3636 2393 20713
1988  959  675 1812 2049 3107 1021 2444 1815 1029 2041 2847 2507 22306
1989  965 1899  357  523 1422 1407 3934 3169 2203 1907 2142 1166 21094
1990 1858  435  397 1764  722  919 3266 3297 3292  785 3310 2548 22593
1991 1273 1499  130 1788 2591 1570 2245 2641 3480 1882 2790 1624 23513
1992  755  158 1617  208 1455 1961 3782 3642 2788 1602 3519 3567 25054
1993  714   95  329 2045  419 1588 2195 2906 2413 3095 1685 2330 19814
1994 2223 1338 2258 2543 2252 2403 3064 3586 3363 2740 2816 3391 31977
   3858 1250-11630    0                                 19741994   3858        0
1974  -10  -10  -10  -10  -10  786 2398 3386 1785 3015 2820 2248   -10
1975 2224  860  337 1550 1337 1493 2170 2171 1579 1963 1428 2008 19120
1976 2691    0   24  835 1569  590 2773 1899 2815 2270 2206 1874 19546
1977 1708 1123  909  965 2585 1572 3039 3005 2432 3120 3829  540 24827
1978  891 1182  -10  -10  -10  -10  -10  -10  -10  -10  -10  -10   -10
1979  488   42  863 1219 1755 1089 2758 3121  634 1146 1596 1772 16483
1980  293  385  387 2113 1826 1128 3363 1190 3097 3426 2735 1627 21570
1981 1998 1556 1135 1535 1579  588 2408 4367 2387 1961 2331 3382 25227
1982 1622    0  116  400 1661 1614 3466 3456 3431 1764 1635 2333 21498
1983 1671    0  140  274  657   98 1680 2616 1588 1293 3041 2400 15458
1984 1820 2403 1482 2473 1356 2688 2028 3340 2101 2494 2450 1376 26011
1985 1578 1672  237 1898 2208 2217 3267 3209 3284 3536 1600 1860 26566
1986  852   49  277  323 2902  772 3872 3439 3257 1950 3018 1378 22089
1987 2234  307  659  600 1082  588 2763 3033 2642 1392 3423 2604 21327
1988  709   86 1395 1771 3522 1473 2878 2220 1276 2151 2935 2788 23204
1989  705 1790  274  306 1232 1706 3981 3422 2969 1760 1885 1389 21419
1990 1530  334  142 1640  571 2067 3653 3409 3607 1209 2738 2306 23206
1991  842 1461   51 1113 2464 1994 2585 2750 3096 1819 2612 1570 22357
1992  696  105 1318  406 1729 2784 4516 4037 3374 1424 3133 3729 27251
1993  684    0  123 1747  451 2427 2203 3310 2806 3138 1197 1880 19966
1994 1486  759 1823 2175 2437 2574 3006 3522 3767 2827 2714 2441 29531
   3859 1250-11250    0                                 19741994   3859        0
1974  -10  -10  -10  -10  -10 1619 2356 3387 2396 2820 3078 2410   -10
1975 2373  413  316 1141 1744 1801 2943 2569 1561 1981 1436 1824 20102
1976 2317    0    0  340 1389 1274 2714 2153 3251 2319 2348 1520 19625
1977 1116  761  279  765 2366 1961 3196 2929 2520 3164 3360  401 22818
1978  462  891  -10  -10  -10  -10  -10  -10  -10  -10  -10  -10   -10
1979    0    0  342  912 2388 1388 3124 3565 1024  324 1156 1781 16004
1980  343  725    0 1885 2497 1963 3700 1750 3166 2954 2676 1330 22989
1981 1767 1149  921 1189 2078  572 2641 4384 2067 2314 1849 3302 24233
1982 1561    0   59   63 2372 1689 3661 2998 4230 1134 1121 2408 21296
1983 1268    0  117  290  525  621 2362 2753 2456 1613 2964 2009 16978
1984 1373 1813 1323 2469 1617 3458 2545 3305 2737 2270 2118 1079 26107
1985 1295 1322    0 1613 1974 2398 3525 3613 3268 3041 1462 1507 25018
1986   58   39  211   53 2758  884 4182 3744 3446 1821 2106  962 20264
1987 1689  477  202  672 1303  704 3713 2780 2840 1109 3021 2777 21287
1988  399    0  870 1415 3478 2164 3192 2723 1766 2094 2801 2882 23784
1989  567 1500  210  217  965 2110 3892 3565 3587 1570 1559 1566 21308
1990  959  179   75 1506  620 3181 3972 3383 3857 1690 1922 1668 23012
1991  255 1129    0  415 1950 2581 2873 2767 2679 2069 2660 1401 20779
1992  621   72  898  758 2100 3460 4966 4133 3906 1436 2454 3297 28101
1993  537    0   69 1422  530 3025 2178 3657 3280 3100  570 1122 19490
1994  671    0 1091 1644 2517 2613 2839 3462 3925 2888 2428 1237 25315
   3860 1250-10880    0                                 19741994   3860        0
1974  -10  -10  -10  -10  -10 2871 2251 3386 2941 2295 2637 1955   -10
1975 1998   40  311  462 1788 1995 3606 2854 1862 1949 1291 1012 19168
1976 1465    0    0   71 1128 2032 2530 2286 3689 2392 2308 1128 19029
1977  357  328    0  406 1828 2331 3171 2886 2523 2943 2601  416 19790
1978    0  305  -10  -10  -10  -10  -10  -10  -10  -10  -10  -10   -10
1979    0    0    0  517 2580 1710 3300 3923 1724   59  547 1317 15677
1980  435  522    0 1526 2907 2789 3912 2516 2968 2402 2119  727 22823
1981  997  376  426  510 2455  789 2665 4220 2163 2768 1134 2715 21218
1982 1129    0   29   57 2941 1689 3744 2559 4474  700  602 2203 20127
1983  687    9   98  207  658 1267 2900 3002 3380 1965 2555 1825 18553
1984  766  698  719 1768 1789 3941 2906 3381 3643 1967 1586  509 23673
1985  631  603    0 1036 1855 2565 3581 3787 3255 2715 1110 1088 22226
1986    0   36  158    0 2465 1215 4065 3763 3500 1839 1528  381 18950
1987 1122  555    0  586 1193  914 4314 2450 3013  924 2176 2501 19748
1988   12    0  213  988 2702 3068 3189 3245 2467 1919 2266 2354 22423
1989  261  828  164  191  938 2744 3697 3471 3956 1445 1087 1662 20444
1990  121    0   61 1249  868 3847 4092 3156 3798 2216 1120  613 21141
1991    0  420    0    0 1354 3301 2980 2864 2702 2543 2530  913 19607
1992  516   68  311 1221 2495 3903 5064 3793 4085 1692 1850 2130 27128
1993  223    0   42 1013  723 3300 2434 3934 3584 2931    0  119 18303
1994    0    0  158  943 2382 2819 2752 3446 3787 2924 1880  202 21293
   3861 1250-10500    0                                 19741994   3861        0
1974  -10  -10  -10  -10  -10 4173 2081 3229 3281 1730 1590  944   -10
1975 1242   90  310   92 1607 2141 3822 2757 2207 1822 1063    0 17153
1976  441    0    0  102  807 2622 2289 2282 3694 2585 1920  614 17356
1977    0   43    0   76 1224 2533 2844 2795 2470 2372 1716  392 16465
1978   36    0  -10  -10  -10  -10  -10  -10  -10  -10  -10  -10   -10
1979    0    0   43  149 2374 1967 3314 4062 2541   36    0  578 15064
1980  547    0    0  979 2830 3339 3932 3190 2815 1887 1290   20 20829
1981   20    0    0    0 2506 1317 2701 4134 2369 3078  388 1827 18340
1982  416    0   13   62 3018 1687 3659 2250 4270  660  119 1763 17917
1983  133   76   89   38 1035 1891 3299 3202 4163 2321 2009 1749 20005
1984  111    0    6  739 1887 4167 3039 3428 4625 1615  873    0 20490
1985    0    0    0  277 1747 2754 3398 3741 3132 2430  748  634 18861
1986    0   34  116    0 2091 1657 3731 3550 3372 1776 1258    0 17585
1987  482  365    0  371  849 1231 4504 2087 3137  751 1117 1682 16576
1988    1    0    0  397 1779 3824 3054 3705 3013 1673 1521 1370 20337
1989    0   64  137  179 1134 3329 3410 3186 4147 1433  538 1653 19210
1990    0    0   70  839 1125 4113 4024 2934 3594 2586  420    0 19705
1991    0  227    0    0  740 3896 2935 2948 3077 2943 2024  246 19036
1992  325  102  421 1463 2729 4170 4919 3254 4035 2019 1529  870 25836
1993    0    0   43  528  936 3357 2724 4111 3661 2616    0    0 17976
1994    0    0    0  222 2085 3028 2753 3366 3526 2845 1251    0 19076
   3862 1250-10130    0                                 19741994   3862        0
1974  -10  -10  -10  -10  -10 5039 1803 2585 3268 1255  414    0   -10
1975  209  128  297   97 1336 2221 3150 2238 2253 1417  762    0 14108
1976    2   12    0  131  432 2962 1851 2032 3081 2588 1222    0 14313
1977    0   17    4  107  832 2432 2127 2464 2290 1650  812  151 12886
1978   78    0  -10  -10  -10  -10  -10  -10  -10  -10  -10  -10   -10
1979    6    7  140  161 2013 2156 3004 3817 3391  344    0    0 15039
1980  593    9    0  324 2298 3224 3578 3399 2779 1484  466    0 18154
1981    0    0    0    0 2179 2020 2748 4148 2401 2913    0  788 17197
1982    0    0    7   79 2514 1888 3092 1930 3675  904   81 1038 15208
1983  157  161  100   16 1261 2279 3390 3040 4512 2551 1503 1460 20430
1984   92    0    0   42 2015 4022 2947 3120 4991 1153   82    0 18464
1985    0    0    0    0 1532 2788 3181 3382 2696 2214  502  159 16454
1986    0   31   82   34 1749 1979 3015 3046 3022 1540 1030    0 15528
1987  213   36    0  123  553 1593 4012 1659 2958  595  153  478 12373
1988   23   40    0    0 1208 4113 2935 3923 3110 1336  750  249 17687
1989   30   38  120  185 1316 3536 2988 2691 4008 1474  161 1482 18029
1990   93   44  103  328 1302 3860 3586 2784 3357 2380   32    0 17869
1991    0  343    0    0  315 4015 2708 2743 3227 3066 1230    0 17647
1992    0  178  625 1101 2448 4316 4452 2644 3742 2112 1415    0 23033
1993   26    0   66   66 1117 3192 2663 3994 3506 2162    0    0 16792
1994   22    0    6    0 1603 2750 2516 3051 3044 2413  681    0 16086
   3863 1250 -9750    0                                 19741994   3863        0
1974  -10  -10  -10  -10  -10 5182 1442 1766 2978  846    2    0   -10
1975    0  133  268   89 1030 1787 1844 1628 2017 1093  538    0 10427
1976   28   16    7  157  219 3185 1405 1749 2505 1993  611    0 11875
1977    0    1   11  196  772 2408 1367 1893 2023 1155  202    0 10028
1978   90    0  -10  -10  -10  -10  -10  -10  -10  -10  -10  -10   -10
1979  102   22  301  248 1630 2233 2519 3279 4072  633    0   13 15052
1980  460   75    0    0 1732 2632 2840 3298 2747 1227    0    0 15011
1981    0    0    0    6 1815 2889 2815 4000 2284 2468    0    9 16286
1982   57    3   12  137 2067 2194 2275 1530 2944 1048   87  341 12695
1983  241  286  152   23 1103 2453 3163 2686 4670 2307 1129  893 19106
1984  317    2    0   22 2125 3730 3031 2668 4283  728    0    0 16906
1985    0    0    0   26 1234 2683 3046 2975 2122 2023  388  220 14717
1986    0   29   61   86 1548 1904 2168 2512 2750 1214  607    0 12879
1987  346  139    0   93  552 1637 2980 1188 2390  554    0    0  9879
1988   39   40    0    2  936 4006 2684 3854 3051  982  195    0 15789
1989  108  172  110  228 1346 3311 2480 2149 3701 1461  170 1702 16938
1990  233  278  167  197 1325 3303 2991 2367 2938 1667   37   76 15579
1991    0  430    0    0  144 3799 2297 2334 2910 2858  616    0 15388
1992    0  294  918  469 1802 4453 3914 2138 3227 1882 1272    0 20369
1993  256    0   98  119 1267 2970 2323 3684 3110 1685    0    0 15512
1994   97    0   17   42 1093 2141 1776 2601 2317 1811  241    0 12136
   3864 1250 -9380    0                                 19741994   3864        0
1974  -10  -10  -10  -10  -10 3806 1771 1958 3100  871    8    0   -10
1975    0  113  269   80 1287 1775 1807 1939 2655 1851  652    7 12435
1976   43   19   31  296  370 3176 1775 1973 2788 1550  431    0 12452
1977    9   11   16  512 1225 3234 1188 1980 2061  825  198    5 11264
1978   85    0  -10  -10  -10  -10  -10  -10  -10  -10  -10  -10   -10
1979   28   22  751  626 1424 2985 2452 2657 3592  883    0  140 15560
1980  349  184   19   60 1503 2158 2562 2607 2561 1691    0    0 13694
1981   30    0   61  172 1857 3390 2234 3587 2340 2407   34    4 16116
1982  148   57   52  383 2465 2575 1691 1253 3444 1276  182   63 13589
1983  256  564  316  107  942 2955 2937 2376 4061 1933  904  296 17647
1984   91  151    0   41 2323 3803 3617 2747 3996  825    0    0 17594
1985    0   48   50  212 1517 2859 2975 2868 2216 1552  456   72 14825
1986   15   43   75  235 1827 1582 1910 1920 2002  993  337    0 10939
1987  523  147   34  395  812 1691 2470 1012 2190  614    0    0  9888
1988   93   39   44   66  961 3817 2245 3709 3443  907  167   12 15503
1989  373  562  179  380 1503 2862 2275 1981 3757 1940  392 1196 17400
1990  292  535  282  587 1381 3108 2677 2322 2711 1092   18  225 15230
1991   46  456    0  154  511 2994 2153 2180 2815 2313  338  184 14144
1992    0  329  688   57 1357 4722 3816 2209 2979 1783 1109    0 19049
1993  476   50  167  281 1812 2924 2193 3516 2884 1562  114    0 15979
1994   86   61  111   79 1060 1794 1053 2590 1729 1483  322  203 10571