1974 3795 1505 3958 1157  123    1    1   11    7  334 1122 1899 13913
1975 1745 4507 3770 3746  147   27    1    5    0   99 1034 4343 19424
1976 3710 2723 4414  471   45    0    3    0    0   51  471  900 12788
1977 3383 2747 2990 1780  300    0    0    3   32    0  424 2545 14204
1978 3099 2684 1722 1053  271   20   50    2    0   12 1079 1830 11822
1979 3841 2317 2128  478  120    0    0    0    0  119  134  686  9823
1980 5590 4026 2637  760   73    7   64    1    0    0  216 1094 14468
1981 5576 2336 4172  224   68   69   21    2  105  132 1121 2753 16579
1982 3731 2952 2415  383  239    1    0  148    2    0   66  911 10848
1983 1086 1568 3130 1740  908    0    0    0    0  226  330 1557 10545
1984 2974 5004 3223  523   89  143   18   22   49   72  197 2557 14871
1985 1990 3987 4958 3882   27   41   84   33   25    1  814 1381 17223
1986 7406 1262 2330 2747  199   11  192    5   25  419  241  667 15504
1987 3449 7085 2366 1836  270   66   36   12    5   12  103 3498 18738
1988 2058 3447 3600  508   21    0    3   12   11   24  766 1993 12443
1989 3671 1833 5171 3140   86   30    0    0    1  128  540 1393 15993
1990 2497 1497 1683 1031 1634   87    2    7    0    6  740 2519 11703
1991 6258 4727  529 1537    9    6    0    3    8    6  987  373 14443
1992 1965 1412 1083 2181  241    0    0    8   11  163  741 1840  9645
1993 3633 3564 1118  100  337   76    5    7   16   94  533 3665 13148
1994 1990 4322 2449  214  121    5    0    0    0   38  477 2522 12138
   2966-1250 13880    0                                 19741994   2966        0
1974  -10  -10  -10  -10  -10   68   97   56  218  264  785 2051   -10
1975 2819 4557 3842 2607  201  156  129  490  186  257 1147 4613 21004
1976 4101 3356 4270 1075    0  358  176  155   66   46  542 2517 16662
1977 3961 3880 3419 2618  385  441  297  186    0  266  378 2429 18260
1978 2835 3103  -10  -10  -10  -10  -10  -10  -10  -10  -10  -10   -10
1979 5221 3125 2504  550  126  150  327   70    0  186  119  445 12823
1980 4495 4129 3550  386  228   57  126    0   26    5  126 1005 14133
1981 6216 3297 2296  634  248   37   66   88    0    0  879 2394 16155
1982 3984 2703 2837 1366  179    0    0  416   34    0   71  525 12115
1983 1385 1399 3627 1500 1323   78    0  187  124    0  478 1889 11990
1984 3148 5875 3555  846    0  142   87    0    0   94   13 2614 16374
1985 2975 3197 4410 2425  659  189   49   29    0  377 1117 1723 17150
1986 5903 2073 2182 1919   47    1  146  516   21  426    0  443 13677
1987 3311 6211 1724  913  191  224  195    0  278    0  349 2763 16159
1988 1928 2800 3869  107  366  229   17   78   86    0 1240 2990 13710
1989 2977 2443 4898 2868  161  427  352    0    0 1179  978 1229 17512
1990 2575  979 3092  489 1678 1194    0  145  167    0  314 1496 12129
1991 5689 5404  410  917  272    0    0    0    0    0  392  573 13657
1992 1959 2504  764 1571  114  101   60    0   76   42  248 3012 10451
1993 3514 2967  503  133  897    0    0    0  594  276  307 2889 12080
1994 1884 5272 2078  488 2052    0    0  218    0    0  311 1088 13391
   2967-1250 14250    0                                 19741994   2967        0
1974  -10  -10  -10  -10  -10    0    0   81    0  105  264 1264   -10
1975 3279 4154 3674 1756  246    0    0  173   51    0 1010 4813 19156
1976 3507 3079 3969 2162   90  161   71   97   40    0  428 2513 16117
1977 4144 4437 3349 3120   89   52    0    0    0   10  320 2081 17602
1978 2264 3471  -10  -10  -10  -10  -10  -10  -10  -10  -10  -10   -10
1979 6649 3234 2789 1312    0  103  154   14    8   80   40   74 14457
1980 3437 4160 3786    0    0   79    0    0   18   66    0  636 12182
1981 6198 3527 1194 1416  374    0    0   49    0    0  329 2327 15414
1982 3928 2398 2856 2190    0    0    0  270   23    0  118  150 11933
1983 1554 1192 3126 1273 1284    0    0   88  108    0  397 2366 11388
1984 2608 5934 3264 1172    0    0    0    0    0    0   60 2475 15513
1985 3233 3004 3935 1913  788    0    0    0    0   18  727 1471 15089
1986 5437 2504 1885 1539    0    0    0  175   15   89    0  142 11786
1987 2894 5459 1849 1099   35  188  119   33    0    0  175 2133 13984
1988 1588 2447 3873    0  155   21    0    0    0    0  854 3104 12042
1989 2434 2966 4180 2585   93    0    0    0    0  383 1449  811 14901
1990 2599  446 3803  583  962  549    0   28    0    0  135  859  9964
1991 5240 5535  719  619  130   36    0    0    0    0   20  842 13141
1992 1993 2764  720 1174   77   53    0    0   76   10  109 3338 10314
1993 3280 2765   59  148  628    0    0   63  285  211   41 2049  9529
1994 1658 5466 1418  694  955    7    0    0    0    0  299  251 10748
   2968-1250 14630    0                                 19741994   2968        0
1974  -10  -10  -10  -10  -10    0   37  132   38  254  180  571   -10
1975 2096 3714 4441 1846  704  901    0  157  340   85  556 4383 19223
1976 3009 3312 2768 3056 1107  430   26  143  114  190  440 2200 16795
1977 3475 5370 2268 3257  719    0  282    0   80    0  375 1030 16856
1978 1982 2482  -10  -10  -10  -10  -10  -10  -10  -10  -10  -10   -10
1979 6849 2859 3352 2073   57    0  249    0   43    0   41    1 15524
1980 2320 2522 3655    0    0  223    0    0    0  107    0 1000  9827
1981 6533 2064  594 1025  428    0    0   46    0    0   21 2089 12800
1982 2997 1966 2985 3283  237   55    0  766   56   10  201    0 12556
1983  939  940 2788  986 1691   25    0   80  370    0  332 2104 10255
1984 2377 4456 2388 1046    0   27    0    0    0    0    0 2317 12611
1985 2575 3621 4644 1722 1232  245    0    0    0    0 1188  803 16030
1986 4462 1876 1950 2969    0    0    0   84    0   95    0  150 11586
1987 1708 4706 2273 1896  171  322  138  159    0    0    0 1989 13362
1988 1386 2354 2848  831  575  221    0   58   38    0  868 2255 11434
1989 1842 1954 3991 3488 1056  119  192  111    0  241 1430  758 15182
1990 2495  404 4103 1677 1085 1098  139   22   47    0   89 1076 12235
1991 5115 4041  854  738  846   85    0    9    0    0   61  422 12171
1992 1195 2274  777 1119  404   34    0    3  155    0   50 2574  8585
1993 2461 2051  288  364  785    0    0  158  511  219    0 1317  8154
1994 1651 4913 1194 1204 1999    0    0   21    0    0  266    0 11248
   2969-1250 15000    0                                 19741994   2969        0
1974  -10  -10  -10  -10  -10 1100 1833  419  528 1353 1497  763   -10
1975 1770 3380 4118 2077 2449 1379  697  137  810  896  774 3407 21894
1976 2454 3298 1956 3527 2365  642  465  237  494    0  667 1603 17708
1977 3114 4023 2532 3380  545    0  726    0  354  169  540  368 15751
1978 1370 2640  -10  -10  -10  -10  -10  -10  -10  -10  -10  -10   -10
1979 4983 1884 3024 2252  184    0   63    0   30  412    0  831 13663
1980 1778 2480 3733  190  249    0    0   77    0   82    0 1358  9947
1981 5007 1828  452 1066  253    0  759  108    0  332    0 1466 11271
1982 2695 1910 2351 3416 1372  549    0  297   53    0  449    0 13092
1983  824 1841 1885 1066 1900  536    2    0  714    0  593 2198 11559
1984 1960 3431 2302 1351  612  371    0    0   38 1080    0 2107 13252
1985 2760 3669 4195 1848 2236 1366  198  626    0  600 1763  999 20260
1986 4692 2125 2067 3593   96    0   49  216    0  233    0  630 13701
1987  980 3376 2071 1794   54  299    0  136    0    0    0 2447 11157
1988 1798 3088 2357 1644  489 1103  158 1256 1321  590  465 1863 16132
1989 2080 1682 3332 5252 2344  972  997 1435  745  447 1166  656 21108
1990 1991  429 3286 1596 1590 1225  998    0 1108    4   77 1984 14288
1991 3040 3244 1724 1103 1981   21    0  573    0  474  203  240 12603
1992  800 2395  868 1135  781    0  125    0    0    0    0 2420  8524
1993 1409 2545  693  712  393    0    0   73  303  125    0 1295  7548
1994 1873 4021  776 1585 3290  218    0  570    0    0   92    0 12425
   2970-1250 15380    0                                 19741994   2970        0
1974  -10  -10  -10  -10  -10 2472 3841  744 1412 2629 3132 1638   -10
1975 2019 3159 4606 2160 4270 1803 2123  194 1721 1835 1485 2841 28216
1976 2771 3782 1461 3980 3283 1431 1630  594  903    0  984 1146 21965
1977 3121 2980 3019 3286  419  468 1343  358  507  771 1108    0 17380
1978 1251 3027  -10  -10  -10  -10  -10  -10  -10  -10  -10  -10   -10
1979 4130 1776 1943 2322  301    0  153    0   45 1047    0 1523 13240
1980 1183 3042 3386  422  654    0    0  217    0   98    0 1450 10452
1981 3766 2053  626  987  283    0 1550  117  437  847    0 1120 11786
1982 2816 2097 1806 3614 2463  897  646  510    0    0  684    0 15533
1983 1086 2242 1575 1334 2033 1123  188    0  943    0  848 1988 13360
1984 1804 2889 2686 1794 1331  862    0   36  869 2613    0 1684 16568
1985 3000 3444 4316 1949 3253 2416  766 1807  695 1196 2484 1615 26941
1986 4365 2953 2071 3915  564   84  431  120    0  230    0 1450 16183
1987  435 3134 1543 1615  444  393  171  152   86    0    0 3141 11114
1988 2736 3028 1742 2359  494 2027  754 2056 2295 1823  331 1915 21560
1989 2388 1833 2911 7218 3484 1875 1609 2822 1893 1117  781  895 28826
1990 2028  624 3059 1320 1893 1118 1632   25 2500  610  198 2424 17431
1991 1843 2782 2286 1460 3286  315    0  979  102 1575  677    0 15305
1992  781 2864  856 1522 1375    0  586    0    0    0    0 1639  9623
1993  805 2689 1088 1064  616  207    0  124  170  147    9 1582  8501
1994 2661 3767  629 1886 3872  754    0 1004    0  306   22    0 14901
   2971-1250 15750    0                                 19741994   2971        0
1974  -10  -10  -10  -10  -10 2489 3113  705 1674 2246 2611 1756   -10
1975 2329 2570 4210 1522 3862 1836 2315  674 1743 1573 1914 2803 27351
1976 3788 3942  941 3466 3338 2266 2683 1166 1179    0 1418 1332 25519
1977 3003 2668 3274 3184  950 1541 1843 1122  595  736 1548    0 20464
1978 1589 3292  -10  -10  -10  -10  -10  -10  -10  -10  -10  -10   -10
1979 4187 2266 1749 2137  579  352  581    0    0  921  137 1668 14577
1980 1168 3394 3092  784 1185    0  279  413   90    0  777 1622 12804
1981 2789 2706  895 1220  416    0 1839  287  963 1065   14 1808 14002
1982 3164 2506 2030 3695 2882 1311 1679 1276  236  117  455  212 19563
1983 1289 3001 1334 1586 2366 1488  713  127 1443  253 1265 2129 16994
1984 2237 2816 3260 2182 1723 1460  164   91  918 3085  663 1382 19981
1985 3212 3395 3724 2009 3221 2555 1392 2105 1242 1242 2656 1591 28344
1986 3772 3558 2154 3787 1436  465  656  192  467  179  535 2033 19234
1987  427 3278 1777 1966 1010  471  881  175  360    0    0 2512 12857
1988 3185 3418 1467 2461  618 2574 1158 2326 2756 2432  712 2540 25647
1989 3180 2613 2673 6273 3900 1861 1284 2408 2274 1050  725 1407 29648
1990 2706  540 3165 1576 1480  759 1510  453 2368 1165  637 2646 19005
1991 1605 2976 2685 1376 3360 1129   96 1464  994 2076  982    0 18743
1992 1168 3455 1208 1687 1457  351 1234    0    0    0    0 1074 11634
1993  622 2628 1803 1470  933  422    0  182  259  223    0 1935 10477
1994 3034 3732 1329 2475 3888 1362  284 1750   39  332    0    0 18225
   2972-1250 16130    0                                 19741994   2972        0
1974  -10  -10  -10  -10  -10 2334 2369  796 1684 2600 2550 1974   -10
1975 2978 2466 3957 1454 3251 1986 2289  799 1825 1387 2514 2808 27714
1976 5048 3899 1219 2977 2935 2705 3149 1606 1411  383 2009 1672 29013
1977 3220 2720 3207 3082 1415 2418 2064 1724  762  622 1903   93 23230
1978 1989 3404  -10  -10  -10  -10  -10  -10  -10  -10  -10  -10   -10
1979 4210 3008 1683 2005  894  849 1066   31  217  819 1092 1970 17844
1980 1376 3468 2699  954 1517  139  817  558  927   30 1762 1498 15745
1981 2587 3451 1188 1799  641   60 1780  421 1523  965  389 2619 17423
1982 3275 2879 2695 3343 2987 1631 2346 2295  664 1166  825  572 24678
1983 1629 3159 1505 2210 2477 1551 1110  670 1725  504 1562 2599 20701
1984 2685 2793 3864 2804 2065 2234  486  168  829 3257 1607 1366 24158
1985 3212 3081 3501 2003 3243 2476 1977 2260 1641 1173 2687 1648 28902
1986 3573 3878 2476 3803 2263  860  713  342  895  221 1374 2809 23207
1987  971 4190 2109 2354 1429  979 1455  256  666  424  476 2158 17467
1988 3643 3723 1551 2342 1188 3045 1426 2097 2697 2835 1225 3474 29246
1989 3571 3393 2650 5540 3846 1874  805 1862 2273 1109  911 2177 30011
1990 3337  578 3685 1528 1198  636 1053  770 2085 1605 1146 3113 20734
1991 1933 3407 3038 1542 3072 2112  557 1643 1820 2452 1363    0 22939
1992 1648 3889 1486 2109 1393  910 1711  400    0  396  125  999 15066
1993  781 2358 2614 1747 1356  626  129  684  692  275  366 2378 14006
1994 3339 3811 2260 2636 3504 1827  635 2233  478  600    0   68 21391
   2973-1250 16500    0                                 19741994   2973        0
1974  -10  -10  -10  -10  -10 2302 1854  939 1633 3374 2907 2494   -10
1975 3546 2575 3822 1708 2795 2462 2290  896 1998 1425 3079 2702 29298
1976 6036 3828 1751 2916 2464 3273 3396 1924 1632  973 2544 2010 32747
1977 3711 2987 3246 3083 1822 3198 2172 2251 1022  729 2311  328 26860
1978 2509 3687  -10  -10  -10  -10  -10  -10  -10  -10  -10  -10   -10
1979 4322 3448 1572 1984 1274 1372 1540  446  864  855 2029 2486 22192
1980 1685 3449 2421 1119 1909  730 1328  850 1832  720 2816 1466 20325
1981 2628 4112 1552 2633  967  324 1756  652 2060  977  952 3323 21936
1982 3586 3199 3365 2977 3073 1988 3100 3459 1119 2261 1209 1035 30371
1983 2210 3315 1824 3124 2454 1657 1468 1295 1912  862 1909 3321 25351
1984 3095 2841 4385 3525 2522 3150  744  321  833 3472 2701 1645 29234
1985 3290 2882 3542 2136 3234 2478 2501 2603 1993 1183 2782 1797 30421
1986 3625 4144 2799 4033 3025 1410  746  660 1291  370 2238 3609 27950
1987 1698 5156 2456 2855 2005 1808 2063  384 1086 1109 1054 2011 23685
1988 4486 4023 1806 2338 1921 3761 1685 1919 2508 3171 1807 4350 33775
1989 3775 4052 2651 5310 3801 1996  378 1449 2438 1336 1554 2907 31647
1990 3722 1135 4278 1593 1097  832  748 1140 1864 2054 1885 3728 24076
1991 2438 3853 3469 1810 2784 3093 1040 1803 2588 2931 1810  188 27807
1992 2244 4422 1841 2668 1467 1503 2252  943  244  885  339 1127 19935
1993 1080 2212 3536 2133 1888  940  630 1544 1290  526  885 2875 19539
1994 3733 4045 3202 2911 3123 2407 1015 2825 1074 1019    0  823 26177
   2974-1250 16880    0                                 19741994   2974        0
1974  -10  -10  -10  -10  -10 1941 1393  942 1427 3993 3223 2919   -10
1975 3483 2836 3550 2485 2437 3104 2088  940 2219 1725 3220 2331 30418
1976 6174 4032 2344 3218 2224 3595 3085 1823 1534 1546 2775 2142 34492
1977 4083 3122 3462 3188 2147 3512 2010 2335 1195 1081 2538  463 29136
1978 2955 4103  -10  -10  -10  -10  -10  -10  -10  -10  -10  -10   -10
1979 4327 2981 1565 1919 1723 1801 1938  729 1586 1055 2541 3046 25211
1980 2151 2989 2497 1200 2349 1355 1642 1358 2425 1406 2985 1630 23987
1981 2994 4336 1957 3744 1261  707 1665  955 2266 1222 1588 3829 26524
1982 3875 3239 3802 2597 2952 2347 3294 4249 1298 3105 1927 1437 34122
1983 3097 3579 2384 4258 2226 1480 1446 1612 1757 1150 2304 4000 29293
1984 3304 2831 4961 3720 2970 3948  721  666  812 3563 3171 2323 32990
1985 3536 3012 3991 2136 2941 2501 2773 2885 2074 1546 2621 1748 31764
1986 3794 3916 2899 4513 3293 2003  694 1067 1505  652 2717 4410 31463
1987 2578 5669 2624 3488 2561 2658 2445  550 1419 1729 1468 2068 29257
1988 5309 4170 2285 2552 2506 4589 1866 1808 2349 3182 2080 4679 37375
1989 3817 4322 2538 5260 3694 1945  358 1087 2455 1691 2486 3219 32872
1990 3253 1664 4671 1807 1240 1270  803 1300 1545 2481 2488 4278 26800
1991 2772 4111 3798 2164 2339 3637 1348 1771 3213 3284 2157  770 31364
1992 2862 5131 1954 3007 1759 1866 2559 1491  787 1571  691 1462 25140
1993 1320 2439 4633 2432 2144 1249 1326 2628 1914 1012 1437 3191 25725
1994 4123 4095 4229 3298 2690 2925 1463 3416 1478 1404  567 1958 31646
   2975-1250 17250    0                                 19741994   2975        0
1974  -10  -10  -10  -10  -10 1293  990  945 1035 3347 3031 3083   -10
1975 3416 3174 3302 2819 2489 2226 2048 1162 2053 1782 3460 2297 30228
1976 5926 4183 2645 2704 2025 3539 2932 1492 1491 1638 2625 2732 33932
1977 4687 3052 4379 2921 2792 3273 1918 2124 1698 1939 2834  497 32114
1978 3538 3557  -10  -10  -10  -10  -10  -10  -10  -10  -10  -10   -10
1979 4400 2411 1864 2082 2035 2752 2560 1125 2149 1367 3386 3497 29628
1980 2651 3105 2422 1601 2681 1589 1989 1752 2840 1563 3117 1939 27249
1981 2957 4189 1951 4409 1734 1279 1591 1277 1875 1677 1967 3871 28777
1982 4103 2925 4089 1720 3231 2022 3575 4752 1493 4032 2781 1586 36309
1983 3995 3639 2629 3068 2114  799 1263 1212 1535 1386 2849 4536 29025
1984 3366 2822 5566 3512 3525 4042  759  899  859 3695 3357 2858 35260
1985 3690 3422 4851 1806 2644 2135 3019 2857 2193 2052 2276 1537 32482
1986 3857 3298 2678 4637 3614 2229  644 1672 1774 1159 2870 4921 33353
1987 1496 5581 2652 4001 3120 1595 1736  629 1578 2112 1605 1880 27985
1988 5044 3922 2561 3674 2212 3850 2465 1851 2364 3120 2214 4627 37904
1989 3463 5441 2714 3961 3496 1697  739  748 2006 2053 2877 2793 31988
1990 2782 1646 4292 1776 1605 1816 1107 1159 1510 3257 3266 4384 28600
1991 3404 4190 3827 2399 2378 2549 1469 1893 4677 3576 2767 1368 34497
1992 3250 3932 2027 3325 2097 1584 2958 2555 1499 2205 1103 1860 28395
1993 1575 2422 6037 2521 2614 1406 2166 4185 2887 1882 1793 3346 32834
1994 4337 3940 4432 3625 2718 2704 2096 2451 1684 1903 1592 3437 34919