1974  300  420  350  370  330  430  320 1060  520 1950 1960  420  8430
1975  430  340  360  510  130   80  280 2010 1020 2390 2660 1890 12100
1976  580  970  300  620  269  560  930  770  810 1930  710 2050 10499
1977   90  300   90  560  320  450  790 1370 1380 2770  950  240  9310
1978  210  210  670  330  260 1050 1324 1360 1230 2500 1100  460 10704
1979  220   90  680  440  320 1470 1640 1620 1030 1290 1710 1240 11750
1980  800  360  330   70  250  910 1020 3360  850 1620 1110  870 11550
1981  300  510  470 3050 1101 1280 1440 1750  640 2410 1400  740 15091
1982 1090  970   90  770  210  340 1070 2320  910  980 1000  660 10410
1983  900  120  130  420  880  670 2110  910 1340 1010  360  830  9680
1984 1250  350  390   60  450  530 1401  770 2380 1810 3020  610 13021
1985  350  530  340 1000  320  690 1420 1910 1140 3120 1230 1150 13200
1986  690  250  500  500  380 1270  810 1410 1060 1840 2020  650 11380
1987  110  120  380  480 1640 1360  770 1460 1110 1000 2650  980 12060
1988  690  520  450  170  280  826  990 1340 2670 2907 2028 1027 13898
1989  666  639  559  331  218  763  893 1293 1584 1079 1364  461  9850
1990  511  308  213  913  638 1038 1096 1769 1097 1151 1648  941 11323
1991  449  421  582  964  247  466 1001  950 1480 1130  -10  847   -10
1992  610  700  170  360 2140 2400  860 1180  -10 1339  865 1124   -10
1993  850  380  510  220 1120  -10  987 2860 1593 1304 2247 1076   -10
1994  790  330  190  100  130  530  660 1379 3500 1370  910  940 10829
   3874 1250 -5630    0                                 19741994   3874        0
1974  -10  -10  -10  -10  -10  497  837 1193 1436 1602 1482  804   -10
1975  781  594  438  568  600  983  897 1478 1296 2519 1729 1986 13869
1976 1215 1130  764  726 1010 1658 1007  898  854 1456 1056 2248 14022
1977  492  419  329  618  419 1354 1074 1577 1371 2326 1219  766 11964
1978  475  427  -10  -10  -10  -10  -10  -10  -10  -10  -10  -10   -10
1979  368  201  829  581  655 1597 2142 1453 1484 1911 1862 1522 14605
1980  909  493  314  240  908 1842 1328 2276 1438 2046 1492  914 14200
1981  595  559  352 2815  868 1379 1732 2296 1437 1371 1169  956 15529
1982  920  674  508  723  307 1790 1181 1774 1603 1204 1528 1087 13299
1983  966  451  435  466 2127 1711 1766 1286 1447 1685  401 1080 13821
1984 1273  442  424  226  943 1019 1615 1239 1656 1973 2256  720 13786
1985  170  842  564  503  597 1137 1292 1417 1134 3157 2014 1028 13855
1986  873  212  971  443  707 2042  853 1498 1336 1831 2651  914 14331
1987  295  513  372  158 1043 1510 1618 1167 1446 1437 2125  983 12667
1988  741  529  400   72  600 1134  976 1672 1987 2957 1861 1123 14052
1989 1121  872 1016  612  457  950 1161  847 2465  724 1572  516 12313
1990  662   32  405 1032 1212 1506 1231 1792  688 1901 1646  616 12723
1991  421  500  331  666  161  389 1063  766 2172 1183 3441  692 11785
1992  859  592  229  224 1950 3225 1117 1101 1801  686 1146 1034 13964
1993  884  291  414  123 1495 1519 1060 2099 1708 1435 1850 1056 13934
1994  590  254  350  464  349 1245  651  832 2403 1284 1040 1091 10553
   3875 1250 -5250    0                                 19741994   3875        0
1974  -10  -10  -10  -10  -10  625  860 1064 1605 1322 1121  853   -10
1975  863  758  601  718  784 1428  977 1194 1281 3027 1576 1768 14975
1976 1504 1195 1114  972 1469 1665  955  822  722 1805  961 2579 15763
1977  618  480  505  806  729 1284 1059 1344 1304 2502 1429  911 12971
1978  606  588  -10  -10  -10  -10  -10  -10  -10  -10  -10  -10   -10
1979  475  271  776  708  847 1392 2030 1203 1439 1896 1880 1407 14324
1980 1009  544  299  475  882 1963 1079 1714 1457 1912 1265  844 13443
1981  690  614  366 2428  493 1177 1577 2189 1761  934  885  949 14063
1982  752  529  720  530  329 2024 1007 1547 2114 1280 1578 1048 13458
1983  906  634  626  749 2089 1583 1578 1070 1316 2120  359 1098 14128
1984 1456  358  473  417 1355 1179 1252 1222 1321 2063 1852  927 13875
1985  118  960  759  522  867 1069  801 1005  924 3235 2492  849 13601
1986 1017  190 1068  546  817 2301  609 1146 1262 1824 2833  891 14504
1987  379  628  373  211  847 1286 1584  998 1205 1709 1762  873 11855
1988  845  490  548  155  774 1265  595 1229 1714 2864 1903 1015 13397
1989 1285 1150 1395  805  659  652  801  728 2446  712 1528  432 12593
1990  676    0  397 1046 1415 1419  905 1641  654 2112 1736  762 12763
1991  325  497  181  474  327  164  693  731 2382 1150 3774  572 11270
1992  941  619  285  346 1787 3225 1003  804 1669  422  928  867 12896
1993  858  278  336  103 1624 1330  979 1409 1623 1389 1756  911 12596
1994  560  183  450  819  782 1451  496  675 1618 1253 1145 1407 10839
   3876 1250 -4880    0                                 19741994   3876        0
1974  -10  -10  -10  -10  -10  613  827  937 1533 1225  841  680   -10
1975  790  772  705  783  770 1474  967 1043 1163 3382 1736 1550 15135
1976 1378 1037 1183 1028 1566 1097  869  746  643 2200  876 2510 15133
1977  551  412  582  824  764  930 1015 1117 1344 2593 1445  791 12368
1978  563  616  -10  -10  -10  -10  -10  -10  -10  -10  -10  -10   -10
1979  468  274  416  692  600 1197 1752 1132 1474 1704 1870 1051 12630
1980  904  595  201  504  595 1720  900 1395 1429 1730 1310  650 11933
1981  598  502  403 1973  182 1011 1295 2176 1934 1034 1087  755 12950
1982  574  447  806  473  158 1786  832 1455 2472 1627 1667 1019 13316
1983  762  636  638  790 1736 1389 1572 1096 1230 2734  586 1004 14173
1984 1664  272  442  522 1256 1015  960 1081 1169 2332 2051  962 13726
1985   77  984  827  587  928  713  695  823 1117 3339 3002  552 13644
1986  898  172 1049  624  869 2064  573  976 1253 2102 2696  935 14211
1987  344  611  379  239  643  961 1551 1009  977 2027 1309  710 10760
1988  801  356  614  200  715 1259  549 1002 1882 2868 2012  901 13159
1989 1174 1281 1268  835  656  686  677  717 2499  937 1640  240 12610
1990  517    0  309  810 1324 1207  775 1677  922 2164 1997 1082 12784
1991  104  431   72  219  340   73  478  815 2373 1296 3994  508 10703
1992  837  600  262  403 1353 2804  938  670 1729  570  793  633 11592
1993  660  209  216    0 1346 1008 1015 1040 1664 1539 2052  851 11600
1994  415   69  492  865  943 1359  582  678 1070 1249 1334 1471 10527
   3877 1250 -4500    0                                 19741994   3877        0
1974  -10  -10  -10  -10  -10  548  804  852 1403 1285  622  436   -10
1975  930  676  721  740  668 1342  946  972 1031 3366 2114 1470 14976
1976 1058  803 1095  934 1719  916  802  698  712 2437  817 2265 14256
1977  388  290  565  736  670  779  989  985 1344 2635 1379  575 11335
1978  554  578  -10  -10  -10  -10  -10  -10  -10  -10  -10  -10   -10
1979  397  229  410  594  340 1099 1474 1164 1513 1569 1983  627 11399
1980  696  573   78  405  374 1321  791 1156 1377 1789 1394  436 10390
1981  411  322  451 1622  126  987 1014 2189 1973 1555 1474  558 12682
1982  397  353  920  363  201 1330  726 1304 2638 2081 1800 1054 13167
1983  588  544  560  712 1374 1275 1575 1278 1166 3349  875  960 14256
1984 1807  193  353  514 1077  680  819  916 1025 2786 2594  937 13701
1985    0  911 1008  611  838  748  681  789 1367 3496 3406  206 14061
1986  662  132  984  628  782 1475  559  979 1192 2468 2478 1152 13491
1987  246  527  362  221  386  728 1465 1025  875 2324  934  538  9631
1988  660  172  587  198  561 1077  547 1110 2071 2868 2202  788 12841
1989  958 1437  995  750  535  707  709  757 2730 1216 1757   24 12575
1990  291    0  170  678 1272  910  704 1762 1176 2358 2245 1551 13117
1991    0  352    0  181  271   70  462  857 2263 1754 4015  674 10899
1992  636  504  181  438  956 2302  893  601 2037 1009  739  399 10695
1993  379  101   96    0 1004  658 1091  904 1720 1917 2508  953 11331
1994  639  268  472  742  812 1145  664  694  797 1382 1557 1314 10486
   3878 1250 -4130    0                                 19741994   3878        0
1974  -10  -10  -10  -10  -10  481  808  815 1381 1413  451  367   -10
1975 1309  690  672  631  544 1170  939  963  924 2829 2438 1450 14559
1976 1081  583  952  805 1589  838  764  684  899 2572  749 2034 13550
1977  200  172  514  615  552  814  990  949 1272 2681 1305  351 10415
1978  687  519  -10  -10  -10  -10  -10  -10  -10  -10  -10  -10   -10
1979  307  166  386  525  346 1162 1287 1192 1550 1589 2163  377 11050
1980  480  480   63  270  330  846  773 1121 1392 2151 1315  235  9456
1981  194  554  498 1341   63 1073  920 2054 2024 2136 1963  421 13241
1982  243  268  978  237  202  773  819 1118 2602 2408 1817 1179 12644
1983  417  428  457  529 1066 1262 1481 1322 1092 3594 1245 1050 13943
1984 2002  124  243  435  851  560  902  829  941 3216 3128  876 14107
1985    0  779 1154  588  682  724  684  861 1345 3638 3443    0 13898
1986  412  327  895  569  466  809  564 1039 1089 2849 2413 1362 12794
1987  135  419  320  188  117  763 1266 1078  903 2411  856  381  8837
1988  586    0  506  174  623  817  568 1480 1957 2855 2344  664 12574
1989  949 1802  754  613  383  690  727  834 2836 1454 1634    0 12676
1990  234    0   45  586 1132  545  641 1922 1441 2581 2383 2159 13669
1991    0  370    0  164  189   47  471  904 1993 2348 3649 1047 11182
1992  414  420   81  600  840 1902  901  622 2406 1422  574  198 10380
1993  539    0    6    0  858  404 1205  993 1670 2368 2721 1217 11981
1994 1129  617  436  573  483 1012  760  714  691 1720 1870  972 10977
   3879 1250 -3750    0                                 19741994   3879        0
1974  -10  -10  -10  -10  -10  420  844  825 1427 1527  313  769   -10
1975 1776  918  590  501  425 1007  954 1164 1334 2140 2536 1347 14692
1976 1410  511  816  680 1155  767  761  710 1112 2711  657 1952 13242
1977   21   81  594  494  443  832 1014  963 1219 2790 1296  137  9884
1978  893  451  -10  -10  -10  -10  -10  -10  -10  -10  -10  -10   -10
1979  220  109  352  363  346 1249 1127 1263 1595 1769 2235  230 10858
1980  292  350  149  147  284  564  780 1289 1589 2617 1053  195  9309
1981    0  765  517 1050  123 1066  869 1826 2192 2346 2434  430 13618
1982  129  210  983  163  195  312  986 1030 2454 2583 1716 1362 12123
1983  259  324  354  380  746 1230 1319 1189  990 3470 1700 1253 13214
1984 2162   67  237  334  646  551  996  812  955 3433 3434  830 14457
1985    0  629 1197  531  514  686  702  972 1190 3556 3263    0 13240
1986  590  440  789  468  240  536  587 1083 1057 3166 2546 1696 13198
1987   39  314  261  158   69  782 1052 1315  937 2303 1082  244  8556
1988  943    0  408  146  773  548  601 1785 1723 2808 2329  564 12628
1989  980 2209  544  465  245  659  745  945 2669 1576 1467    0 12504
1990  653    0    0  511  965  358  586 2172 1922 2621 2431 2679 14898
1991    0  326   23  158  120   22  504 1004 1683 2705 3116 1478 11139
1992  212  713  170  826  855 1548  907  720 2536 1608  389  161 10645
1993 1063    0   63    0  844  376 1328 1220 1493 2686 2604 1519 13196
1994 1563  804  410  410  208 1065  883  991  648 2083 2222  679 11966
   3880 1250 -3380    0                                 19741994   3880        0
1974  -10  -10  -10  -10  -10  357  910 1030 1537 1501  193 1147   -10
1975 2236 1103  490  375  315  857  985 1574 1715 1476 2327 1090 14543
1976 1742  781  669  559  718  712  793  777 1319 2847  579 2008 13504
1977    0   21  583  384  343  817 1049 1063 1143 2847 1261   64  9575
1978 1079  370  -10  -10  -10  -10  -10  -10  -10  -10  -10  -10   -10
1979  144   65  306  264  335 1211 1050 1426 1597 2201 1954  121 10674
1980  138  211  150   49  240  568  813 1694 1959 2985  872  487 10166
1981    0  868  490  696  257  860  963 1668 2333 2090 2679  675 13579
1982   55  186  855  136  185  378 1112 1219 2066 2743 1606 1517 12058
1983  116  241  250  249  403 1119 1120 1119  847 3014 2104 1495 12077
1984 2059   20  290  234  472  517 1069  882  983 3235 3351  838 13950
1985    0  487 1096  450  356  640  723 1181 1098 3141 3008  161 12341
1986 1483  382  665  340  211  500  622 1200 1127 3335 2806 2212 14883
1987    0  225  197  133    8  568  977 1755 1046 2114 1533  152  8708
1988 1023    0  311  117  737  435  743 2006 1652 2592 2204  719 12539
1989  904 2276  441  325  133  615  763 1338 2192 1501 1468    0 11956
1990 1221    9    0  450  791  374  534 2331 2543 2373 2413 2717 15756
1991   98  205   85  142   61    0  556 1180 1496 2511 2528 1787 10649
1992   47  880  250 1012  716 1178  929  927 2318 1588  434  354 10633
1993 1609    0  258    0  800  348 1498 1571 1257 2712 2217 1668 13938
1994 1636  632  506  267   93 1056 1105 1267  741 2360 2392  595 12650
   3881 1250 -3000    0                                 19741994   3881        0
1974  -10  -10  -10  -10  -10  277 1003 1432 1726 1391  540 1363   -10
1975 2452 1120  381  260  213  710 1022 2086 1952  963 2011  721 13891
1976 1906  923  474  437  563  668  859  893 1503 2908  612 1989 13735
1977    0   97  477  282  244  759 1087 1260 1038 2753 1107  631  9735
1978 1140  277  -10  -10  -10  -10  -10  -10  -10  -10  -10  -10   -10
1979   80   32  248  174  308 1054 1132 1647 1461 2588 1438  148 10310
1980   11   74   87    0  194  565  990 2170 2274 2976  925  789 11055
1981   19  839  418  372  237  572 1296 1751 2258 1785 2539  991 13077
1982   70  184  662   65  165  424 1200 1661 1521 2941 1576 1591 12060
1983    0  175  217  136   57  932 1003 1269  712 2453 2221 1688 10863
1984 1752  176  248  141  320  454 1144 1035  962 2742 2951  867 12792
1985    0  362  908  357  210  586  749 1511 1104 2626 2679  693 11785
1986 2201  285  525  194  172  432  662 1417 1212 3269 2998 2631 15998
1987    0  154  133  108    0  511  977 2176 1214 1995 1830  101  9199
1988  893    0  222   83  539  315 1071 2313 1827 2176 2057 1028 12524
1989  781 2004  410  201   45  556  919 1852 1668 1356 1535    0 11327
1990 1710   91    0  398  610  379  576 2357 2871 2097 2307 2244 15640
1991  493   59   25  109    1    0  614 1442 1357 2133 1883 1878  9994
1992    0  858  186 1060  427  824 1028 1246 1969 1548  694  576 10416
1993 2004    0  262    0  636  319 1670 1889 1090 2537 1812 1581 13800
1994 1440  325  614  146   42  968 1412 1599  946 2396 2279  576 12743
   3882 1250 -2630    0                                 19741994   3882        0
1974  -10  -10  -10  -10  -10  171 1203 1873 2020 1138  901 1274   -10
1975 2072  764  269  156  114  554 1640 2672 2138  680 1514  257 12830
1976 1629  621  244  314  425  626  984 1208 1758 2784  810 1799 13202
1977    0   62  274  186  141  652 1251 1624 1143 2326  675 1060  9394
1978  900  177  -10  -10  -10  -10  -10  -10  -10  -10  -10  -10   -10
1979  242   10  176   89  257  997 1539 2004 1324 2549  901  141 10229
1980    0    0    0    0  142  546 1280 2673 2393 2353 1027  719 11133
1981  169  638  318   43  114  405 1866 2186 2009 1440 1859 1175 12222
1982    0  174  382    0  148  445 1511 2492 1114 2842 1492 1448 12048
1983    0  120  296   42    0  869 1196 1725  775 1832 1877 1669 10401
1984 1132  191  129   54  183  364 1424 1334 1106 1972 2158  753 10800
1985  134  255  676  260   72  523 1208 2038 1297 2162 2154 1107 11886
1986 2053  150  375   37  118  331  899 1907 1422 2832 2867 2449 15440
1987    0   94   70   79    0  471 1239 2632 1485 1872 1638    0  9580
1988  685    0  143   44  201  187 1494 2965 2171 1584 1828 1157 12459
1989  552 1374  226   91    0  483 1312 2481 1422 1334 1524    0 10799
1990 1799  239    0  359  424  367 1002 2435 2639 1880 1990 1311 14445
1991  780    0    0   60    0    0  974 1909 1213 1872 1222 1639  9669
1992    0  583   96  872  170  690 1372 1743 1697 1471 1033  615 10342
1993 1939   17   19    0  303  281 2013 2218 1208 2097 1475 1150 12720
1994  965    8  577   47    0  791 1951 2055 1344 1992 1793  566 12089
   3883 1250 -2250    0                                 19741994   3883        0
1974  -10  -10  -10  -10  -10   36 2121 2547 2380  766  975  918   -10
1975 1309  252  159   65   25  378 2671 3360 2482  510  865    0 12076
1976  992  137   65  192  311  587 1578 1929 2161 2517  896 1374 12739
1977   72    0   64   97   40  478 1691 2064 1576 1644   50 1111  8887
1978  479   80  -10  -10  -10  -10  -10  -10  -10  -10  -10  -10   -10
1979  621    0  111   15  176 1233 2152 2527 1423 2051  484  120 10913
1980    0    0    0    0   77  501 1678 3178 2524 1465  926  408 10757
1981  314  368  203    0   70  428 2669 2777 1877 1023 1038 1101 11868
1982    0  195   68    0  325  461 2116 3452 1034 2361 1172 1103 12287
1983    0   71  272    0    0 1011 1649 2308 1088 1205 1215 1357 10176
1984  415    0    7    0   58  806 1912 1780 1488 1141 1193  484  9284
1985  425  160  410  162    0  450 1877 2799 1713 1669 1448 1142 12255
1986 1277    0  221    0   41  452 1410 2617 1962 2108 2236 1702 14026
1987    0   45   17   48    0  572 1716 3298 1827 1586 1081    0 10190
1988  504  132   75    4   39  131 2126 3903 2612 1012 1352  899 12789
1989  267  656   31    4    0  723 2012 3343 1553 1374 1284    0 11247
1990 1444  363    3  352  235  337 1663 2833 2323 1607 1372  438 12970
1991  854    0    0   10    0    0 1659 2542 1230 1844  622 1162  9923
1992    0  313  134  542   65  820 1880 2495 1625 1282 1120  457 10733
1993 1407  206    0    0    0  234 2569 2778 1573 1543 1019  617 11946
1994  429    0  425    0    0  729 2738 2683 1918 1427 1160  447 11956
   3884 1250 -1880    0                                 19741994   3884        0
1974  -10  -10  -10  -10  -10    0 3290 3580 2843  550  548  276   -10
1975  358    0   63    0    0  173 3892 4091 3389  640  181    0 12787
1976  201    0    0   80  250 1127 2405 3145 3108 2227  768  626 13937
1977  135    0    0   24    0  562 2245 2439 2395 1118   42  605  9565
1978    0    5  -10  -10  -10  -10  -10  -10  -10  -10  -10  -10   -10
1979  673    0    2    0   69 1823 2755 3160 1795 1423  212   77 11989
1980    0    0    0    0    0  895 2180 3503 2912  735  606  114 10945
1981  286   22   89    0  261  804 3627 3510 2088  880  440  556 12563
1982    0   80    9    0  289  882 2843 4075 1507 1719  500  478 12382
1983    0   28    0    0    0 1362 2339 2892 1719  800  401  610 10151
1984    0    0    0    0  312 1460 2397 2264 2169  654  380  200  9836
1985  525   68    0   70    0  612 2573 3734 2416 1104  612  573 12287
1986  136    0   79    0   93  832 2084 3412 2910 1407  993  509 12455
1987  182    9    0   20    0 1100 2479 4116 2374 1172  287    0 11739
1988  230  298   22    0   64  574 2982 4943 3240  783  517  144 13797
1989    0    0    0    0    0 1459 2880 4219 2215 1373  710    0 12856
1990  515  215    0  418   64  312 2385 3650 2298 1360  480    0 11697
1991  456    0    0    0    0  104 2448 3135 1740 2097  235  455 10670
1992   28  187  121    0  158 1348 2414 3599 2074 1088  674  129 11820
1993  386  125    0    0    0  765 3275 3626 2224 1137  347  144 12029
1994    0    0  141    0    0 1083 3614 3464 2953 1374  679  271 13579