1974 1457 6868 1668  845 1798 2885 1597 2753 3429 3749 3535 2636 33220
1975 5542 5572 3169 2418 2618 1391 2098 2329 3911 3345 4450 7840 44683
197610784 2796 1915 3258 1869 2034 3088 1574  960 2202 2540 4516 37536
1977 627612745 5803 4577 2082 1938 2324 2430 1981 4864 3169 4716 52905
1978 9730 4351 3667 1623 2336 1965 1275 1798 2872 3820 3197 5707 42341
1979 8039 3644 2430 4655 1424 2296 1971 1595 3987 4033 4538 5001 43613
198011135 3489 2573 3131 2313 2722 1247 2880 4366 5770 2849 4020 46495
1981 1680 4600 4020 3050 2440 1720 2090  220 4410 2250 5190 7000 38670
1982 5120 4290 3460 1990 2350 1630 1280 1410 1670 2720 2810 3260 31990
1983 9860 3180 1490 1680 2940 2110 2940 2440 3650 1920 3680 5290 41180
1984 9230 6330 5160 2760 1590 1940 1890 1950 1770 3120 5470 3680 44890
1985 7350 2840 5210 3210 2080 1410 3520 2320 1740 1660 2030 4350 37720
1986 9200 4570 6450 1360 2103 1490 1432 1080 2856 3380 4770 3630 42321
1987 7950 1190 3590 2240 2250 2230 1790 1400 2600 3790 4230 5010 38270
1988 4690 4070 3580 3570 1980 1680 2110 3490 2720 3520 5310 6070 42790
1989 4960 7090 2040 2390 2490 2470 2050 1940 4510 5570 4510 6300 46320
1990 5770 3730 2030 2550 1760 1050 3490 1070 2360 2780 3510 4540 34640
1991 7480 4130 2200 4200 2180 2880 2060  299 1330 1970 3050 4690 36469
1992 9240 3380 1530  -10 3310 1690  970 2030 3020 4960 4400 6560   -10
1993 5700 1530 4410 2190  -10  -10 2030 3490 2730 3380 2120 5490   -10
1994 7500 2300 7480 3920  -10 5420  700 4440 1550 5090 3550 5430   -10
   3535  250 11250    0                                 19741994   3535        0
1974  -10  -10  -10  -10  -10 2694 1769 2044 3900 2988 3570 3113   -10
1975 3966 3417 2668 2187 2477 2095 2676 2156 3879 2984 4158 4592 37255
1976 6785 2428 2894 2420 1637 1963 1826 2273  891 4415 2787 3702 34021
1977 5605 7007 3866 2807 2137 2139 2321 2135 1686 3949 3749 3585 40986
1978 4054 2522  -10  -10  -10  -10  -10  -10  -10  -10  -10  -10   -10
1979 3846 2665 2337 3882 1507 3524 1821 1416 4215 3588 5202 3357 37360
1980 7413 2599 1848 3012 2500 2326 2454 3279 3023 3572 3155 3935 39116
1981 4736 3472 3328 3659 3011 1633 2713  820 3500 2800 3965 4360 37997
1982 5684 2656 3065 2919 3258 1448  935 1675 1475 2420 2827 3440 31802
1983 5296 1440  619 1662 3771 2332 3095 2641 3880 2642 3534 5491 36403
1984 5661 4751 3575 3327 3101 1771 3662 1472 2362 3247 4292 2942 40163
1985 3936 2619 3171 3365 2196 1115 2689 1907 2240 2831 3732 3675 33476
1986 5675 4242 3938 2711 2411 1992 1869 1698 3092 3578 3763 3604 38573
1987 4076 1815 2858 2869 2998 2529 1758 2272 2364 3214 4372 5660 36785
1988 4295 2773 3227 2986 2963 1366 2496 4703 3548 3134 5173 4293 40957
1989 4323 4788 2349 2590 3056 1914 1979 2287 3303 4727 4512 4061 39889
1990 3450 2654 1935 3129 2345 2365 2635 1680 3152 2809 4330 3275 33759
1991 4822 2657 1826 2544 3033 2026 1671 1447 2239 2757 3103 4724 32849
1992 4430 2000 1953 1583 3573 2076 1987 1559 3118 4380 4042 4288 34989
1993 3043 1758 2906 2558 2844 1600 1981 2227 2371 3274 3122 6504 34188
1994 4342 2081 5242 3851 2673 4502  962 3582 1754 4044 3164 4404 40601
   3536  250 11630    0                                 19741994   3536        0
1974  -10  -10  -10  -10  -10 2737 2092 1908 3508 3420 3366 3285   -10
1975 3353 2666 2736 2139 2839 2365 3056 2284 4067 3340 3603 3809 36257
1976 4880 2518 2413 2128 2058 2069 1622 2436  968 3642 2448 3272 30454
1977 4717 4800 3241 2580 2220 2880 1782 2029 1056 3807 3158 3298 35568
1978 2968 2205  -10  -10  -10  -10  -10  -10  -10  -10  -10  -10   -10
1979 2802 2566 2387 3082 1691 3874 2642 1151 3852 3683 4967 3155 35852
1980 5003 2851 2030 2982 2357 2507 2092 3154 1972 3802 3297 4503 36550
1981 4002 3365 3119 3155 2588 1724 2700  664 3269 2465 3875 3578 34504
1982 4054 2694 2769 3065 3402 1437  678 1600 1103 2046 2222 2977 28047
1983 2921  821  295 1339 3499 2785 3086 2108 3875 2093 3380 4248 30450
1984 3866 3804 3395 3440 3971 2308 3794 1589 3258 3244 3600 3109 39378
1985 3245 2546 2388 3283 2568 1140 2728 1701 2736 3228 3194 3798 32555
1986 4261 3541 3183 2654 1873 2252 1788 1874 2452 3788 3437 2705 33808
1987 3127 2115 2486 2613 3207 2263 1899 2411 2054 2436 3634 4167 32412
1988 3206 2892 2846 2378 3124 2053 2315 4270 3112 3602 5172 3769 38739
1989 3872 4250 2613 2705 3039 1986 1947 2649 2419 4495 3907 2759 36641
1990 2891 2178 2309 3028 2580 3285 1970 2022 3340 2582 4335 2335 32855
1991 4092 2543 1836 1954 3139 1462 1582 1614 2694 2876 2616 4260 30668
1992 2711 1671 1894 1429 3454 2383 2262 1235 2930 4119 3324 3247 30659
1993 2265 2207 2340 2552 2997 1674 1727 1297 1789 2871 3421 6091 31231
1994 3071 2307 4254 3602 2998 4076 1191 2942 1711 3132 2413 3767 35464
   3537  250 12000    0                                 19741994   3537        0
1974  -10  -10  -10  -10  -10 2664 2102 1257 2373 3262 3537 3885   -10
1975 2812 2132 2814 2396 3079 2376 3302 1716 3769 4197 4329 4114 37036
1976 4139 3304 2081 1893 2130 1838 1552 1648  706 2858 2160 3418 27727
1977 3685 4353 3061 2577 2070 2510 1537 1813  823 2927 2481 2288 30125
1978 3201 2361  -10  -10  -10  -10  -10  -10  -10  -10  -10  -10   -10
1979 2703 2692 2225 2817 1734 3185 1674  587 3257 2624 4220 3365 31083
1980 4417 3879 2358 3229 1915 2057 1330 2181 1022 3296 2660 3807 32151
1981 3841 3197 3263 2886 2350 1657 2152  362 2756 2138 3832 4035 32469
1982 3735 3374 3221 2858 3632 1797  206  950  470 1135 1291 2081 24750
1983 1718  619  460 1057 3105 2685 2607 1765 2679 1344 3056 3459 24554
1984 3420 3901 3607 2937 3965 2382 2817 1863 2997 2595 2597 3969 37050
1985 3287 3790 1640 3558 2540 1645 2858 1288 2811 2689 3273 3565 32944
1986 4195 3943 3379 2801 1582 2127 1877 1612 1779 2923 3121 2554 31893
1987 3311 2687 2698 2521 2939 1480 1563 1660 1244 1494 3268 3422 28287
1988 2735 3540 2774 1961 2989 2263 2157 3315 2336 3606 4535 3876 36087
1989 4092 4316 3081 2960 2354 2516 2359 2578 1672 3988 3342 2356 35614
1990 3609 1942 3252 2714 2540 3189 1669 1870 2800 2072 3949 2185 31791
1991 5167 3124 2098 2051 3240  857 1433 1097 1715 1941 2134 3860 28717
1992 2408 1901 1534 1034 2729 2262 1715  552 2151 3512 2924 3418 26140
1993 2497 2854 2193 2295 2809 1349 1244  665  861 2127 3033 4870 26797
1994 2923 2939 4054 3396 3025 3262 1188 2192 1598 1904 1940 3720 32141