1974    0   22   79    0    0    0   66  403    0   17    0   28   615
1975    0    0    0    0    0    0    0   57  106   14    0  134   311
1976   12    0   34   85    0    0    0  295  159    2    0   24   611
1977    0    0    0    0    0    0   25   26  207    2    0   38   298
1978   34    0    0   12    0    0  183  133   91   24   56   10   543
1979   40    0   78    1  201    0  258  117   92  234    5    0  1026
1980    0  154    0    3    0   10  174   81  263    2   66    0   753
1981    0    0    0    0    0   20   21  299  451    0    0    0   791
1982    0   14   50    0    0    0  190   15   14    0    0    0   283
1983    0    3    0   19    0    5   22   52    3    0    0    0   104
1984    0    0    0    0    0  108    5   31  468    2    2    0   616
1985    0    0    0    0    0   14  271  162  294    0    0    0   741
1986    0    1    0    0    0    0    6  229  329   33    5    2   605
1987    0    0    1    5    0    2   15  108  244   46    9    0   430
1988    1   12    0    1    0   14   13   95  244    5    1    0   386
1989    0   68    1    0    0   16  107  256   86   16  102    0   652
1990    0    0    0    0    0    0   23  151   50   26    0    0   250
1991   12    0    0    0   52   10   36   95   89   20    0    0   314
1992  107   47    2    0    0    0   16   82   79    3   24    8   368
1993    3    0    5    0    0    4   16  295   96    5   23    0   447
1994    0    0   13    1    2    1   46  -10  114  154    1   16   -10
   4175 2000  -750    0                                 19741994   4175        0
1974  -10  -10  -10  -10  -10  -10  -10  -10  -10  -10  -10  -10   -10
1975  -10  -10  -10  -10  -10  -10  -10  -10  -10  -10  -10  -10   -10
1976  -10  -10  -10  -10  -10  -10  -10  -10  -10  -10  -10  -10   -10
1977  -10  -10  -10  -10  -10  -10  -10  -10  -10  -10  -10  -10   -10
1978  -10  -10  -10  -10  -10  -10  -10  -10  -10  -10  -10  -10   -10
1979  -10  -10  -10  -10  -10  -10  -10  -10  -10  -10  -10  -10   -10
1980  -10  -10  -10  -10  -10  -10  -10  -10  -10  -10  -10  -10   -10
1981  -10  -10  -10  -10  -10  -10  -10  -10  -10  -10  -10  -10   -10
1982  -10  -10  -10  -10  -10  -10  -10  -10  -10  -10  -10  -10   -10
1983  -10  -10  -10  -10  -10  -10  -10  -10  -10  -10  -10  -10   -10
1984  -10  -10  -10  -10  -10  -10  -10  -10  -10  -10  -10  -10   -10
1985  -10  -10  -10  -10  -10  -10  -10  -10  -10  -10  -10  -10   -10
1986  -10  -10  -10  -10  -10  -10  -10  -10  -10  -10  -10  -10   -10
1987  -10  -10  -10  -10  -10  -10  -10  -10  -10  -10  -10  -10   -10
1988  -10  -10  -10  -10  -10  -10  -10  -10  -10  -10  -10  -10   -10
1989  -10  -10  -10  -10  -10  -10  -10  -10  -10  -10  -10  -10   -10
1990  -10  -10  -10  -10  -10  -10  -10  -10  -10  -10  -10  -10   -10
1991  -10  -10  -10  -10  -10  -10  -10  -10  -10  -10  -10  -10   -10
1992  -10  -10  -10  -10  -10  -10  -10  -10  -10  -10  -10  -10   -10
1993  -10  -10  -10  -10  -10  -10  -10  -10  -10  -10  -10  -10   -10
1994  -10  -10  -10  -10  -10  -10  -10  -10  -10  -10  -10  -10   -10
   4176 2000  -380    0                                 19741994   4176        0
1974  -10  -10  -10  -10  -10  -10  -10  -10  -10  -10  -10  -10   -10
1975  -10  -10  -10  -10  -10  -10  -10  -10  -10  -10  -10  -10   -10
1976  -10  -10  -10  -10  -10  -10  -10  -10  -10  -10  -10  -10   -10
1977  -10  -10  -10  -10  -10  -10  -10  -10  -10  -10  -10  -10   -10
1978  -10  -10  -10  -10  -10  -10  -10  -10  -10  -10  -10  -10   -10
1979  -10  -10  -10  -10  -10  -10  -10  -10  -10  -10  -10  -10   -10
1980  -10  -10  -10  -10  -10  -10  -10  -10  -10  -10  -10  -10   -10
1981  -10  -10  -10  -10  -10  -10  -10  -10  -10  -10  -10  -10   -10
1982  -10  -10  -10  -10  -10  -10  -10  -10  -10  -10  -10  -10   -10
1983  -10  -10  -10  -10  -10  -10  -10  -10  -10  -10  -10  -10   -10
1984  -10  -10  -10  -10  -10  -10  -10  -10  -10  -10  -10  -10   -10
1985  -10  -10  -10  -10  -10  -10  -10  -10  -10  -10  -10  -10   -10
1986  -10  -10  -10  -10  -10  -10  -10  -10  -10  -10  -10  -10   -10
1987  -10  -10  -10  -10  -10  -10  -10  -10  -10  -10  -10  -10   -10
1988  -10  -10  -10  -10  -10  -10  -10  -10  -10  -10  -10  -10   -10
1989  -10  -10  -10  -10  -10  -10  -10  -10  -10  -10  -10  -10   -10
1990  -10  -10  -10  -10  -10  -10  -10  -10  -10  -10  -10  -10   -10
1991  -10  -10  -10  -10  -10  -10  -10  -10  -10  -10  -10  -10   -10
1992  -10  -10  -10  -10  -10  -10  -10  -10  -10  -10  -10  -10   -10
1993  -10  -10  -10  -10  -10  -10  -10  -10  -10  -10  -10  -10   -10
1994  -10  -10  -10  -10  -10  -10  -10  -10  -10  -10  -10  -10   -10