1974 2340 3690  660  650 2590 5190 4380 1610  750 4590 5660 5180 37290
1975 3570 2110 1230 4350 1510 1590 1970 2280 3190 1390 3730 1550 28470
1976 6690 1610 2520 1050 4140 1660 1550 3910 1350 2830 4100 7950 39360
1977 2390 2170 1420 1140 2540  -10  -10  -10  -10  -10  -10  -10   -10
1978  530  930 1530 1250 2070 1878 1930  380  350  415 2550 4950 18763
1979 1350 2320  730 2860 1290 2970 2450 1480 4590 2310 3260 2490 28100
1980  220 2880 2980  860  611  510 2990 3510 2830 6520 3130 2880 29921
1981 3940 1330  620 1560 1390 3490 2380 2240 3530 4910 8630 4780 38800
1982 2280 3460 2490 1220 2090 1360 3870 3101 5690 2460 3860 3950 35831
1983 1470  110  330  540  570 2840 5330 1130 2630 2480 5040 4050 26520
1984 3380 1910 2200  360  870 3670  670 3590 1700 4440 5570 1700 30060
1985 3060 1820 1810 1820 1410 2640 3730  690 3288 3870 4180 2310 30628
1986 2260 1520 2064 3300  800 1793 2670 2170 2740 3850 3390 1610 28167
1987 1110  660  430 1060  420 1370 2470 2750 2000 2180 6490 6040 26980
1988 2600 1200  860 2860 1190 1870 1730  930 2520 6940 1470 2950 27120
1989 5500 6770 3310 2520 2610 3940 1630 2120 3280 2200 2320 1250 37450
1990 4420  140  390  640 2660 3850 1990 2760 3610 4430 3960 3580 32430
1991 1810 1440  230 1050 2720  -10 3150 2930 1700 2120 4890 1960   -10
1992  -10 1010  540  470 1280 1210 3280 2760 3180 1840 2760  -10   -10
1993 1610 1120 1500  360 1190  -10 3940 3650 2940 3670 7020 8480   -10
1994 5900  760 1680 2780 1340 1960 3770  650 2540 1710 1280 6430 30800
   3923 1250 12750    0                                 19741994   3923        0
1974  -10  -10  -10  -10  -10 3163 3646 2803 2572 5785 4526 4053   -10
1975 2656  890  437 2211  996 1634 2472 4458 3236 2437 1920 2245 25592
1976 3736 1026 1189  906 3041 2112 2479 3574 2176 1788 2744 4488 29259
1977 1583 1328  721  463 1218 1388 3811 2231 3596 1096 3475 1767 22677
1978  549  984  -10  -10  -10  -10  -10  -10  -10  -10  -10  -10   -10
1979  820 1243  449 2134 1115 2939 2850 3565 3124 2850 1865 2287 25241
1980  702 1412 1591  736  923 2615 3053 2683 3705 4259 3064 3247 27990
1981 3812  655  631  918  877 3659 3700 3131 3166 3503 6027 2857 32936
1982 2344 2647 1467  532 1976 2199 3747 3700 3759 1826 2350 2508 29055
1983  937  150  415  382  365 1347 4233 2637 2819 2521 4134 3523 23463
1984 3239 1250 1815  496 1354 3647 1482 4968 2201 4001 4617 1775 30845
1985 3318 1552 1074 1650  949 3438 2659 2662 3533 3596 2827 2182 29440
1986 2035 2314 1906 1355  796 2789 3338 3724 2653 3570 3393  972 28845
1987  964  243  471  690  485 1803 3893 3762 2330 2104 4540 3017 24302
1988 1409  292  652 1123  820 2802 2888 1854 3112 5459 2499 3841 26751
1989 3555 4664 2382  725 1838 3198 3198 3837 2876 1910 2170 1163 31516
1990 2202  293  258  542 2299 4264 2604 4020 3394 3318 3428 1746 28368
1991 1577  586  605  648 1429 1590 4349 3953 3323 2954 3253 1097 25364
1992 1439  580  525  357  645 1736 3599 4063 2791 3133 1687 1432 21987
1993  896 1329  613  201  633  597 3142 4251 3132 3447 4411 4875 27527
1994 2926  502 1017 1837 1385 2263 5357 2676 4368 2783  737 3280 29131
   3924 1250 13130    0                                 19741994   3924        0
1974  -10  -10  -10  -10  -10 2329 3713 3556 3183 5874 4233 3417   -10
1975 2628  375  315 1616  786 1464 2983 5113 3321 2696 1441 2229 24967
1976 2623  826  805 1388 2275 2179 2619 3486 2610  975 1970 3428 25184
1977 1060  705  390  252  888 1224 4053 2929 4324 1113 2938 1707 21583
1978  477 1147  -10  -10  -10  -10  -10  -10  -10  -10  -10  -10   -10
1979  734  953  482 2154  728 3239 2906 4164 2711 3254 1594 2477 25396
1980  656 1015 1222  923  925 2602 3196 2566 4033 3603 2575 3648 26964
1981 3825  618  672  645  477 3970 4555 3935 3043 2733 4038 2360 30871
1982 2337 2512 1016  373 1981 2940 3619 3781 3006 1731 1859 2115 27270
1983  685  134  437  374  391  855 3781 3431 2547 2289 3702 3185 21811
1984 3019  860 1633  228  900 3865 1642 5722 2087 3618 3949 1283 28806
1985 3845 1269  886 1751  806 3757 2398 3655 3753 3274 1897 1883 29174
1986 1698 3134 2021  521  891 3088 3477 4417 2323 2926 3144 1143 28783
1987 1020  228  548  710  679 2067 4158 4643 2284 2086 3406 1839 23668
1988 1038    0  556  783  854 3105 3435 2060 3425 4909 2272 4105 26542
1989 2646 3717 1831  162 1328 2928 3972 4518 2599 1791 1915 1366 28773
1990 1566  385  240  629 2103 4608 3064 4762 3509 2609 3349  966 27790
1991 1762   26  548  533  825 1430 4966 4186 4415 3240 2705  961 25597
1992 1174  463  578  315  383 1772 3598 4694 2658 3312 1443 1170 21560
1993  722 1246  337  242  585  395 2981 4604 3313 3061 3194 3372 24052
1994 1887  378  914 1423 1686 2323 5618 3426 5292 3063  484 2235 28729
   3925 1250 13500    0                                 19741994   3925        0
1974  -10  -10  -10  -10  -10 2162 3907 4101 3333 5519 4014 2668   -10
1975 2839   79  277 1594  880 1289 3263 5103 3389 2885 1246 1883 24727
1976 1809  687  754 1669 1958 2371 2696 3603 3027  776 1410 2769 23529
1977  557  186  234  197 1003 1188 4004 3277 4886 1223 2357 1750 20862
1978  600 1191  -10  -10  -10  -10  -10  -10  -10  -10  -10  -10   -10
1979  751  852  638 2130  494 3621 2863 4436 2752 3508 1528 2576 26149
1980  311  829  977  969 1136 2088 3356 2666 4174 3407 1921 3538 25372
1981 3457  668  670  475  326 4031 5024 4303 3055 2384 2698 2164 29255
1982 1907 2337  755  348 2000 3920 3560 3761 2962 2053 1597 1791 26991
1983  532  103  459  384  487  752 3366 3903 2291 2062 3290 2435 20064
1984 2360  686 1231    0  361 4014 1737 5938 1860 3317 3178  658 25340
1985 3911  771  896 1771 1002 4188 2417 4376 3834 2860 1157 1665 28848
1986 1110 3369 1949  378 1245 3058 3425 4866 2291 2336 2634 1460 28121
1987  925  130  583  825  842 2114 4060 5410 2353 2253 2426 1054 22975
1988  862    0  472  723 1101 3119 3850 2008 3647 4796 1779 3570 25927
1989 1985 2723 1206    0 1069 2759 4427 4878 2725 1927 1489 1539 26727
1990 1164  451  188  782 1910 4788 3295 5349 3766 2021 3247  620 27581
1991 1778    0  424  483  421 1560 5040 4296 5071 3444 2391  957 25865
1992 1076  425  625  303  435 1656 3359 5053 2560 2863 1493 1080 20928
1993  704  771  303  317  608  337 3024 4897 3609 2641 2356 2408 21975
1994 1280  394  837 1342 2216 2482 5667 3662 5846 2661  194 1820 28401
   3926 1250 13880    0                                 19741994   3926        0
1974  -10  -10  -10  -10  -10 2473 3693 4125 2944 4756 3804 1930   -10
1975 2995    0  310 1636 1126 1049 2801 4772 3017 2957 1307 1298 23268
1976 1428  656  848 1236 2338 2725 2799 3746 3312  487 1424 2042 23041
1977  334    0  226  195 1126 1183 3632 3024 5063 1476 1912 1812 19983
1978  582  732  -10  -10  -10  -10  -10  -10  -10  -10  -10  -10   -10
1979  724  636 1156 1333  724 3739 2765 4508 2819 3590 1353 2548 25895
1980    0  782  749  612 1710 1751 3472 2480 4089 3194 1436 2885 23160
1981 2872  571  592  304  355 3040 4639 4117 3271 2451 2027 2196 26435
1982 1439 2227  650  221 1797 4883 3265 3561 3614 2574 1322 1295 26848
1983  362   64  492  345  549  540 2810 4011 2240 1895 3008 1613 17929
1984 1383  705  598  126    0 3599 1894 5457 1654 3140 2622  518 21696
1985 3262  173  931 1492 1255 4196 2588 4722 3606 2285  589 2134 27233
1986  704 2736 1789 1037 1512 2615 3024 4572 2710 1797 2028 1612 26136
1987  693    0  478  936  726 1640 3597 5409 2170 2386 1828  600 20463
1988  687    0  330  656 1180 2514 3883 1666 3624 4784 1388 2142 22854
1989 1460 1805  661    9  953 2554 4304 4905 3165 2380 1134 1684 25014
1990  920  439   24  915 1711 4465 2850 5876 3991 1627 2709  462 25989
1991 1170    0  238  372  290 2126 4226 4064 5011 3924 2074  757 24252
1992  839  349  550  259  286 1306 2832 4987 2342 2287 1580  796 18413
1993  630  125  413  119  539  244 3045 5037 3942 2449 1794 1920 20257
1994  820  397  650 1576 2520 2400 5255 3251 5981 2106  104 1850 26910
   3927 1250 14250    0                                 19741994   3927        0
1974  -10  -10  -10  -10  -10 2421 3532 4381 2657 4260 3177 1086   -10
1975 2198    0  371 1197 1085  823 2680 4794 2712 2738 1848  907 21353
1976 1183  757  568 1108 2779 2461 2722 3840 3397  510 1375 1308 22008
1977  125    0  144  172  994  975 3020 2697 4902 2124 1473 1223 17849
1978  348  514  -10  -10  -10  -10  -10  -10  -10  -10  -10  -10   -10
1979  534  342 1119 1208  546 3426 2545 4171 2969 3928 1151 2069 24008
1980    0 1357  337  398 2387 1617 3304 2467 4282 3133 1133 2137 22552
1981 1978  344  461  205  303 2614 3893 3979 3124 2436 1705 2139 23181
1982  849 1604  440  158 1715 4177 3185 3201 3770 3128 1111 1037 24375
1983  287   27  377  363  434  427 2311 3978 2126 2085 2607 1233 16255
1984 1013  303  346  182  209 3287 1820 5341 1648 2992 2163  451 19755
1985 2321    0  468 1317 1562 3867 3065 4828 3309 1678  133 2130 24678
1986  329 2231 1424 1906 1372 2136 3008 4496 3010 1656 1343 1662 24573
1987  385    0  476  939  560 1357 3578 4661 2213 2781 1887  531 19368
1988  385    0   67  414 1279 2310 3812 1946 3457 4480  954 1123 20227
1989  755  550    0  611  714 2379 4510 4885 3157 2658  783 1628 22630
1990  566  365  109  663 1238 4006 2500 6031 4181 1608 2575  351 24193
1991  523    0  390  377  479 2654 3740 4101 5342 4007 2006  534 24153
1992  735  262  355  195  141  877 2488 4829 2293 2129 1983  564 16851
1993  532    0  459    8  358   54 2608 5302 4190 2531 1452 1544 19038
1994  371  462  325 1272 2413 1880 4678 2768 5886 2175  247 1851 24328