1974  120    0  370    0 1660 2450 1010 1640 2920  400   30    0 10600
1975   30    0    0  150  590 2220  890 1390 3840 1620  150   30 10910
1976    0    0    0  810 1360 3390 1330  970 1140  930  110    0 10040
1977    0    0    0  140  980 1830  510 1420  980  433   67  138  6498
1978   45   15   48  180  550 1070 1030 1280 2520  750  250   80  7818
1979    0    0   40  670  860 1530 3610 2130 2790  450   10   30 12120
1980  190   20    0   40 1210 1590 1040 1760 1930 1060   90   30  8960
1981  140    0  110   60  730 1070 1620 1590 2340 2490  340   90 10580
1982  460   10   10   20 1460 3060 1500  370 3440  960    0   30 11320
1983   10  640  440  210  500 3070 1140  930 2600  660  700  150 11050
1984    0   10   70  120 1520 2110 2280  820 3090  780   20   10 10830
1985   10  130   40   10 1650 1460 2720 1720 1940  708  240   86 10714
1986   81   22   91   90 3785 1223 1355 1254 1321  426  204   14  9866
1987  153   16  129  225  419 1832 1897  826 1678  356   84   62  7677
1988   87   58   55   81 1115 3627 1809 2472 4025 1390  196   53 14968
1989  258  225   96  294 1229  999 1282  952 3893 1455  537   16 11236
1990  151  200  314  456  971 3038  973 1732 2429  557  464  169 11454
1991   81   47   11   61  304 1473 1914 1318 3468  869  250  222 10018
1992   64  141  100  117 1123  -10  -10 1991 1722 1748  344  -10   -10
1993  -10  -10  -10  -10  -10  -10  -10 1760  -10 1232  453   96   -10
1994   72   45   20   87 1099 2198  725 2168 2661  501  -10  263   -10
   3962 1500 -8630    0                                 19741994   3962        0
1974  -10  -10  -10  -10  -10 2014 1567 2289 3196 2063  239  300   -10
1975  110  161   93  141  347 1170 1340 2293 3725 3013 1737  201 14331
1976  341  142   55  498 1299 3509 1440 1534 2168 1180  837  221 13224
1977  123  191   78  485 2008 2671  946 1915 1583 1338  770  570 12678
1978  406  215  -10  -10  -10  -10  -10  -10  -10  -10  -10  -10   -10
1979  247  338  427 1374 1050 3062 2716 2543 3069 2315 1210  481 18832
1980  343  233   44  188 1390 2144 1935 2471 3236 2114 1536  580 16214
1981  133  146   29   59 1535 2921 2033 2515 2911 2798 1052  555 16687
1982  366   89   60  188 2024 3071 2152 1567 3352 1817  424  162 15272
1983   79  759  409  161    0 3077 2174 1740 2640 1929  980  220 14168
1984  193  341  169  367 2015 2380 2780 2103 3157 1251  362  114 15232
1985   95  169  128  332 1637 1904 2368 2255 2447 1340  842  449 13966
1986  463  106  213   86 2874 2507 1985 1995 2015 1136  468  186 14034
1987  520  209  163  374  911 2347 2854 2142 2285 1797  358  433 14393
1988  240  192   76    8 1623 3072 2404 3166 4363 2423  924 1053 19544
1989  344  376  383  280 1479 1442 1401 1395 3671 1721 1576  357 14425
1990  479  366  395  443 1424 2891 1529 2428 2707 1031 1760  721 16174
1991  310  206  106  108 1350 1503 1911 1850 3169 1523  877  481 13394
1992    0  385  192  106 1215 3680 2633 2156 2230 1935  657  158 15347
1993 1261  127  225  714 2661 3010 2196 2845 3102 1767  682  308 18898
1994  318  190  138   85 1269 1986 1202 2524 3225  762 1246  456 13401
   3963 1500 -8250    0                                 19741994   3963        0
1974  -10  -10  -10  -10  -10 1097 1099 1956 2678 2724  765  459   -10
1975   90  132   55  171  348  252 1173 2067 3564 2784 2870  422 13928
1976  670  290   96  401  801 2513  857 1045 1480 1096 1110  204 10563
1977  189  343   56  565 2226 2041  411 1543 1414 1640 1102  654 12184
1978  629  480  -10  -10  -10  -10  -10  -10  -10  -10  -10  -10   -10
1979  259  655  318 1835  448 3302 1927 2092 2793 2426 1701  670 18426
1980  394  267   33    0 1074 1498 1360 1933 2989 2093 2212  979 14832
1981  101  183    7    5 1267 2763 1377 2227 2578 2467 2096  998 16069
1982  270   18   11  152 1764 2521 1943 1345 2696 1828  350  101 12999
1983  107  478  345  121    0 1979 1862 1601 1951 2388  822  138 11792
1984  305  674  246  714 1414 1819 1996 1912 2418 1463  721  135 13817
1985  102  216  167  434 1142 1370 1531 1832 1975 1325  992  597 11683
1986  610  131  270   76 2180 3001 1764 1621 2053 1431  398  223 13758
1987  620  304  155  448  960 1922 2767 2225 2197 2767  857  588 15810
1988  381  163  122    0 1724 2143 2098 2557 4202 2467 1315 1470 18642
1989  288  427  561  173 1058 1023  906  969 2837 1514 1761  623 12140
1990  369  359  323   71 1346 2166 1186 2060 2209 1241 2286 1032 14648
1991  283  187  213  151 1518 1031 1255 1487 2430 1524 1319  205 11603
1992    0  306  126    6 1136 2675 1800 1615 1747 1630  347  227 11615
1993 1711  237  308  802 3290 2853 1990 2365 2935 1519  583  391 18984
1994  445  207  209  105  952  978  987 1889 2685  575 2232  292 11556
   3964 1500 -7880    0                                 19741994   3964        0
1974  -10  -10  -10  -10  -10  421  502 1478 2139 2756 1187  600   -10
1975   95   51    9  188  354    0  781 1169 3273 1870 3402  785 11977
1976 1082  478  141  269  405 1026    6  570  340  942  884  217  6360
1977  248  496   21  674 2000  809    0  928 1104 1450 1164  885  9779
1978  880  802  -10  -10  -10  -10  -10  -10  -10  -10  -10  -10   -10
1979  252 1051  302 1998    0 3181  907 1281 2916 1642 1605  419 15554
1980  383  196    4   84  660  444  517 1281 1918 1504 2108 1127 10226
1981  121  332   77    0  817 1848  403 1664 1454 1926 2331 1061 12034
1982  249   18    0   82 1309 1255 1021  479 1849 1349  229  140  7980
1983  133  203  254  116    0  830  778  930  803 2237  246    0  6530
1984  433  767  372 1174  865 1162  797 1203 1679 1519  749  222 10942
1985  155  301  216  459  426  779  584 1167 1204 1119  851  543  7804
1986  847  128  362  142 1659 2645  838  777 1555 1335  263  218 10769
1987  782  367  227  826  943 1122 1781 1447 1716 3075 1112  821 14219
1988  653  160  185    0 1130 1402 1246 1880 3670 1642 1435 1325 14728
1989  375  530  789   69  730  411  358  473 2146 1122 1226  590  8819
1990  307  378  352   10  841 1193  650 1100 1193 1611 2175  754 10564
1991  283  164  412  256 1130  450  364  607 1374 1130 1345  253  7768
1992    0  282   64    0 1199 1579  687  813  956 1119    0  351  7050
1993 2295  365  453 1037 3550 1877 1144 1110 2191  640  339  588 15589
1994  677  150  311  189  635   62  376  930 1385  544 3159  143  8561
   3965 1500 -7500    0                                 19741994   3965        0
1974  -10  -10  -10  -10  -10    0    0 1199 2310 2904 1422  637   -10
1975  126   50   34  237  307    0  425  462 2861 1163 3510 1384 10559
1976  639  526  292  263   32   24    0  364   78  937  501  300  3956
1977  289  286   65  565 1097   79    0  445  373  898  785  826  5708
1978  711  527  -10  -10  -10  -10  -10  -10  -10  -10  -10  -10   -10
1979  398  890  746 2284  477 2374  391  484 4035  986 1502  569 15136
1980  339  286   54  152  878    0  155 1343  810  438 1469 1787  7711
1981  343  935  290  140  742 1367    0 1552  754 1815 2210  938 11086
1982  311  111    0    2  963  352  414    0 1251  660  520  409  4993
1983  178  244  283  247    0    0  135  284    0 1168    0  161  2700
1984  353  729  351  540  421  185  222  334 1119 1344  563  299  6460
1985  227  448  351  426  112  213    0  555  508 1133  648  479  5100
1986  937  247  508  168 1545 2050   31  178 1028  897  633  215  8437
1987  584  353  357  778  729   76  448  335  555 2180  771 1034  8200
1988  858  257  312    0  150  410   46 1482 2997 1332 1535  961 10340
1989  659  731 1124  101  663   70    0  248 1379  941  834  310  7060
1990  392  392  245  178  248  408   42  391  465 2142 1969  566  7438
1991  307  188  619  287  666    0    0    0  595  632 1385  410  5089
1992  138  280   77    5  933  872  131  147  434  587  231  513  4348
1993 2190  388  567 1142 2867  885  403  229 1389    0  287  698 11045
1994  761  140  372  253  249    0    0  178  260  641 3634  184  6672
   3966 1500 -7130    0                                 19741994   3966        0
1974  -10  -10  -10  -10  -10    0   85  509  716 1140 1039  364   -10
1975  266  114  141  159  160    0  598  406 2814 1000 1473 1684  8815
1976  394  682  344  135   67    0    0  549  532 1177  437  373  4690
1977  333  120  134  390 1495   24  580 1016  196  633  932  969  6822
1978  272  216  -10  -10  -10  -10  -10  -10  -10  -10  -10  -10   -10
1979  291  325 1107  536  779 1646  896 1072 2711  314 1213  701 11591
1980  336  199  184   63  821    0  684  448  348   42  436  969  4530
1981  470 1255  429  209 1385  905  335 1059  256  664  441  981  8389
1982  549  324   71    0 1384  297  395  169  387  306  561  795  5238
1983  226   73  519  420  695    0  604  275    0  442  280  522  4056
1984  539  604  142  217  423  173  634   61  973  895  511  557  5729
1985  296  506  462  265  547    0  180  330 1426 1815 1247  738  7812
1986  737  218  278  241 1661 1482    0  661  728  323  999  277  7605
1987  202  652  357  828  648  481  439  279  446  819  492 1469  7112
1988  395  353  273   40  192  150  236 1704 1596 1365 1266  872  8442
1989  685 1090  858  220  349  239  278  569 1649  231  422  307  6897
1990  585  316   83    0   73  257  194  365    8 2969 1101  737  6688
1991  280  313  336    0  214    0  155    0  480  111 1496  507  3892
1992  623  229  148   44  553  594  614   70  416    0 1126  710  5127
1993  815  173  412  400 1156  597  707  412  556    0  307  422  5957
1994  705   99  213   98    0  146  161    0    0  801 1348  401  3972
   3967 1500 -6750    0                                 19741994   3967        0
1974  -10  -10  -10  -10  -10    0  164  694  772 1074 1641  613   -10
1975  471  195  265  206    0  144  668  523 1542 1371 1257 1977  8619
1976  414  582  397  324  288    0  374  719 1189 1269  740  565  6861
1977  900  166  319  342  501  140  728  738  370  709 1275  599  6787
1978  251  231  -10  -10  -10  -10  -10  -10  -10  -10  -10  -10   -10
1979  306  239  538  553 1466  951  691 1003 1733  245 1681 1335 10741
1980  461  416  248  164  705    0  367  695  361  476  872  740  5505
1981  645  824  611  668 1178  601  557 1216  201 1001  723 2271 10496
1982  791  789  193    0 1345  256  455  336  306  192  893  775  6331
1983  346   97  378  738  804  173  895  528  216  324  531  875  5905
1984  532  604  166   88  406  427  670  262  988  997 1608  835  7583
1985  490  523  440  214  728   86  413  611  959 2191 1296 1263  9214
1986  537  238  297  789 1495  341  123  708  700  883  919  561  7591
1987  238  295  751  543 1208  724  653  202  658  498 1057 1380  8207
1988  531  555  300  276  505  151  535 1772 1300 2235 1146 1197 10503
1989  762  950  683  329  259  489  775  794 2330  186  526  336  8419
1990  509  349    0   33    0  101  561  695  108 2569  891 1090  6906
1991  451  420  319    0  209   89  290  230  393    3 1392  906  4702
1992  777  239  201  233  714  628  488  314  571    0 2052  904  7121
1993  640  157  242  400  600  534  849  604  755  122  661  554  6118
1994  620  249  196  149    0  290  259  170  234  949 1062  545  4723
   3968 1500 -6380    0                                 19741994   3968        0
1974  -10  -10  -10  -10  -10  103  505 1040 1485 1551 2036  685   -10
1975  493  323  317  298  152  377  976  895 1498 1658 1661 1798 10446
1976  587  640  550  330  308  196  899  816 1186  986 1181  830  8509
1977  965  253  349  301  303  673  976  977 1026 1126 1423  629  9001
1978  281  187  -10  -10  -10  -10  -10  -10  -10  -10  -10  -10   -10
1979  262  185  355  691 1312  762 1005 1157 2055 1016 1614 1253 11667
1980  611  474  359  271 1073  192 1011 1574  893 1076 1695  680  9909
1981  717  588  590 1499 1203  815 1021 1539  530 1322 1465 2003 13292
1982 1023  827  300  353 1108  695  846  955  697  783 1362  911  9860
1983  742  209  334  504 1761  736 1275 1268  917  778  788 1201 10513
1984  650  741  239   30  249  612 1171  755 1491 1374 2085  775 10172
1985  360  593  470  260  670  518 1026 1049 1392 2728 1063 1208 11337
1986  619  190  481  570 1307  641  676 1279 1116 1444 1336  800 10459
1987  315  196  685  319 1057  896 1309  709 1170  796 1679 1461 10592
1988  550  673  243  163  338  521 1075 1855 1494 2270 1035 1160 11377
1989  906  888  709  414   98  916 1154  856 2940  430 1244  507 11062
1990  625  251  280  554  275  742  825 1177  487 2082 1115 1097  9510
1991  493  557  392  109  319  510  740  554 1022  299 1889  967  7851
1992 1006  362  271  303 1206 1264  717  724 1167  456 1928 1182 10586
1993  650  223  241  339  648  899 1155 1326 1462  542  924  913  9322
1994  475  324  191  152    0  414  487  673 1331  736  968  691  6442