1974  561  130  124  311  720 1692 1353 1426  841 1258  484  157  9057
1975  510  328   53   60 1981 2124 1901 1635 1271 1569  640  305 12377
1976  335  602  106  552 1782 3280  302 2770 1239 1372  582  483 13405
1977  231  386  279  362 2573  767  834 1623 1224 1550  560  458 10847
1978  512  892  742  672 1641 2184  895 1559 1091 1682  737  511 13118
1979  445  171   59  842 1220 1235 1381 2134 3535 2520 1355  626 15523
1980  272  561  197 2857 1054 1013 2274 2110  893 3169 1655 1547 17602
1981  291  420  267  147  314 1307  878 2679 3141  941  709  907 12001
1982  148  315  789 1474 1327 1618 1563 1264 1281 1358 1432  286 12855
1983 2217 1193 1094  911  707 2892 1076 1422 1576 1461  539  719 15807
1984  281  619 1220 1639 1991 1628 1166 1337 3760  607  649   70 14967
1985  190   36  781  508 1761 1712 1985 1403 2057 1419  558  798 13208
1986  515  243 1214  133  688 2287 1171 1153  808  591  346 1577 10726
1987  443  546  845  388  959 1179 1444 1882 2310 2829  553 1050 14428
1988  757  224  195  347 2056 3196 2295 2600  735  917  337  126 13785
1989  300  163  462 1038  425 1783 1364 3431 1525  783  844  194 12312
1990  224  272  439 1165 1641 1420 1462 3687  997  965  290  181 12743
1991  360  627  613 1287  544 1983 1805 2335 2885 3616 1024  174 17253
1992  205  589  465  707  457 2852  765 1887 1733  680 2134  224 12698
1993 1212  659 1356  933  983 1462 1443 1441 2715 1761 1038  137 15140
1994  610 1136  391  749 1005 1379 1042 2629 2406 1279 1897  762 15285
   4349 2500 -7500    0                                 19741994   4349        0
1974  -10  -10  -10  -10  -10 2023  853  657  901 1577  452  119   -10
1975  226  279   60  104 1257  992  899  844  699 1073  323  311  7067
1976  212  437  150  349 1198 2366  349 1314  660 1266  428  175  8904
1977  445  615  117  749 2822  530  454  892 1358 1391  766  509 10648
1978  651 1047  -10  -10  -10  -10  -10  -10  -10  -10  -10  -10   -10
1979  525  257  137  506 1238  381  733 1159 2042 2134  783  251 10146
1980  238  416  104 1692 1347 1626 1304 1190  962 2063 1327 1123 13392
1981  204  254  203  179  515  394  385 1661 1829  796  474  432  7326
1982  445  235  481  770 1758 1309  521  595 1259 1264 1018  119  9774
1983 2239 1650 1070  576  450 2156  749 1201 1208 1790  699  591 14379
1984  328 1242  737 1233 1250 1092  548  940 2158  758  635  169 11090
1985  101   82  390  748 1746  767 1381  664 2007 1597  534  260 10277
1986  477  180  633  236  863 2193  529  387  255  474  365  850  7442
1987  392  565 1767  494  542  407  422  820 1604 2804 1718  889 12424
1988  650  127  222  193 2224 2865 1862 2053  132  688  392  363 11771
1989  452  288  360  573  252  520  929 2020 1189  456  349  228  7616
1990  236  296  268  570 1059  641 1188 1902  596 1323  501  264  8844
1991  149  245  301  723  145 1728  917 1340 1899 2288 1290   58 11083
1992  539  623  581  769  500 2719  458 1104 1362  410 1037  246 10348
1993 1298  753 1414 1139 1291 1044  760  888 1230 1692  938  281 12728
1994  649  632  223  476 1541 1449  609 1692 1579 1131 1669  547 12197
   4350 2500 -7130    0                                 19741994   4350        0
1974  -10  -10  -10  -10  -10 1181  444  531  861 1797  469  174   -10
1975  210  198  100  105  600  552  570  579  699 1082  382  436  5513
1976  200  365  176  286  530 1685  276 1087  528 1199  388   77  6797
1977  610  682  115  960 3092   86  370  593  899 1747 1065  438 10657
1978  554  953  -10  -10  -10  -10  -10  -10  -10  -10  -10  -10   -10
1979  371  254  285  416 1395  774  723  801 1273 1967  785  252  9296
1980  255  401  113 1388 1560 1623  634  949  702 1531  970 1081 11207
1981  453  271  259  216  611  115  271  856 1149  889  902  525  6517
1982  468  264  220  498 1857  796  248  363 1404 1311  729  240  8398
1983 2123 1695 1117  743  364 1894  764  962  476 1686  917  375 13116
1984  454 1755  564 1064  544 1149  192  825 1481 1377  888  236 10529
1985  123  168  313  612 1877  278  898  363 1904 1844  541  213  9134
1986  604  149  612  364 1227 1875  352  256  130  477  473  390  6909
1987  319  557 1710 1201  542  326  145  546 1235 2897 2359 1253 13090
1988  499  195  178  174 2471 2582 1354 1611   91  915  494  398 10962
1989  473  407  353  434  657  243  437 1589 1297  304  174   93  6461
1990  269  241  202  347  831  139 1132  852  299 1737  934  349  7332
1991  146  210  223  405    0 1504  404  829 1538 1632 1390  125  8406
1992  895  665  917  816  638 1932  268  752 1173  476  801  455  9788
1993 1104  811 1311 1439 1265 1006  674  476  374 1459 1265  495 11679
1994  615  618  237  316 1980 1298  206  802  562 1278 1523  552  9987
   4351 2500 -6750    0                                 19741994   4351        0
1974  -10  -10  -10  -10  -10  173  337  537 1008 1457  612  243   -10
1975  257  165  141  105  381  384  413  479  714  797  511  553  4900
1976  207  318  196  291  284 1194  213  947  620 1030  351  211  5862
1977  768  645  148  983 3003  118  348  655  753 2077 1597  265 11360
1978  395  846  -10  -10  -10  -10  -10  -10  -10  -10  -10  -10   -10
1979  262  218  346  359 1877 1771 1008  806  793 1943  875  339 10597
1980  261  375  127 1253 2106 1614  421  813  522 1142  614 1296 10544
1981  842  343  355  267 1626   12  397  573 1217 1210 1460  843  9145
1982  403  322  186  417 2154  561  149  329 1601 1483  684  331  8620
1983 1904 1656 1259 1020  994 2109  973  586  166 1320  976  406 13369
1984  549 1964  451  809  325 1573  232  847 1548 2008 1330  275 11911
1985  140  210  297  584 1788  130  836  293 2279 1953  525  224  9259
1986  813  143  741  647 1815 1197  283  266  106  674  502  206  7393
1987  270  440 1508 2256 1209  832   11  423  914 2504 2867 1621 14855
1988  298  229  127  183 2435 2365  948 1074  106 1034  511  384  9694
1989  436  433  350  466 1154  201  185 1392 1325  258  196  111  6507
1990  261  187  170  374  774  163 1121  509  479 2074 1238  405  7755
1991  170  230  194  210    0 1313  398  620 1356 1431 1051  255  7228
1992 1236  584 1352 1007 1198 1218  280  672 1113  781  834  914 11189
1993  816  794 1134 1868 1317 1071  647  350  204 1135 1264  717 11317
1994  525  674  437  271 2092 1042  216  212  179 1562 1515  775  9500
   4352 2500 -6380    0                                 19741994   4352        0
1974  -10  -10  -10  -10  -10  133  298  530 1188 1000  751  283   -10
1975  308  164  166  111  290  326  332  445  726  500  564  606  4538
1976  229  296  218  438  261 1051  202  477  647  837  343  319  5318
1977  801  483  174  774 2544  133  326  732 1141 2017 2124  264 11513
1978  168  724  -10  -10  -10  -10  -10  -10  -10  -10  -10  -10   -10
1979  306  181  544  299 2357 2692  940  964  601 1809  929  405 12027
1980  209  285  134 1076 2756 1620  390  511  821  965  282 1630 10679
1981 1271  480  435  522 2895    0  380  412 1507 1711 1685 1004 12302
1982  341  329  188  428 2803  492  131  334 1541 1404 1087  374  9452
1983 1646 1588 1448 1228 2189 2274  957  314  219 1026  945  397 14231
1984  679 1663  378  607  318 2021  137  792 1969 2484 1700  272 13020
1985  134  231  295  606 1605   46  876  258 2845 1521  965  232  9614
1986  897  150  603 1332 2415  404  249  261  162 1046  494  237  8250
1987  244  320 1324 3046 1912 1238    0  373  806 1439 3105 1698 15505
1988  233  235  112  364 2192 2154  418  549  176  906  568  356  8263
1989  406  403  349  474 1294  191  219 1127 1232  594  198  126  6613
1990  250  148  146  454  778  494  783  489  837 2238 1279  423  8319
1991  177  366  174  183    0 1056  392  463 1478 1509  436  315  6549
1992 1445  470 1742 1533 2117  701  293  543  954 1204  930 1010 12942
1993  526  802  923 2188 1550 1022  629  378  462  877  776  817 10950
1994  373  444  704  372 1752  649  255  184  346 1588 1505 1071  9243
   4353 2500 -6000    0                                 19741994   4353        0
1974  -10  -10  -10  -10  -10  166  305  532 1281  929  900  293   -10
1975  344  182  176  125  260  330  303  454  730  491  841  601  4837
1976  263  298  248  855  267  845  240  406  615  749  391  412  5589
1977  733  257  187  565 1851  152  316  816 1474 1504 2317  250 10422
1978  179  541  -10  -10  -10  -10  -10  -10  -10  -10  -10  -10   -10
1979  397  154  647  289 2409 2698  575  895  507 1549 1590  448 12158
1980  196  231  134  885 2982 1413  396  537 1224  824  347 1797 10966
1981 1576  686  508 1079 3596   48  430  439 1465 2096 1561 1119 14603
1982  300  296  207  546 3377  281  219  359 1391 1083 1810  397 10266
1983 1374 1484 1588 1487 3207 1910  722  323  275 1075  933  376 14754
1984  869 1073  395  547  309 2106    8  757 2197 2652 1814  242 12969
1985  117  251  294  604 1360   22  648  311 2856  744 1348  231  8786
1986  851  158  310 1697 2760  239  240  267  253 1320  878  250  9223
1987  228  277 1283 3002 2461 1102    0  364  920  320 3033 1455 14445
1988  243  223  106  518 1883 1622  335  578  284  615  653  330  7390
1989  396  360  456  445  974  199  260  745 1268 1105  189  137  6534
1990  234  114  127  539  811  483  342  621  678 2165 1276  410  7800
1991  163  484  156  168    0  692  390  305 1777 1626  416  328  6505
1992 1474  333 1894 2186 3193  347  306  333  639 1790 1021  901 14417
1993  363  898  671 2360 2037  834  626  565  737  684  321  738 10834
1994  305  128  908  814 1217  285  279  220  461 1406 1414 1156  8593
   4354 2500 -5630    0                                 19741994   4354        0
1974  -10  -10  -10  -10  -10  265  308  496 1232  848 1003  737   -10
1975  323  190  286  142  242  343  300  447  654  445 1445  512  5329
1976  371  292  262  823  284  359  270  353  631  744  379  426  5194
1977  598  101  183  514 1037  181  317  769 1181  687 2151  231  7950
1978  172  371  -10  -10  -10  -10  -10  -10  -10  -10  -10  -10   -10
1979  537  129  712  354 1828 1723  559  646  478 1174 2453  464 11057
1980  230  231  118  739 2496 1005  388  552  943  674  374 1641  9391
1981 1550  934  540 1410 3098   66  442  419 1129 1862 1328 1091 13869
1982  268  240  208  742 3290   67  176  366 1007  849 2438  974 10625
1983 1107 1424 1585 1784 3310 1190  398  310  270 1584  899  340 14201
1984  871  553  415  513  348 1572   70  831 1954 2272 1564  195 11158
1985   88  260  277  551  929  112  326  322 2051  191 1306  210  6623
1986  736  141  257 1518 2687  225  237  255  271 1125 1081  236  8769
1987  194  357 1484 2083 2488  526   26  341  855  266 2539 1035 12194
1988  232  190  107  557 1194  885  331  551  312  256  585  297  5497
1989  377  315  349  422  355  202  270  524 1415 1013  342  129  5713
1990  204   72  103  656  789   37  309  674  254 1853 1151  756  6858
1991  122  439  128  147    1  191  357  312 1707 1631  357  286  5678
1992 1434  164 1662 2547 3743  281  291  316  353 2350 1011  991 15143
1993  336 1055  386 2251 2590  489  571  588  896  507  271  576 10516
1994  257  102  942 1221  624  290  279  241  450 1156 1376  991  7929
   4355 2500 -5250    0                                 19741994   4355        0
1974  -10  -10  -10  -10  -10  164  298  442 1028  537  991 1090   -10
1975  274  188  355  156  223  349  300  423  565  377 1459  393  5062
1976  446  274  259  433  300  274  279  312  700  700  325  395  4697
1977  486   97  252  520  346  201  317  661  547  412 1806  206  5851
1978  155  211  -10  -10  -10  -10  -10  -10  -10  -10  -10  -10   -10
1979  759  106  854  466 1017  730  510  549  667  458 2937  731  9784
1980  299  211   92  602 1627  661  362  503  470  564  351 1300  7042
1981 1254 1152  556 1481 1944   64  420  370  848 1172 1212  902 11375
1982  233  177  196  968 2605   63  179  351  561  759 2346 1664 10102
1983  896 1501 1567 1971 2641  672  146  279  233 2191  827  290 13214
1984  606  222  396  415  386  787  111  824 1373 1667 1196  479  8462
1985   55  257  253  531  532  337  311  308  960   99 1134  163  4940
1986  459  223  261 1084 2304  209  228  233  646  680  735  201  7263
1987  156  525 1695 1131 2149    0   69  309  494  209 1787  688  9212
1988  211  143  144  547  376  441  302  478  274  205  450  252  3823
1989  346  270  329  371  147  200  260  448 1587  767  555  105  5385
1990  161   29   74  872  687   56  289  464  223 1530  828 1312  6525
1991   66  324   96  152   30   35  308  304 1286 1330  275  213  4419
1992 1316  155 1245 2505 3517  269  261  286  144 2527  999 1332 14556
1993  334 1222  172 1938 2818  130  493  413  911  399  558  573  9961
1994  198   72  796 1239  105  284  266  245  381  853 1500  880  6819
   4356 2500 -4880    0                                 19741994   4356        0
1974  -10  -10  -10  -10  -10  157  284  388  534  423  904 1193   -10
1975  233  176  172  161  203  345  296  393  479  310 1180  280  4228
1976  356  243  242  243  306  267  273  281  775  618  255  421  4280
1977  430   87  159  473  150  212  311  548  333  311 1503  172  4689
1978  132  139  -10  -10  -10  -10  -10  -10  -10  -10  -10  -10   -10
1979 1038   87 1072  565  435  134  456  462  897  229 2652  968  8995
1980  376  184   60  458  803  516  328  435  385  468  297  994  5304
1981  793 1261  552 1375  749   60  384  316  583  521 1092  616  8302
1982  213  158  178 1013 1677   61  176  327  345  556 1532 1922  8158
1983  784 1694 1559 1820 1629  499  148  244  191 2424  717  232 11941
1984  463  165  323  227  272  207  132  439  859 1032  829  951  5899
1985   20  247  229  488  308  321  284  287  426  184 1159   96  4049
1986  179  315  568  752 1652  192  214  211  774  411  184  148  5600
1987  120  713 1754  709 1910   14  102  281  133  286 1032  419  7473
1988  454   89  309  504  237  467  266  403  237  248  315  197  3726
1989  306  221  300  227  136  196  246  388 1640 1027  423   72  5182
1990  108  172   43 1228  468   68  261  353  449 1420  526 1728  6824
1991    0  176   65  139   44   28  260  293  812  760  279  129  2985
1992 1094  132  806 2048 2575  247  229  253   54 2329 1211 1424 12402
1993  265 1174  125 1543 2578  107  418  355  752  419 1130  876  9742
1994  319   40  559  825   76  276  254  238  304  589 1549  826  5855
   4357 2500 -4500    0                                 19741994   4357        0
1974  -10  -10  -10  -10  -10  146  269  342  196  337  806 1217   -10
1975  564  157  165  158  180  330  289  367  407  252 1006  683  4558
1976  191  203  214  228  297  253  261  260  942  557  182  398  3986
1977  445   71  144  404  146  215  302  453  280  230 1438  131  4259
1978  113  134  -10  -10  -10  -10  -10  -10  -10  -10  -10  -10   -10
1979 1254  141 1204  672  281   82  405  397  784  155 1879  987  8241
1980  384  154   25  395  173  464  295  370  313  378  227  878  4056
1981  352 1306  553 1243   74   57  345  270  272  162  887  409  5930
1982  233   66  158  843  928   63  173  303  258  146  808 1717  5696
1983  725 1914 1609 1443  793  471  144  214  155 2171  583  312 10534
1984  818  318  291  117  250  183  141  138  666  445  428 1332  5127
1985    0  248  202  357  243  155  256  268  335  452 1436   14  3966
1986  125  331  867  550  913  175  199  195  439  386   79   83  4342
1987  157  855 1765  679 2056   44  124  261  105  824  625  244  7739
1988  679   29  470  505  192  661  233  344  208  710  201  135  4367
1989  258  167  264  200  121  190  232  349 1481 1573  297   36  5168
1990   47  403  101 1590  305   75  232  312  400 1468  321 1913  7167
1991    0  111   38  119   46   21  222  285  435  326  639  179  2421
1992  935   99  466 1470 1528  227  201  227   51 2050 1464 1118  9836
1993  156 1002  199 1186 2196  108  356  315  439  428 1348 1200  8933
1994  362   10  411  397   56  270  248  228  240  534 1286  698  4740
   4358 2500 -4130    0                                 19741994   4358        0
1974  -10  -10  -10  -10  -10  131  256  306  179  269  700 1085   -10
1975  778  132  152  147  155  304  281  347  350  205  711 1138  4700
1976  115  155  174  208  276  234  247  246  919  535  112  229  3450
1977  487   53  128  393  134  211  291  378  241  490 1635   83  4524
1978  491  123  -10  -10  -10  -10  -10  -10  -10  -10  -10  -10   -10
1979 1229  456 1158  781  385   88  361  352  420   91  957  730  7008
1980  243  123    0  393  105  293  268  315  258  272  154  859  3283
1981  141 1307  565 1200   45   57  309  234  210  217  802  385  5472
1982  237   24  138  633  525   67  170  280  112   20  603 1378  4187
1983  669 2155 1782 1106  301  458  139  191  127 1554  428  535  9445
1984 1316  593  301  104  221  164  141  121  587   77   73 1272  4970
1985    0  264  173  187  201  148  231  255  268  818 1803    0  4348
1986   59  261  938  403  330  159  186  185  175  524    0   47  3267
1987  187  844 1742  797 2421   68  138  250   83 1003  734  181  8448
1988  597  264  554  547  152  645  205  301  189  862  111   67  4494
1989  204  108  223  170  102  182  220  327 1072 1708  254    3  4573
1990    0  332   45 1652  282   80  203  421  188 1497  139 2007  6846
1991    0   78   16  101   42   14  195  280  144  289  793  683  2635
1992  828   55  326 1049  897  238  177  209   49 1795 1395  688  7706
1993   37  928  295  852 1754  104  305  278   86  217 1089 1259  7204
1994  437    0  370  142   36  262  245  218  193  581  797  597  3878
   4359 2500 -3750    0                                 19741994   4359        0
1974  -10  -10  -10  -10  -10  114  242  277  166  216  586  825   -10
1975  810  103  133  128  128  270  270  332  302  169  335 1499  4479
1976   18  100  125  183  326  212  231  236  499  495   42    0  2467
1977  474   32  109  381  117  200  275  320  213  394 1820   33  4368
1978  844  106  -10  -10  -10  -10  -10  -10  -10  -10  -10  -10   -10
1979 1063  543 1052  840  372   90  321  321  205   38  278  448  5571
1980  100   88    0  381   88  151  243  270  218  109   80  746  2474
1981  365 1271  594 1234   21   57  274  206  163  636  914  465  6200
1982  236    0  125  543  329   72  167  260   93    0  575 1121  3521
1983  715 2469 2062  976   71  360  132  175  106  932  309  673  8980
1984 1337  799  324   88  187  145  133  107  325   32   22  791  4290
1985    0  226  140  146  161  149  209  247  220 1150 1948    0  4596
1986   38  195  843  297   43  141  174  179  171  663  236  159  3139
1987  210  688 1512  918 2519   83  143  243   65  764 1022  130  8297
1988  409  292  583  520  117  358  182  269  180  741   41    0  3692
1989  216   42  181  140   81  169  208  317  569 1311   97    0  3331
1990   30   80    0 1395  250   82  175  417  120 1460   31 2174  6214
1991    0   58   71   76   74    8  175  279  130  716  790 1157  3534
1992  744   41  386  745  692  400  154  196   49 1504 1104  453  6468
1993    0  903  286  605 1326   96  263  245   55    0  728 1204  5711
1994  620    0  414  112   19  249  244  206  160  458  398  510  3390
   4360 2500 -3380    0                                 19741994   4360        0
1974  -10  -10  -10  -10  -10   95  223  250  154  174  625  475   -10
1975  596   70  146  286  102  230  255  316  262  140  175 1534  4112
1976   20   38   66  154  371  186  213  227  247  384   92    0  1998
1977  456   10   89  390   96  182  253  270  189   90 1709    0  3734
1978 1055   85  -10  -10  -10  -10  -10  -10  -10  -10  -10  -10   -10
1979  968  162  983  831  228   89  282  295  139    0   77  338  4392
1980   67  110    0  371   72  137  218  231  190   74    7  606  2083
1981  953 1121  577 1286    2   56  239  183  128  968 1007  603  7123
1982  301    0  123  473  202   73  161  237   78    0  448  881  2977
1983  935 2676 2173 1081   61  166  122  160   91  472  259  748  8944
1984 1001  854  311   70  150  124  119   94   89    0    0  237  3049
1985    0  186  106  126  124  141  185  240  186 1199 1797    0  4290
1986   53  193  692  237   41  122  160  172  172  660  549  229  3280
1987  274  471  944 1048 2103   88  139  237   48  435 1261   91  7139
1988  292  338  550  413   88  130  159  241  176  657    0    0  3044
1989  183    0  140  230   60  152  192  310  178  598    0    0  2043
1990  140    0   33 1030  211   79  147  235  105 1334   15 2300  5629
1991    0  214  190  130   65    2  159  280  120 1387  906 1192  4645
1992  733  253  657  568  730  461  131  183   50 1128  672  325  5891
1993   10  828  199  532 1084   85  223  212   56    0  497 1091  4817
1994  840  313  593  179    5  226  236  190  136  212   95  232  3257
   4361 2500 -3000    0                                 19741994   4361        0
1974  -10  -10  -10  -10  -10   74  196  219  140  140  743   73   -10
1975  209   37  362  492   76  184  230  292  222  114  280 1376  3874
1976  225  138    0  143  325  155  187  214  234  195  335    0  2151
1977  518  145   68  475  364  155  220  221  166   66 1327    0  3725
1978 1101  108  -10  -10  -10  -10  -10  -10  -10  -10  -10  -10   -10
1979  996   22  971  813  182   83  240  265  132    0   48  346  4098
1980   74  226  121  354   56  117  187  192  167  245  153  621  2513
1981 1318  862  513 1285    0   52  200  159  102  732  900  796  6919
1982  415    0  145  353  106   69  148  206   63    0  278  610  2393
1983 1213 2597 1931 1257   97   82  107  143   77  101  138  694  8437
1984  663  893  330   52  114  100   97   80   86    0    0    0  2415
1985    0  175   71  107   90  123  158  228  159  992 1596    0  3699
1986  149  177  587  235   35   99  141  161  176  593  797  176  3326
1987  416  314  408 1164 1485   83  126  225   33  249 1463   61  6027
1988  275  557  396  335  184  103  132  210  169  598    4  118  3081
1989   73    0  103  332   41  131  170  297  153   18    0    0  1318
1990  106    0  204  745  168   70  118  209   89 1107    0 2274  5090
1991    0  307  275  303   66    0  144  283  110 1688 1158  890  5224
1992  729  383  923  509  798  376  106  166   59  797  294   99  5239
1993   58  683  263  586  971   71  181  179   58    0  364  885  4299
1994  940  586  796  405    0  192  216  166  115   23    0    0  3439
   4362 2500 -2630    0                                 19741994   4362        0
1974  -10  -10  -10  -10  -10   54  156  178  121  278  602    0   -10
1975    0    4  453  537   52  134  193  248  178   88  359 1250  3496
1976  335  314    0  282  264  118  151  189  211   29  539    0  2432
1977  553  211   48  441  502  119  174  169  135   49  910    0  3311
1978  841  172  -10  -10  -10  -10  -10  -10  -10  -10  -10  -10   -10
1979 1105   14  943  745  341   70  189  222  124    0   29  327  4109
1980  162  158  385  272   41   92  148  149  146  350  314  703  2920
1981 1097  511  368 1155   29   45  153  129   85  178  689  856  5295
1982  376    0  209  236   25   57  126  163   48    0  160  286  1686
1983 1370 2227 1454 1287  160   47   84  117   63    0    0  376  7185
1984  367  855  359   35   79   73   71   63   87    0    0    0  1989
1985    0   85   39   92   59   96  124  202  132  620 1373    0  2822
1986  300  161  489  267   27   73  114  144  179  410  842    0  3006
1987  658  217   54 1087 1015   68  102  198   20  160 1501   44  5124
1988  265  679  146  208  415   78   99  169  155  422   49  131  2816
1989    0    0   91  347   26  105  138  268  129    0    0   26  1130
1990   44    0  374  493  123   57   89  177   69  821    0 2028  4275
1991    0  263  304  533   40    0  127  286   97 1365 1234  527  4776
1992  693  341  934  440  874  194   78  138   46  604  225    0  4567
1993    0  428  512  682  889   54  134  142   60    0  236  686  3823
1994  862  585  805  498   23  147  177  130   92   32    0    0  3351
   4363 2500 -2250    0                                 19741994   4363        0
1974  -10  -10  -10  -10  -10   36  104  123   93  309  203    0   -10
1975    0    0  392  412   31   84  143  176  127   59  233 1185  2842
1976  266  381    0  262  176   76  102  148  176   10  630    0  2227
1977  459  181   30  221  421   77  115  112   95   44  638    0  2393
1978  421   84  -10  -10  -10  -10  -10  -10  -10  -10  -10  -10   -10
1979 1146    8  855  625  525   49  127  161  121    0   17  294  3928
1980  135    0  584  174   27   60   98  101  124  228  380  602  2513
1981  588  161  207  922   57   33   99   92   78   19  554  697  3507
1982  137   15  355  145   11   39   92  107   31   61   90    4  1087
1983 1237 1706 1069 1151  302    8   55   82   49    0   15    0  5674
1984   58  657  305   21   50   45   42   43   92    0    0    0  1313
1985    0   60   27   87   34   63   85  152  100  136 1058   25  1827
1986  391  177  331  275   18   46   80  122  185  137  669    0  2431
1987  886   53   23  805  816   46   68  149   18   50 1310   40  4264
1988  214  645   65   13  463   57   65  116  131  150   57  138  2114
1989    0    0  125  248   16   77   97  219  104    0    0  119  1005
1990   62   42  595  255   81   38   60  140  239  593    0 1606  3711
1991    0  157  286  692    9    0  107  286   79  803 1029  268  3716
1992  650  162  726  289  870   75   49   98   42  395  295    0  3651
1993    0  173  727  674  783   35   84  103   62    4   79  493  3217
1994  718  434  582  450    7   94  121   82   67   56    0    0  2611
   4364 2500 -1880    0                                 19741994   4364        0
1974  -10  -10  -10  -10  -10   24   51   63   61  135    7    0   -10
1975    0    0  225  115   15   40   93   88   78   31    6  998  1689
1976   74  267    0   38  136   36   49   99  142    5  458    0  1304
1977  271  129   17  193   85   37   57   61   52   54  451   78  1485
1978  149    0  -10  -10  -10  -10  -10  -10  -10  -10  -10  -10   -10
1979  962    4  631  321  373   23   62   90  139    0    9  215  2829
1980    2    0  592   19   17   30   47   56  108   84  296  305  1556
1981  139    0   37  644    0   18   46   53   84   23  442  364  1850
1982   52   85  641   74    5   18   54   50   14   24   70    0  1087
1983  880 1063  865  782  434   93   26   44   39  245   65   10  4546
1984    0  282   81    9   28   22   20   20  117    0    0    0   579
1985    0   44    7  104   15   29   53   85   65    0  558   63  1023
1986  301  174   28  185    9   21   44  104  218    0  349    0  1433
1987  800   10   16  342  795   22   32   85   54  126  904   51  3237
1988  199  621   83    9  219   43   40   61  106   44   92  203  1720
1989    0    0   27   26   11   54   54  165   87    0   30  281   735
1990  102  114  794   70   49   17   38  123  309  394    0 1056  3066
1991    0  102   78  487   11    5   85  261   58  280  554  257  2178
1992  487   25  333    9  661   36   24   53   37   66  243   34  2008
1993    0    0  616  425  560   16   40   73   61   41   22  266  2120
1994  534  237  231  298    7   44   61   32   46  105    0    0  1595
   4365 2500 -1500    0                                 19741994   4365        0
1974  -10  -10  -10  -10  -10   26   25   33   42   48    5    0   -10
1975    0    0   25    0    5   15   97   37   55   15    0  576   825
1976    0  193   46   24  172   13   17   78  162   18  142    0   865
1977   72  109   11  281    5   14   26   34   32   75  204  296  1159
1978  120    0  -10  -10  -10  -10  -10  -10  -10  -10  -10  -10   -10
1979  684    2  208    0    0    8   25   43  201   50    0   31  1252
1980    0    0  450    0   13   12   16   36  154   58  109   52   900
1981    0    0    0  341    0    9   15   35   94   48  195   70   807
1982   76  161 1004  115    2    6   36   16    5    0   18    0  1439
1983  472  310  529  246  330   41    8   25   39  324  118   42  2484
1984    0    0    0    3   17    8    7    7  203    0    0    0   245
1985   26   42    2  139    5   10   49   47   54    0   26   72   472
1986  162  208    9    0    3    7   21  104  340   14   74    0   942
1987  341    3   14    0  550    7   10   48  434  208  451   72  2138
1988  228  451  115    9   31   41   41   23  111   56  170  170  1446
1989    0    0   20   22    9   48   35  177  116    0  210  455  1092
1990   49    0  536   81   35    6   30  204   42    0    0  570  1553
1991    0  231    0    0   16   11   48  143   57  149   47  352  1054
1992  125   60   12    0  227   13   11   30   27  105   85    0   695
1993   63    0  186    0  249    6   14   66   54  111  177   45   971
1994  304   28  122   18   16   14   28   11   44  164    0    0   749