1974    0    0   20    0    0    0    0    0    0    0   30    0    50
1975    0    0    0    0    0    0    0    0    0    0   40    0    40
1976    0    0    0    0    0    0    0    0    0    0  160   40   200
1977    0    0    0    0    0    0    0    0    0    0    0   30    30
1978    0    0    0    0    0    0   40    0    0    0    0    0    40
1979   30    0    0    0   30    0    0    0    0  100  430    0   590
1980    0    0    0    0    0    0    0    0    0    0  100    0   100
1981    0    0    0    0    0    0    0    0    0  250    0   60   310
1982    0    0    0    0    0    0    0    0    0    0    0    0     0
1983    0    0    0    0    0    0    0    0    0    0  520    0   520
1984    0    0    0    0    0    0    0    0    0   10    0    0    10
1985    0    0    0    0    0    0    0    0    0    0  650   30   680
1986   10    0    0    0    0    0    0    0    0    0    0    0    10
1987    0    0    0    0    0    0    0    0    0  270    0  230   500
1988    0    0    0    0    0    0    0    0    0    0    0    0     0
1989    2    0    0    4   67    0    0    1    0   74  203   20   371
1990    4    0    1   11    0    0    0    0    0    5  182   14   217
1991    1    0    0   30   59    0    0    0    0   41  174   22   327
1992    1    0    1    1    4    0    1    3    0    8  123   44   186
1993    6    0    1   12   25    0    0    1    0   26  120   45   236
1994    3    0    2    1   14  -10    2    1    0  127  229   32   -10
   4284 2250  4130    0                                 19741994   4284        0
1974  -10  -10  -10  -10  -10    6    0    0    0    6   23    0   -10
1975  236    0    0    0    8    6    0    0    0   57  118  116   541
1976    0    0    0   24   22    6    0    0   10   39  248    0   349
1977    0    0    0   74   59  129    0    0   13  159   64  131   629
1978    0    0  -10  -10  -10  -10  -10  -10  -10  -10  -10  -10   -10
1979   82   21    0   31   29   42   29   25    6  186  166    0   617
1980    0  230    0    0    0    2    0    0    0   19   33    0   284
1981    0    0  172    0   12    3    0    0    3  122   34   19   365
1982    0  262    0    0    0   23   13    0   13  126  108    0   545
1983  241   34    0  107   39   11   14    0    5   74  229    0   754
1984    0    0    0    2   18    4    5   13   15   61    0  153   271
1985    0    2    0   34   20    0    2    0    1   60  365    0   484
1986    0    0   18    0   10    0   29   17   24    8   18    0   124
1987   18    0    0   19  516    7   14    0    2  119    9   37   741
1988    0    0    0    0    2    5    0    0    0   84   38    0   129
1989    0    0    0   88   50   27    0    0    2  120   55    4   346
1990    0    0   14   79    3  -10    0  809    3   18  120   10   -10
1991    0    0    0   48   22   13    0   13    6   56  107    0   265
1992  126    0    0    0   16    2    2    0    8   37  225    0   416
1993    0    0    0    0    7    1    0    0    4   52   46   34   144
1994    0   11    0    0   16   14    0    0    0  103   90  401   635
   4285 2250  4500    0                                 19741994   4285        0
1974  -10  -10  -10  -10  -10   13    0    0    0   11   14    0   -10
1975  515  293    0  449   16   10    0    0    0   64   93   86  1526
1976    0    0   58   51   35   13   34    0   20   33  171    0   415
1977  257    0    0  155  124  279   20    0   19  209   84  166  1313
1978    0  225  -10  -10  -10  -10  -10  -10  -10  -10  -10  -10   -10
1979  464   26    0   54   30   87   50   37   10  154   82    0   994
1980    0  667    0    0    0    4    0    0    5   38    0  256   970
1981  192   67  562    0   24    7    0    0    6   77   38    0   973
1982    0  664    0    0    0   49   26    0   19  164   94    0  1016
1983  371   72    0  222   75   17   29    0   10   88  122    0  1006
1984    0    0    0    2   34    9   26   27   30   44    0  356   528
1985    0    0    0   55  193    0   25    4    2   52  212    0   543
1986    0    0    0    0   19    0   56   45   27    9    9    0   165
1987   10    0    0   35  424   15   30    0    2   71    8    0   595
1988   85  121    0    0    4   11    0    0    0   88   37    0   346
1989    0    0    0  133   35   43    0    1    4   95    0    0   311
1990    0    0    8  124    5  -10   13 1759    6   18   75    0   -10
1991    0    0    0    3    7   28    1   30   11   45   66    0   191
1992  478    0  286    0   23    3   11    0   14   49  429    0  1293
1993  128   21    0    0    0    1    0    0   10   48    0    0   208
1994    0    4    0    0   13    0    0    0    0   74    0  696   787
   4286 2250  4880    0                                 19741994   4286        0
1974  -10  -10  -10  -10  -10   20    0    0    0   12    9    0   -10
1975  458  368    0  719   21   14    0    0    0   46   60    0  1686
1976    0    0  308   80   36   18   95    8   29   23   96    0   693
1977  551    0    0  241  189  465   54    0   21  212   96    0  1829
1978    0  350  -10  -10  -10  -10  -10  -10  -10  -10  -10  -10   -10
1979  250   24    0   76   28  134   66   51   12  104   46    0   791
1980    0  733    0    0    0    6    0    0   17   53    0  346  1155
1981   84    0  541    0   44   11    0    0    8   47   31    0   766
1982    0  934    0    0    0   75   40   30   21  156   60    0  1316
1983  161  107    0  340   94   21   45   60   14   66   66    0   974
1984    0    0    0    1   39   13   55   42   41   27    0  219   437
1985    0    0    0   54   19    0   59   17    1   34  120    0   304
1986    0    0    0   88   21    0   83   77   21    9    0    0   299
1987    0    0    0   56    0   22   46    0    2   51    5    0   182
1988    0  442    0    0    6   15    0    0    0   64   29    0   556
1989    0    0    0  105   22   53    0   26    4   62    0    0   272
1990    0    0    0  145    7  -10   38   88    8   13   48    0   -10
1991    0    0    0    0    0   42   29   49   17   27   40    0   204
1992  587    0  398    0   24    4   31    0   18   50    0    0  1112
1993   19  129    0    0    0    2    0    0   16   36    0    0   202
1994    0    0    0    0    8    0    0    0    0   44    0  453   505
   4287 2250  5250    0                                 19741994   4287        0
1974  -10  -10  -10  -10  -10   25   25    0    0   10    5    0   -10
1975  124  239    0  184   17   17   10    0    6   24   34    0   655
1976    0    0  215  118   23   21  162   27   35   12   46    0   659
1977  579    0    0  296  220  676   82    6   22  161  137    0  2179
1978    0  247  -10  -10  -10  -10  -10  -10  -10  -10  -10  -10   -10
1979    0   25    0   94   18  160   72   61   12   57   28    0   527
1980    0  434    0    0    0    9   45    0   25   58    0   14   585
1981    0    0  309    0   90   13    0    4    9   23   20    0   468
1982    0 1072    0    0    0   90   49   59   19  120   42    0  1451
1983    0  201    0  429   91   24   58  165   17   37   32    0  1054
1984    0    0    0    0   32   16   77   50   45   15    0    0   235
1985    0    0    0   38    9    0   82   28    0   19   65    0   241
1986    0    0    0    0   16    0   95  102   12    8   11    0   244
1987    0   36    0  101    0   27   56   43    0   42    2    0   307
1988    0  563    0    0    7   17    0   43    1   37   20    0   688
1989    0    0    0    4   11   56   40   45    3   35    0    0   194
1990    0    0    0  143    7  -10   55  104    8    7   34    0   -10
1991    0    0    0    0    0   55   60   60   19   11   25    0   230
1992  553    0  341   50   16    4   47    0   18   53    0    0  1082
1993    0  107    0    0    0    5   20   31   20   21    0    0   204
1994    0    0    0    0    4    0    0    0   12   19    0    0    35
   4288 2250  5630    0                                 19741994   4288        0
1974  -10  -10  -10  -10  -10   25   43   18    0   11    4    0   -10
1975    0  122    0    0   16   21   22    3   10   12   22    0   228
1976    0    0  132  176   16   28  197   25   45    6   19    0   644
1977  451   52    0  215  137  793   72   16   27   92  287    0  2142
1978    0  158  -10  -10  -10  -10  -10  -10  -10  -10  -10  -10   -10
1979    0   31    0   95   13  119   55   48   12   34   22    0   429
1980    0   21    0    0    0   13   39   14   18   39    0    0   144
1981    0    0  179   10  221   15   17   13    9   11   15    0   490
1982    0 1006    0    0    4   73   38   40   12   67   31    0  1271
1983    0  359    0  425   58   31   60  184   10   20   14    0  1161
1984    0    0    0    0   15   19   64   30   37    9    0    0   174
1985    0    0    0   20    4    0   53   22    0   11   31    0   141
1986    0  143    0    0   11    0   57   98    8    9   20    0   346
1987    0  172  158  236    0   28   52   47    0   61    0    0   754
1988    0  378    0    0    8   23    0   38   23   24   12    0   506
1989    0    0   35   39    5   44   51   35    0   21    0  152   382
1990   31  189    0   94    6    2   39   73    7    3   33    0   477
1991    0    0    0    0    0   65   48   35   13    1   19    0   181
1992  459    0  180  178   12    4   32    1   14   67    0    0   947
1993    0    0    0    0    1    7   26   25   21   12    0    0    92
1994    0    0    0   32    0    0    0   86   22    4    0    0   144