1974 2400 2070  980 2150 3000 1780 4830 1470 4400 2000 4580 5670 35330
1975 3050 3030 3100 2190 2350 1980 2970 1360 3320 1870 2350 3240 30810
1976 3935  893 3010 2040 1746 1134 1017 2293 1444 2742 2425 4928 27607
1977 4760 3548 2848 2310 2003 3291  899 1358  945 1831 3574 5382 32749
1978 3643 1977 2250 2350 2663 2872 2459 1215 2552 2522 3369 7479 35351
1979 4743 1581 1453 2829 2518 1932 1651 1154 1676 2918 4880 4805 32140
1980 4685 1550 1230 2934 3049  971 2434 3453 1414 3310 3233 5531 33794
1981 3675 2039 2545 3970 3070 1525 1692 1149 1758 1834 1797 7741 32795
1982 2488  351 1673 2600 1627 1410  643  841  510 1194 1629 5870 20836
1983 4357 1295 1466 2024 3451 1809 2203  574  376 4416 2964 5776 30711
1984 3807 4245 3468 1892 2103 2673 2054 1434 2724 2580 4039 4071 35090
1985 3617 1514 1584 3635 1895 1073 2880 1762 2006 3022 3654 4035 30677
1986 4574 1566 2602 2674 1767 1010  979  128 1558 2408 3496 3681 26443
1987 5718  715 4500 3056 2792 2977  833  615 1487 2352 3443 4133 32621
1988 5778  467 4290  861 2056  762 2861 2975 1407 2164 5277 1684 30582
1989 5914  839  758 1835 2737  940 3217  650  821 2324 3050 7752 30837
1990 4145 1512 1552 2660 2288 1173 1530  521 2344 2597 2556 7128 30006
1991 5660  858 2143 2082 2148 1702  909  193  968  911 4173 7248 28995
1992 3548  744  534 1543 2186 1300 2443  506 1233 1336 4915 4221 24509
1993 6751  684 2112 3204  -10  -10  -10 1509  659 3107 2666 4393   -10
1994 3048  180 3969 3947  -10 3310 1740 1827 1959 1825 4683 3595   -10
   3342 -250 10880    0                                 19741994   3342        0
1974  -10  -10  -10  -10  -10 1902 2309 1330 3604 1787 3166 3041   -10
1975 2870 3320 1898 2432 2184 1205 2096 1011 2796 1771 2544 2535 26662
1976 3479 1540 2964 2109 1018 1088  367 1123  791 3190 2351 3053 23073
1977 4516 4146 3430 2626 2133 2209  891 1303  679 1969 2712 3442 30056
1978 2666 2671  -10  -10  -10  -10  -10  -10  -10  -10  -10  -10   -10
1979 4294 2487 1878 3123 1567 1768  698  952 2099 1711 4770 3701 29048
1980 3230 2377 1867 2545 2985 1395 1220 2165 1445 1768 3541 4222 28760
1981 2896 2830 3923 3763 3125 1043 1690  720 2170 1435 2605 4906 31106
1982 3044 1259 2175 2667 1545 1142    0    0  993 1675 2856 4079 21435
1983 3916 2270 1412 1998 4228 2166 1670  785 1024 3726 2973 3951 30119
1984 3079 3574 3251 2001 1554 1900 2672  521 2383 2262 3836 2925 29958
1985 3280 1757 2003 2654 1706 1186 2480 1486 2111 3029 3235 3058 27985
1986 3745 2066 3351 3059 1335 1304  644    0 1679 3008 3485 2633 26309
1987 4860 1643 4444 3726 2755 2453  550  905 1488 2019 2938 3262 31043
1988 4663 1275 4285 1735 2288  938 2303 3390 2473 2494 3700 1892 31436
1989 4598 2048 1267 2113 2106 1255 2249  770 1743 2719 3030 4812 28710
1990 3114 2361 2111 2430 2106 1136 1423  561 1839 2288 2914 5069 27352
1991 4811 1841 2552 1879 2538 1226  166    0   74  518 3246 4646 23497
1992 3761 1926 1693 2059 2562 1224 1378  559 2086 3034 4295 3934 28511
1993 4286 1453 2790 2777 2790 1841  753 1511  734 2262 2267 4030 27494
1994 3651 1651 4645 3500 1105 4138  168 1691  510 2631 3262 3442 30394
   3343 -250 11250    0                                 19741994   3343        0
1974  -10  -10  -10  -10  -10 1692 1820 1076 3446 2433 3530 3900   -10
1975 3749 3981 3124 2939 2654 1285 2175  930 3188 2574 3356 3545 33500
1976 4005 2891 3872 2426  966  729   83  604  194 3242 2578 3588 25178
1977 5385 4948 4269 3329 2098 1909  357  738  173 1764 2750 3801 31521
1978 3358 3562  -10  -10  -10  -10  -10  -10  -10  -10  -10  -10   -10
1979 4856 3409 2672 3570 1459 2011  314  324 2231 1629 4759 4071 31305
1980 4138 3469 2566 2927 2789 1538  612 1808  816 2156 3302 4579 30700
1981 3614 3917 4105 3931 3083  880 1907  160 2317 2021 3610 5480 35025
1982 4275 2606 3382 3035 2316  757    0    0  353 1461 2861 3718 24764
1983 4426 2421 1554 1779 4370 2026 1868  425 1443 3045 3540 4303 31200
1984 3428 4176 3865 2567 2425 1959 2659  364 2481 2078 4122 3591 33715
1985 4014 2208 2835 3275 2158 1099 2383 1234 2012 2608 3445 3745 31016
1986 4345 3108 3882 3644 1533 1621  815    0 1467 3542 4040 3271 31268
1987 5212 2788 4458 3896 3100 1592   66  551 1053 1856 3390 4344 32306
1988 4775 2421 4364 2503 2635 1263 2114 3593 2970 2840 4028 3434 36940
1989 4668 3707 2474 3115 1969 1722 2148 1044 1861 3463 3498 4804 34473
1990 3701 2900 2896 2819 2462 1255 1246  551 1263 2142 3049 5064 29348
1991 5532 2992 3120 2135 2714  973   51    0  175  775 3239 5192 26898
1992 4232 2694 2772 2611 2777 1173 1324    0 2244 3198 4409 4483 31917
1993 4026 2598 3279 3356 2943 1849  164  740  336 1943 2961 5016 29211
1994 4211 2777 5002 3653 1517 3788    0 1173   58 2813 3250 4221 32463
   3344 -250 11630    0                                 19741994   3344        0
1974  -10  -10  -10  -10  -10 1883 1765  765 3190 2685 3992 4654   -10
1975 4163 4325 3946 3384 3014 1632 2584 1127 3367 3138 3885 4116 38681
1976 4402 3898 4282 2668 1235 1037  277  440    0 2998 2623 4172 28032
1977 5731 5023 4697 3531 2129 2000  167  562    0 1417 2381 4024 31662
1978 3771 4177  -10  -10  -10  -10  -10  -10  -10  -10  -10  -10   -10
1979 5130 4059 3272 3557 1627 2269  232    0 2090 1356 4252 4242 32086
1980 4550 4511 3175 3585 2488 1585  402 1457  212 2185 2858 4939 31947
1981 4309 4569 4140 3771 3049  932 2101    0 2256 2012 4024 5715 36878
1982 4958 3581 4204 3418 2760  682    0    0    0  836 2256 3288 25983
1983 4105 2430 1811 1677 4316 2346 1952  324 1300 2225 3640 4479 30605
1984 3611 4604 4244 3122 3341 2311 2432  563 2609 1624 3951 4385 36797
1985 4660 2947 3391 3907 2527 1136 2516 1238 1978 2077 3554 4184 34115
1986 4766 3887 4008 3971 1675 1920 1250    0 1045 3528 4139 3677 33866
1987 5439 3827 4429 3720 3236  916    0  389  566 1231 3431 4808 31992
1988 4660 3352 4367 2719 2916 1741 2089 3311 2879 2898 4149 4136 39217
1989 4873 4688 3369 3765 1956 2214 2497 1307 1540 3687 3568 4516 37980
1990 4332 3262 3505 3141 2988 1670 1157  642 1118 1880 2741 5078 31514
1991 6243 3931 3493 2536 2747  621  230    0  330  758 3088 5447 29424
1992 4212 3183 3434 2961 2851 1224 1230    0 1957 2684 4018 4861 32615
1993 4054 3751 3514 3915 2892 1571    4  108    0 1443 3254 5341 29847
1994 4460 3512 5130 3855 2146 3231    0  845   43 2261 2766 4582 32831
   3345 -250 12000    0                                 19741994   3345        0
1974  -10  -10  -10  -10  -10 1960 1767  330 2520 2323 4080 5111   -10
1975 4231 4168 4314 3490 3191 2009 2963 1152 3158 3341 4147 4328 40492
1976 4511 4427 4310 2660 1540 1320  478  174    0 2401 2330 4402 28553
1977 5510 4779 4805 3352 2071 2126  109  489    0  841 1643 3696 29421
1978 3786 4508  -10  -10  -10  -10  -10  -10  -10  -10  -10  -10   -10
1979 4978 4315 3466 3229 1682 2295    9    0 1698  780 3500 4199 30151
1980 4642 5245 3539 3998 2093 1340  108  967    0 1626 2062 4890 30510
1981 4571 4828 4034 3312 2920 1019 2073    0 2014 1499 3928 5845 36043
1982 5139 4116 4564 3491 2955  865    0    0    0   79 1303 2626 25138
1983 3237 2061 1665 1418 4028 2784 1872  337  787 1237 3312 4108 26846
1984 3587 4735 4297 3299 3888 2746 2036  861 2472  926 3220 5015 37082
1985 4955 3652 3361 4304 2725 1336 2661 1294 1873 1456 3430 4253 35300
1986 4984 4468 3911 3974 1588 2121 1535  179  590 2898 3859 3694 33801
1987 5409 4430 4116 3290 3014  262    0  168    0  410 3015 4753 28867
1988 4199 4046 4214 2514 3043 2081 2185 2890 2411 2649 4049 4389 38670
1989 4839 4980 3892 3996 1771 2626 2945 1451 1156 3447 3278 4098 38479
1990 4751 3168 3838 3106 3219 2005 1157  709  947 1398 2246 4799 31343
1991 6685 4519 3587 2828 2556  227  370    0  213  234 2404 5207 28830
1992 3835 3251 3482 2911 2606 1124 1027    0 1318 1908 3303 4975 29740
1993 3859 4399 3357 4082 2608 1036    0    0    0  633 2943 5047 27964
1994 4365 3881 5013 3806 2639 2570    0  539    0 1358 1971 4469 30611
   3346 -250 12380    0                                 19741994   3346        0
1974  -10  -10  -10  -10  -10 2069 1953  210 2082 2020 3950 5205   -10
1975 4075 3794 4343 3329 3214 2364 3426 1281 3138 3411 4252 4192 40819
1976 4201 4272 3792 2344 1866 1462  643   23    0 1838 1965 4045 26451
1977 4658 4294 4506 3022 2244 2425  213  714    0  497  862 2986 26421
1978 3594 4128  -10  -10  -10  -10  -10  -10  -10  -10  -10  -10   -10
1979 4393 4174 3354 2836 1928 2330    0    0 1619  234 2949 3908 27725
1980 4376 5192 3471 4094 1715 1034    0  815    0 1244 1277 4269 27487
1981 4291 4589 3815 2752 2733 1143 2103    0 1854 1074 3505 5626 33485
1982 4875 4083 4489 3315 2905 1122    0    0    0    0  447 1926 23162
1983 2399 1804 1534 1747 3916 3145 1762  672  590  596 2766 3592 24523
1984 3492 4598 4274 3328 4232 2864 1867 1392 2621  538 2329 5278 36813
1985 4798 4143 2821 4280 2865 1838 2710 1500 1974 1097 3228 4127 35381
1986 4974 4516 3825 3639 1433 2196 1591  513  479 2313 3384 3370 32233
1987 5165 4167 3886 2823 2742    0    0  111    0  113 2485 4246 25738
1988 3608 4429 4171 2280 3090 2251 2383 2669 2126 2461 3901 4558 37927
1989 4692 4809 4118 3938 1765 3062 3459 1729 1333 3311 2880 3727 38823
1990 4848 2789 3862 3148 3176 2436 1483  840  994 1090 1791 4244 30701
1991 6759 4741 3507 3138 2223    0  624  217   34    0 1444 4574 27261
1992 3194 3087 3231 2830 2245  944  899    0 1015 1523 2660 4735 26363
1993 3570 4081 3017 3877 2413  426    0    0    0   95 2425 4591 24495
1994 4031 4019 4791 3565 3121 1930    0  393    0  577 1345 3985 27757
   3347 -250 12750    0                                 19741994   3347        0
1974  -10  -10  -10  -10  -10 2198 2400  473 2018 2116 3621 5100   -10
1975 3921 3597 4341 3131 3250 2817 3771 1553 3162 3235 3982 3824 40584
1976 3900 3670 3253 2232 2392 1714  875  256    0 1738 1725 3416 25171
1977 3816 3754 4238 2944 2701 2941  751 1295    0  537  312 2576 25865
1978 3271 3669  -10  -10  -10  -10  -10  -10  -10  -10  -10  -10   -10
1979 3685 3889 3378 2643 2307 2428    0    0 1693    0 2813 3504 26340
1980 3979 4606 3229 4160 1499 1229   27 1137    0 1137  889 3628 25520
1981 3795 4298 3518 2468 2629 1567 2376  348 1930  959 3108 4946 31942
1982 4407 3720 4335 3216 2798 1454    0    0    0    0   98 1494 21522
1983 1945 1664 1647 2215 4073 3457 1970 1262  816  670 2284 3219 25222
1984 3151 4381 4279 3564 4296 2833 2051 1964 2912  811 1793 5105 37140
1985 4417 3965 2484 4151 3097 2513 2837 1909 2341 1153 3103 3883 35853
1986 4786 4336 3800 3444 1411 2391 1751 1022  684 2190 2915 3009 31739
1987 4810 3658 3538 2453 2605    0    0  408    0  316 2179 3662 23629
1988 3071 4439 4224 2114 3200 2444 2675 2575 2120 2590 3655 4587 37694
1989 4455 4348 4244 3818 2026 3460 3832 2177 1772 3572 2647 3507 39858
1990 4572 2373 3827 3235 3159 3090 1916 1171 1277 1221 1539 3579 30959
1991 6223 4561 3491 3446 1816    0 1110  828   71    0  684 3870 26100
1992 2612 2713 3135 2918 2121  964 1083    0 1112 1680 2210 4338 24886
1993 3215 3583 2857 3709 2351  120    0    0  195   79 2020 4105 22234
1994 3612 4076 4612 3532 3801 1658  200  576    0  319 1079 3512 26977
   3348 -250 13130    0                                 19741994   3348        0
1974  -10  -10  -10  -10  -10 2439 2855 1051 2538 2707 3683 4958   -10
1975 3939 3667 4464 3093 3320 3181 3960 2051 3516 3582 3908 3803 42484
1976 3727 3364 2940 2471 2719 2138 1367 1173  293 2594 1947 3320 28053
1977 3301 3538 4083 3100 3298 3348 1602 2272  411 1411  825 2613 29802
1978 3226 3450  -10  -10  -10  -10  -10  -10  -10  -10  -10  -10   -10
1979 3321 3385 3714 2891 2864 2767  766  321 2235  453 3128 3389 29234
1980 3702 4354 3227 4214 1963 1855  992 1993    0 1827 1257 3336 28720
1981 3625 4009 3460 2758 2716 2460 3070  945 2606 1631 3198 4366 34844
1982 3979 3531 4233 3235 3033 1914    0    0    0  347  572 1739 22583
1983 2160 1602 1997 2649 4222 3581 2308 2108 1656 1556 2343 3032 29214
1984 2908 4283 4183 3718 4352 2816 2584 2559 3343 1730 2016 4647 39139
1985 4007 3850 2561 3937 3359 3224 3082 2554 2990 1914 3326 3764 38568
1986 4652 3987 3920 3726 1628 2745 2165 1699 1218 2761 3011 2985 34497
1987 4502 3347 3285 2622 2790  424  357 1180  378 1212 2531 3274 25902
1988 2929 4107 4330 2156 3477 2726 2932 3010 2715 3119 3477 4528 39506
1989 4492 4032 4379 3882 2418 3925 4129 2678 2347 4486 2865 3485 43118
1990 4224 2353 3907 3418 3321 4015 2410 1820 2057 1924 1921 3106 34476
1991 5749 4219 3480 3691 1849  266 1946 1612  487  328  783 3608 28018
1992 2378 2140 3035 3075 2376 1417 1780  677 1705 2323 2364 3844 27114
1993 3090 3344 2927 3568 2575  426  632    0 1439  922 2124 3769 24816
1994 3365 4274 4414 3572 4830 1983  791 1415   98 1007 1757 3458 30964
   3349 -250 13500    0                                 19741994   3349        0
1974  -10  -10  -10  -10  -10 2851 3275 1600 3008 3283 3732 4601   -10
1975 3778 3774 4564 3155 3390 3447 3941 2589 3793 4045 3951 3802 44229
1976 3568 3190 2773 2731 2820 2550 1915 2282 1126 3622 2280 3468 32325
1977 3017 3445 3897 3217 3685 3680 2432 3193 1015 2439 1644 2803 34467
1978 3329 3223  -10  -10  -10  -10  -10  -10  -10  -10  -10  -10   -10
1979 3126 2805 4018 3155 3417 3053 1794 1101 2754 1227 3589 3262 33301
1980 3406 4271 3357 4266 2713 2490 2166 2909  791 2623 1869 3213 34074
1981 3453 3733 3539 3273 2818 3334 3692 1607 3254 2429 3486 3842 38460
1982 3599 3513 4197 3291 3273 2420  145  719  698 1068 1337 2181 26441
1983 2614 1848 2529 3192 4313 3613 2560 2862 2369 2662 2638 3051 34251
1984 2744 4224 4106 3784 4425 2810 2994 3010 3666 2821 2378 4187 41149
1985 3701 3694 2910 3754 3513 3866 3388 3169 3613 2914 3655 3684 41861
1986 4474 3533 4018 3991 1956 3114 2637 2417 1883 3553 3256 3022 37854
1987 4162 3164 3109 2949 2937 1291 1053 1843 1457 2052 3134 3107 30258
1988 3005 3740 4374 2280 3856 3058 3018 3437 3317 3730 3333 4467 41615
1989 4424 3751 4376 4043 2839 4256 4367 3213 2796 5563 3190 3456 46274
1990 3975 2492 3960 3562 3457 5036 2889 2606 2835 2754 2466 2860 38892
1991 5208 3966 3470 3909 2116  857 2867 2426  996 1294 1291 3486 31886
1992 2300 1892 2972 3261 2687 1970 2513 1532 2418 3054 2723 3429 30751
1993 3120 3273 3085 3518 2818  947 1324  593 2750 1983 2376 3582 29369
1994 3194 4800 4222 3681 5942 2366 1488 2409  660 1673 2640 3544 36619
   3350 -250 13880    0                                 19741994   3350        0
1974  -10  -10  -10  -10  -10 3109 3361 1593 2728 3205 3208 3672   -10
1975 3083 3353 4056 2857 3141 3193 3299 2669 3299 4005 3651 3213 39819
1976 3150 2874 2285 2708 2411 2626 2152 2965 1582 3937 2027 3266 31983
1977 2435 2955 3230 2588 3409 3457 2669 3201 1216 2962 2007 2489 32618
1978 2840 2507  -10  -10  -10  -10  -10  -10  -10  -10  -10  -10   -10
1979 2722 1970 3598 2924 3388 2817 2301 1428 2586 1754 3644 2800 31932
1980 2641 3630 3083 3763 3017 2657 2970 2973 1429 2700 2210 3019 34092
1981 2907 2796 2908 3300 2633 3477 3627 2038 3252 2466 3315 3270 35989
1982 2801 3026 3586 2956 3282 2596  968 1636 1333 1383 1702 2165 27434
1983 2466 1800 2487 3272 3614 3015 2274 2560 2246 3226 2761 2508 32229
1984 1951 3379 3386 3366 4082 2618 2702 2775 3130 3195 2175 3427 36186
1985 3066 3124 2776 3093 3041 3811 3191 3346 3588 3251 3614 3024 38925
1986 3721 2585 3390 3696 1876 3068 2588 2753 2239 3663 3366 2655 35600
1987 3340 2659 2350 2660 2437 1676 1267 1658 2065 2112 3394 2710 28328
1988 2387 2947 3732 2031 3845 3179 2496 3515 3262 3877 2811 3831 37913
1989 3585 2985 3692 3763 2838 3836 3978 3253 2525 5445 3035 2837 41772
1990 3437 2166 3269 3139 3165 5167 2961 2926 3117 3271 2705 2523 37846
1991 3869 3244 2860 3543 2206 1340 3464 2612 1241 1939 1695 2907 30920
1992 1815 1842 2533 2905 2522 1943 2606 1762 2321 3253 2643 2811 28956
1993 2779 3101 2410 2937 2413 1207 1410  927 3080 2172 2108 3014 27558
1994 2269 5313 3158 3172 5776 2259 1863 2634 1039 1408 2664 3126 34681