1974 1605  820 1292  866  754 2344 1976 1665 1114  913 1308 1373 16030
1975 1370  738  347  554 2487 2180 2154 2044 2221  840 1202 3011 19148
1976 2836 2084 2266 1869 2930 3912  833 1246  121  241 1535 1869 21742
1977  690  330  452 1240 2221 2457 2585 1280  974 1040  635 1164 15068
1978  876  182  238  469 3229 3338 2229 2168  803  557  944 1678 16711
1979  649  178 1520 1429 2433 2105 2642 1237 1164  985 1138 1724 17204
1980  387  218  733 1024 2076 2365 2275  851  444 1253 2526 1674 15826
1981 1108 1217  300 3174 3011 2372 2035 2749 1445 2103  507 1122 21143
1982 1141 2278 1425 1982 2374 2244 1966  759  158  370  954 1557 17208
1983  983  396  331 2398 1727 2675  901  828  409  399  358 1888 13293
1984 2655  787  352  208 2098 1932 2469 2380 1250 1228 2634 2093 20086
1985  729  567  689  376 1262 1804 1581 1725 1215 1212 2028 1143 14331
1986  585  954 1569  360 1813 3119 2477  861  641 1314 2060 1334 17087
1987  759 1408  889 1038 1856 2449 2440  704 1273  895  930  872 15513
1988  958  441  132  353 1953 2531 2935 3247 1035 1339 1104 2840 18868
1989 2337 1513 1355  723 2187 1994 2629  907 1161  661 1573 1121 18161
1990 1702  977 1774 2806 1707 2285 2767 1755  527  244  991 1453 18988
1991 1003  737 1211 2059  921 1324 1672  -10 1271  -10  -10  783   -10
1992  808  549  703  603 2468 2281 1360 1885  -10  583  491 1298   -10
1993 1870  624 1514  256  -10  -10 2173 1822 1039  630 2018 2042   -10
1994  779  531 1113  712  -10 2326 2461 1408 1065 1454 1378 1361   -10
   3682  750 -5630    0                                 19741994   3682        0
1974  -10  -10  -10  -10  -10 1927 1830 1421 1152 1502 1471 1117   -10
1975 1787 1081  311  353 1680 2943 1969 1790 1430 1041 1438 2511 18334
1976 2940 2229 2552 2335 2898 3650 1663  887  406   73 1162 2549 23344
1977  876  655  721 1141 1900 2778 2260 1460 1212 1019 1065 1286 16373
1978 1030  813  -10  -10  -10  -10  -10  -10  -10  -10  -10  -10   -10
1979  731  154 1653 1913 2062 2759 3281 1418 1147 1062 1438 1874 19492
1980  939  324  747 1430 2581 3064 2132 1348  879 1493 2285 1436 18658
1981  970 1572  146 3760 2380 2549 2520 2624 1095 1448  853 1159 21076
1982  922 1773 2278 2051 2632 2991 1864 1268  626  691  987 1251 19334
1983  948  835  748 2806 2318 2694 1412 1088  822  702  446 2076 16895
1984 3096  241  425  316 3338 2488 2718 2134 1366 1773 1949 1861 21705
1985  516 1052 1099  370 1228 2237 1735 1996 1389 1778 2011 1120 16531
1986  770  691 2211  197 2087 3595 1935 1287  635 1722 2210 1442 18782
1987  400 1793  921  838 1874 2808 2961  959  977  750 1061  789 16131
1988  881  277  339   41 1867 2925 2281 2827 1571 1525 1749 2611 18894
1989 2619 2156 2854  685 2000 2241 2295  849 1264  851 1958  710 20482
1990 1881  941 2166 3141 2591 2619 2679 2114  345  560 1491 1386 21914
1991  823  615  658 1191 1161 1843 2212 1787 2008  662 1582 1103 15645
1992  833  679  877  901 2995 3094 1734 2065  613  377  673 1166 16007
1993 1840  548 1655  295 2632 3287 1875 2021  990  796 2544 1728 20211
1994  867  655 1418 1693 2031 2551 2780 1256 1205 1295 1295 1284 18330
   3683  750 -5250    0                                 19741994   3683        0
1974  -10  -10  -10  -10  -10 2398 1624 1285 1137 1459 1675 1951   -10
1975 1846 1935 1001 1312 1649 4464 2150 1660 1522  924 1538 2042 22043
1976 4289 3027 4009 3616 4781 4183 1717  868  336   48 1018 3439 31331
1977 1410 1122 1182 1991 3098 2906 2357 1563 1273 1110 1654 2041 21707
1978 1913 1277  -10  -10  -10  -10  -10  -10  -10  -10  -10  -10   -10
1979 1178  539 1730 2898 2332 2535 3601 1237 1282  835 1403 2281 21851
1980 2178  481 1329 2876 3208 3376 1794 1548  798 1639 2676 1854 23757
1981 1560 2535  416 3603 2904 2894 2733 2373  848 1319 1270 2009 24464
1982 1387 1748 3339 2614 3751 3520 1914 1571 1059  875 1058 1435 24271
1983 1463 1524 1384 4110 3321 2902 1674 1072 1100  857  562 2986 22955
1984 4401  228  800 1018 5312 3014 2706 1948 1324 2119 1807 2379 27056
1985  973 1453 1674  710 2343 3586 2095 1974 1205 1972 1952 1868 21805
1986 2349  664 1660  693 3133 4088 1874 1611  592 1636 2730 2402 23432
1987  811 1268  384 1344 2369 2607 3157 1227  687  784  973 1459 17070
1988 1694  917 1170  398 3067 3520 1727 2547 1592 1384 1992 3177 23185
1989 3816 3485 4319 1526 2880 2589 2088  831 1281 1172 1996 1249 27232
1990 2435  777 1927 3838 4806 3498 1994 1914  191 1064 1891 1950 26285
1991 1250  884  500 1194 2213 2339 2197 2070 2378  635 1791 1977 19428
1992 1750 1511 1461 2019 3941 4023 1982 1798  532  341 1030 1773 22161
1993 2724  928 1265 1157 3381 3667 1794 1971  841  924 2633 2296 23581
1994 1770  990 1868 3173 3101 3353 2872 1207  827 1016 1536 1963 23676
   3684  750 -4880    0                                 19741994   3684        0
1974  -10  -10  -10  -10  -10 1779 1369 1206 1249 1304 1504 1811   -10
1975 2040 1934 1245 1445 1258 3461 1838 1748 1306 1222 1705 1698 20900
1976 3544 2318 3445 2570 4073 3414 1598  780  461  223  932 2875 26233
1977 1030  716 1271 1491 2411 2512 2220 1663 1415 1353 1725 1328 19135
1978 1947 1031  -10  -10  -10  -10  -10  -10  -10  -10  -10  -10   -10
1979  935  502 1603 2471 1577 2407 3287 1313 1261 1052 1662 1706 19776
1980 1554  990 1056 2281 2553 3033 1783 1751  966 1968 2293 1625 21853
1981 1130 2208  455 2994 2618 3039 2389 2440 1095 1638 1594 1833 23433
1982 1509 1603 2740 2170 2745 3436 2066 1809 1525 1367 1214 1460 23644
1983 1102 1186 1100 3337 3133 2880 1816 1331 1390 1417  713 2457 21862
1984 3573  241  898 1417 4196 2823 2506 2060 1531 2213 2006 1963 25427
1985 1422 1614 1782  853 1958 2694 2069 2020 1232 2230 2090 1294 21258
1986 1754  862 1517 1004 2403 3624 1860 1902  859 1688 2654 2202 22329
1987  604 1056  539 1275 1997 2341 3157 1380  994 1111 1259 1453 17166
1988 1648  603 1186  423 2782 3489 1843 2581 2067 1535 2215 2684 23056
1989 3057 3173 3232 1441 2334 1998 1825 1010 1542 1483 2053  913 24061
1990 1976  819 1248 3281 4047 3494 2036 2109  578 1585 2414 1870 25457
1991  915  849  381  407 1505 1990 1965 2371 2733  747 2025 1792 17680
1992 1478 1654 1352 2094 3314 4005 2180 1574  820  453 1199 1366 21489
1993 2710  750  771  858 2795 3240 1775 1875 1109 1082 2660 2171 21796
1994 1732  841 1562 2350 2388 3172 2645 1484  812 1161 1928 1775 21850
   3685  750 -4500    0                                 19741994   3685        0
1974  -10  -10  -10  -10  -10 1291 1308 1325 1606 1438 1477 1853   -10
1975 2310 1745 1177 1216  921 2616 1729 1987 1157 1773 2159 1638 20428
1976 2992 1841 2714 1603 3344 2621 1595  715  836  765  990 2683 22699
1977  596  356 1126 1052 1965 2188 2223 1879 1749 1811 2071  915 17931
1978 2031  829  -10  -10  -10  -10  -10  -10  -10  -10  -10  -10   -10
1979  665  339 1300 1922 1007 2459 3056 1594 1425 1540 2212 1293 18812
1980  937  983  840 1655 1921 2664 1843 1999 1220 2506 2116 1612 20296
1981  675 2042  578 2484 2306 3354 2267 2676 1591 2362 2136 1920 24391
1982 1666 1288 2057 1555 1816 3138 2192 2162 2089 1915 1626 1683 23187
1983  776  811  861 2536 2907 2998 2047 1733 1733 2188 1175 2287 22052
1984 3044  218  980 1369 3018 2598 2511 2226 1819 2621 2649 1753 24806
1985 1522 1395 1736  922 1392 1940 2008 2166 1446 2670 2457  993 20647
1986 1545  898 1367 1003 1642 3043 1875 2347 1249 1875 2756 2297 21897
1987  328  795  537 1224 1718 2239 3198 1773 1519 1554 1776 1600 18261
1988 1655  249  976  322 2506 3082 2092 2910 2588 2152 2623 2464 23619
1989 2424 2863 2180 1137 1684 1500 1634 1215 1883 1961 2343  714 21538
1990 1772  890  753 2540 3124 3388 2142 2418 1171 2247 3069 1996 25510
1991  714  731  419  117  737 1649 1944 2556 3164 1204 2494 1817 17546
1992 1190 1530 1118 1935 2665 3877 2485 1575 1340  755 1476 1176 21122
1993 2827  613  477  392 2290 2798 2007 1846 1455 1522 3036 2454 21717
1994 1861  638 1109 1524 1554 3026 2482 1730 1056 1605 2540 1755 20880
   3686  750 -4130    0                                 19741994   3686        0
1974  -10  -10  -10  -10  -10 1063 1550 1596 2141 1832 1771 1950   -10
1975 2765 1543 1011  907  675 2167 2093 2317 1501 2245 2845 1881 21950
1976 2831 1570 1960 1031 2626 2091 1738 1045 1209 1371 1100 2925 21497
1977  242  119  912  780 1897 2170 2432 2266 2177 2374 2542 1005 18916
1978 2189  717  -10  -10  -10  -10  -10  -10  -10  -10  -10  -10   -10
1979  606  181  991 1410  916 2645 2945 1946 1727 2059 2803 1232 19461
1980  509  740  728 1209 1697 2451 2002 2300 1398 3117 2195 1813 20159
1981  309 1943  746 2010 2125 3683 2473 2774 2136 3133 2841 2317 26490
1982 1792  932 1430 1058 1241 2753 2345 2597 2556 2344 2159 2006 23213
1983  535  527  844 1978 2621 3073 2232 2031 1918 2945 1903 2547 23154
1984 2680  380 1019 1155 2074 2483 2725 2295 2034 3231 3379 1912 25367
1985 1427 1067 1525  869  896 1649 2046 2298 1711 3232 2987 1112 20819
1986 1720  720 1229  875 1087 2642 1984 2712 1579 2210 2924 2749 22431
1987  226  538  454 1171 1540 2310 3183 2340 1921 2090 2374 1815 19962
1988 1640   48  736  236 2285 2805 2534 3301 2801 3014 3128 2420 24948
1989 2126 2629 1444  822 1064 1430 1693 1589 2164 2486 2737  661 20845
1990 1928  931  521 1942 2455 3117 2229 2791 1747 2880 3644 2496 26681
1991  769  527  454  155  259 1444 2204 2716 3386 1908 2890 2064 18776
1992 1070 1369  821 1730 2213 3698 2700 1750 1870 1231 1765 1331 21548
1993 3026  592  497   89 2019 2472 2491 1935 1607 2105 3552 2939 23324
1994 1957  439  794  941 1038 3231 2492 1926 1457 2189 3193 1922 21579
   3687  750 -3750    0                                 19741994   3687        0
1974  -10  -10  -10  -10  -10 1016 1870 1931 2641 2241 2191 2139   -10
1975 3180 1320  849  640  502 1935 2584 2646 1892 2513 3546 2097 23704
1976 2862 1362 1283  869 2016 1797 1976 1454 1510 1938 1325 3302 21694
1977    0  116  672  593 1946 2329 2679 2685 2553 2973 2955 1338 20839
1978 2347  642  -10  -10  -10  -10  -10  -10  -10  -10  -10  -10   -10
1979  742   82  788  932 1066 2828 2944 2351 2156 2530 3234 1372 21025
1980  491  503  701  864 1688 2372 2288 2578 1581 3645 2342 2109 21162
1981  601 1815  863 1610 1969 3884 2828 2785 2670 3669 3604 2765 29063
1982 1841  593  884  755 1037 2545 2538 3022 2898 2793 2651 2311 23868
1983  357  352  900 1575 2371 3129 2382 2259 2103 3560 2688 3072 24748
1984 2446  584  912  895 1557 2488 2999 2424 2265 3806 3950 2235 26561
1985 1269  809 1188  763  608 1640 2244 2490 1985 3708 3471 1431 21606
1986 1973  428 1099  708  773 2532 2163 2967 1893 2603 3250 3359 23748
1987  274  346  348 1091 1418 2402 3145 3027 2206 2648 2863 2017 21785
1988 1566   38  532  191 2047 2719 3014 3611 2899 3707 3628 2477 26429
1989 2035 2363  984  553  567 1608 1916 2181 2389 2959 3065  757 21377
1990 2158  918  393 1560 2047 2851 2342 3266 2261 3435 4102 3144 28477
1991  955  300  416  235  117 1382 2566 2944 3356 2587 3123 2441 20422
1992 1116 1254  554 1522 2000 3563 2856 2068 2349 1729 2113 1624 22748
1993 3175  654  614    0 1939 2291 3010 2221 1718 2650 4018 3269 25559
1994 1925  240  658  571  836 3587 2684 2174 1891 2764 3720 2197 23247
   3688  750 -3380    0                                 19741994   3688        0
1974  -10  -10  -10  -10  -10 1230 2153 2338 2867 2530 2680 2382   -10
1975 3173  938  692  442  370 1748 3096 2947 2155 2522 3953 2107 24143
1976 2763 1048  694  727 1611 1687 2177 1797 1706 2311 1792 3391 21704
1977   79  213  386  450 2011 2467 2963 3018 2785 3473 3020 1854 22719
1978 2366  534  -10  -10  -10  -10  -10  -10  -10  -10  -10  -10   -10
1979 1008   29  639  530 1217 2955 3095 2829 2583 3007 3458 1585 22935
1980  544  260  643  554 1771 2335 2752 2790 1894 3841 2515 2401 22300
1981  950 1425  819 1284 1725 3683 3252 2842 3073 3659 4181 2954 29847
1982 1718  242  465  594 1396 2566 2712 3380 2948 3254 3023 2467 24765
1983  221  257  951 1233 2136 3131 2380 2525 2296 3789 3289 3501 25709
1984 2092  588  624  564 1544 2565 3210 2735 2434 4142 4094 2378 26970
1985 1074  557  751  624  396 1754 2535 2752 2236 3950 3870 1851 22350
1986 1972   21  927  516  822 2642 2404 3027 2078 2988 3774 3653 24824
1987  372  225  248  995 1282 2349 3144 3615 2432 3153 3101 2096 23012
1988 1305   88  372  166 1781 2677 3436 3886 3031 3921 4032 2480 27175
1989 1865 1824  683  350  342 1898 2226 2978 2485 3283 3301 1008 22243
1990 2193  810  307 1262 1758 2599 2545 3713 2635 3791 4324 3481 29418
1991 1188   23  249  257  166 1462 2898 3270 3029 3020 3144 2753 21459
1992 1317 1111  318 1279 1947 3321 2975 2532 2656 2198 2554 1880 24088
1993 2905  800  582    9 1951 2249 3335 2686 1912 3145 4209 3055 26838
1994 1606    0  687  328  886 3683 3035 2576 2346 3204 3907 2428 24686
   3689  750 -3000    0                                 19741994   3689        0
1974  -10  -10  -10  -10  -10 1555 2507 2766 2948 2716 3088 2560   -10
1975 2856  494  541  287  245 1594 3631 3298 2339 2469 4049 1961 23764
1976 2483  667  419  574 1328 1705 2334 2119 1894 2593 2279 3155 21550
1977  271  242  278  324 2103 2562 3274 3289 2947 3779 2815 2264 24148
1978 2215  392  -10  -10  -10  -10  -10  -10  -10  -10  -10  -10   -10
1979 1238    0  479  269 1319 3095 3362 3431 2872 3468 3588 1691 24812
1980  605   67  483  304 1821 2341 3257 3073 2305 3708 2694 2615 23273
1981 1131  922  674 1110 1546 3345 3784 3085 3349 3364 4343 2923 29576
1982 1523    0  150  466 1893 2601 2836 3778 2788 3616 3225 2462 25338
1983  116  199  930  882 1901 3101 2429 2874 2408 3774 3552 3630 25796
1984 1598  368  334  279 1645 2749 3411 3126 2553 4231 3934 2278 26506
1985  891  397  345  478  349 1834 2885 3113 2493 3920 4158 2209 23072
1986 1707    0  725  299  969 2678 2660 3092 2211 3269 4270 3513 25393
1987  478  146  153  922 1162 2315 3244 4081 2759 3519 3171 2112 24062
1988  958  160  245  129 1531 2588 3760 4276 3226 3883 4206 2384 27346
1989 1509 1181  408  184  279 2226 2574 3779 2546 3474 3514 1303 22977
1990 2005  639  224  936 1524 2419 2854 4047 2921 3941 4326 3360 29196
1991 1355    0   50  212  252 1585 3220 3678 2668 3269 3103 2927 22319
1992 1512  960  105  986 1952 3025 3102 3093 2821 2605 2942 1996 25099
1993 2362  959  411   37 1951 2326 3609 3227 2128 3627 4207 2575 27419
1994 1162    0  789  138  968 3523 3526 3087 2801 3516 3881 2478 25869
   3690  750 -2630    0                                 19741994   3690        0
1974  -10  -10  -10  -10  -10 1962 3218 3336 3068 2587 3074 2313   -10
1975 2159   44  395  146  105 1583 4454 3707 2553 2288 3501 1598 22533
1976 1919  308  325  406 1172 1923 2503 2499 2255 2739 2498 2510 21057
1977  374   79  180  200 2130 2788 3640 3589 3118 3613 2312 2259 24282
1978 1763  231  -10  -10  -10  -10  -10  -10  -10  -10  -10  -10   -10
1979 1260    0  293  264 1421 3301 3763 4211 3023 3671 3532 1570 26309
1980  773    0  260  346 1857 2489 3635 3507 2725 3153 2796 2484 24025
1981 1114  431  494 1059 1664 3126 4543 3386 3383 2780 3833 2729 28542
1982 1214    0    0  368 2257 2718 3031 4309 2523 3658 3032 2150 25260
1983   41  152  807  646 1726 3176 2715 3298 2474 3381 3245 3198 24859
1984  946   22  102  192 1880 3098 3646 3490 2593 3842 3485 1960 25256
1985  730  288  153  340  487 2001 3232 3575 2766 3554 4101 2352 23579
1986 1141    0  510   58 1183 2699 3034 3292 2437 3212 4235 2728 24529
1987  604   82   52  856 1213 2575 3632 4473 3088 3492 2896 2067 25030
1988  650  288  140   57 1367 2671 4087 4817 3506 3541 3799 2072 26995
1989 1006  542  156   23  412 2650 3059 4399 2549 3414 3598 1544 23352
1990 1498  479  134  622 1372 2438 3310 4258 3073 3748 3783 2726 27441
1991 1288    0    0  115  399 1801 3624 4192 2497 3232 2840 2749 22737
1992 1568  839    0  720 1951 2812 3250 3629 2856 2837 3075 1889 25426
1993 1582 1006  188   45 1918 2540 3988 3815 2349 3743 3667 1982 26823
1994  701    0  865   21  998 3407 4307 3608 3316 3513 3517 2188 26441
   3691  750 -2250    0                                 19741994   3691        0
1974  -10  -10  -10  -10  -10 2304 4266 4197 3346 2237 2648 1793   -10
1975 1365    0  256    0  183 1676 5469 4333 2985 2110 2594 1154 22125
1976 1220    0  257  414 1086 2392 2819 3043 2883 2880 2408 1770 21172
1977  363    0   79   72 2008 3142 4188 4243 3501 3147 1635 1911 24289
1978 1197  127  -10  -10  -10  -10  -10  -10  -10  -10  -10  -10   -10
1979 1104    0  194  317 1547 3528 4374 5305 3229 3557 3185 1311 27651
1980  905    0  102  517 1967 2714 4189 4183 3047 2482 2741 2097 24944
1981  948   72  316  948 1949 3068 5599 3701 3384 2304 3036 2351 27676
1982  847    0    0  323 2372 3058 3465 5219 2403 3524 2534 1594 25339
1983    0  274  633  476 1668 3443 3229 3902 2583 2915 2647 2369 24139
1984  382   21    0  183 2144 3547 3989 3787 2691 3120 2888 1528 24280
1985  599  218    0  212  696 2277 3739 4228 3120 3076 3685 2197 24047
1986  512    0  294  155 1377 2752 3542 3712 2881 2987 3556 1728 23496
1987  665   29    0  747 1318 2944 4178 5080 3402 3200 2378 1864 25805
1988  417  384   48    0 1233 2851 4675 5603 4021 3081 2924 1591 26828
1989  458   57    0    0  666 3123 3690 5165 2638 3165 3315 1607 23884
1990  927  379   60  388 1225 2597 3840 4687 3288 3378 2884 2044 25697
1991 1039    0    0    0  586 2034 4238 4954 2494 3078 2346 2214 22983
1992 1433  749    0  483 1906 2880 3536 4224 2961 2871 2907 1604 25554
1993  855  863   24   65 1858 2874 4613 4544 2576 3492 2736 1383 25883
1994  283    0  922    0 1039 3403 5550 4184 3965 3432 2930 1653 27361
   3692  750 -1880    0                                 19741994   3692        0
1974  -10  -10  -10  -10  -10 2548 5702 5434 3824 1854 1707 1020   -10
1975  560    0  123    0  663 1980 6577 5512 4002 2269 1573  664 23923
1976  562    0  269  769 1357 3221 3403 3896 4038 3153 2106 1059 23833
1977  191    0    0    0 1841 3604 5154 5994 4436 2612  942 1158 25932
1978  672   94  -10  -10  -10  -10  -10  -10  -10  -10  -10  -10   -10
1979  648    0   90  364 1891 3651 5368 7148 3788 3133 2384  829 29294
1980  696  153   44  700 2261 3208 5343 5463 3391 1986 2359 1288 26892
1981  516    0  161  898 2400 3221 7305 4140 3682 2466 2056 1538 28383
1982  451    0    0  516 2377 3865 4448 6891 2737 3383 1830  872 27370
1983    0  275  406  339 1862 4051 4054 5023 2850 2663 1890 1346 24759
1984  131   25   49  415 2552 3995 4513 4040 3005 2346 2149  988 24208
1985  355  186    0   95 1155 2728 4564 5234 3473 2826 2673 1373 24662
1986    0    0  100  312 1750 2810 4348 4699 3652 2823 2196  767 23457
1987  486   76    0  712 1505 3437 4726 6251 3895 2622 1469 1258 26437
1988  224  253    0    0 1266 3106 5818 7055 5128 2620 1794  882 28146
1989   70    0    0    0 1172 3565 4405 6609 2979 2935 2291 1236 25262
1990  398  248   31  392 1267 2968 4485 5773 3696 3093 1845 1498 25694
1991  552    0    0    0  872 2263 5171 6259 2894 2925 1627 1254 23817
1992  951  521   30  361 1863 3478 4395 5111 3381 2725 2289 1023 26128
1993  367  540  109  335 1916 3400 5559 5717 3060 3130 1552  806 26491
1994   50    0 1180  217 1153 3479 7802 5057 4972 3641 2178  893 30622