1974 4718  949 1852 1088  539  949 1304 1059  832 1011 3246 3231 20778
1975 3313  997 1168 1870 1816  813 1048 2281 1252  988 1785 2917 20248
1976 2943 1574 2713 1840 1524 1340  998 1208  809 1845  841 4865 22500
1977 3134 2939 4952 3058 4128 3687 2703 3341 1323 2413 4038 1841 37557
1978 4220 3862 2989 2881 2319 2603 1570 2966 1840 1458 3594 4171 34473
1979 3752 1542 3044 2200 2475 1119 2392 1350 1846 3543 3075 4275 30613
1980 2116 4851 4312 1221 3255 1590 1612 2497 2750 2653 4289 3989 35135
1981 2256 6986 3289 5154 2012 1587 3843 1882 2838 1257 1944 4517 37565
1982 2699 3424 2777 1425 2070 2127 1293 2749 4573 3427 2927 2832 32323
1983 9095 4312 5079 1306 2777 2262 2967 4333 2249 1859 2236 3865 42340
1984 1887 3192 5413 1630 2039 2868 3009 3377 1978 2807 2005 7472 37677
1985 5558 1348 5961 1836 2724 1382 2468 1725 1224 1815 1256 2140 29437
1986 5274 3087 1755 3846 2498 1763 3393 2207  931 1933 1569 3125 31381
1987 3709 5819 3741 2882 5296 1936 5369 3194 4239 4310 1671 4669 46835
1988 3850 4916 2658 4987 3285 2428 4531 2908 1064 2820 1046 1743 36236
1989 3957 2995 2616 2063 2439  987 1381 1866 1894 1448 3109 3010 27765
1990 5684 4361 3505 1969 1300 1042 1565 2786 1063 3138 3545 4941 34899
1991 3222 4525 4027 2890 2482 2398 2163 3697 6264 2066 2194 6485 42413
1992 2907 2768 3302 4116 2686 1176 2180 1747 1605 2689 3604 3197 31977
1993 1940 3024 4647 4294 2980 1558 4950 8228 3810 3864 1810 3967 45072
1994 4242 1579 3404 2267 2064 3613 2833 1824 2190 1962 2616 3456 32050
   3074 -750-17630    0                                 19741994   3074        0
1974  -10  -10  -10  -10  -10 1552 1101  671  754 1487 1575 4141   -10
1975 4220 1299 1247 1942 2223  825 1287 1598 1185 1259 1038 1388 19511
1976 3071 1526 1733 1144 1640  998 1229 1053  513 1579  935 4231 19652
1977 3091 2240 5393 1978 3122 4756 3018 3348 1346 2487 3239 4151 38169
1978 3723 4122  -10  -10  -10  -10  -10  -10  -10  -10  -10  -10   -10
1979 4412 1976 2750 1833 1764 2058 1535 1110 1537 2845 2335 3899 28054
1980 3113 3418 3628 1531 2361 2513 1564 3206 1768 1759 3142 2795 30798
1981 2576 5114 3796 3878 1741 1943 2767 1806 2155 1249 1655 4938 33618
1982 2642 3538 2176 1011 1404 1780 1297 2626 3323 2993 3788 2472 29050
1983 7621 4111 4402 2155 2619 2032 1715 2594 1591 1319 2000 4863 37022
1984 2064 2451 4457 1631 2480 2799 3186 3245 1749 2267 2926 4459 33714
1985 4437 1458 3576 1955 2080 1192 2281 1635 1343 1534 1568 2426 25485
1986 3677 2756 1498 3730 1991 1176 1896 1961 1626 1836 2495 4273 28915
1987 3967 3963 2625 2438 3322 2364 4227 3726 3022 4109 1958 4636 40357
1988 3882 4554 3206 4142 2969 1995 3100 1942 1346 2092 1023 1537 31788
1989 3658 2762 2375 2071 1826 2105 1570 1357 1686 1116 2736 2698 25960
1990 4465 3039 3795 2082 1061  986 1434 1456  589 1940 3117 3920 27884
1991 2761 5428 2842 2159 1780 1681 2181 2666 2889 2241 2706 5533 34867
1992 3764 2494 4092 3612 2684 1326 2682 2311 2019 2103 3106 3674 33867
1993 2166 3155 3972 3775 3343 2169 3641 4808 3422 3198 2514 3414 39577
1994 3359 1588 2384 2241 1691 2879 2569 2336 1276 1641 3532 3828 29324