1974 3320 4280 3820 2070 1310 3270  380  190 1040 4060 5670 5120 34530
1975 9250 3210 2610 2110 2920 1150 2920 1000 1720 2090 1600 1783 32363
1976 6190 4220 2110 2420 2410 1380 1870  360   40  500 1830 6020 29350
1977 3670 2620 4550  620  980  860  590  440  500 1320 1500 1340 18990
1978 9600 1970 6410 1010 1420 1260 1300 2080  700 2920 5130 4130 37930
1979 2900 2700 3320 1000 2440 1200 2090  520 2360 5490 2480 3920 30420
1980 3720 3100 4640 3030 2160 1610 1620 2620 5930 4880 2090 1780 37180
1981 2590 3610 6350 4020 1827 1587  992  750 1980 3500 4380 5970 37556
1982 4210 4710 1330  340 2980  520  710 1680  630 1010 1250  630 20000
1983 2290 1410 2570 1310  760 1130  140 1050  240  830 2020 5640 19390
1984 2740 2600 2770 1310  590 2930  910 1580 1920  970  670 5670 24660
1985 4158 3790 3550 2400 2890 1240 1198 1282  710 1926 1819 1450 26413
1986 4900 1630 1810 2500 2790 1283  807  750 2020 1560 1260 4824 26134
1987 5090 3520 1920  160 1550 1338   50  680   10  470  810 4324 19922
1988 8490 3480 3120 2070 3650  970 1980 1310 1780 2080 3570 2590 35090
1989 7210 5640 3090 2633 1320 2700  890  690  988 1170 3010 1830 31171
1990 4479  790 4970 1360 1130 1170  930  450  971 1620 3590 4265 25725
1991 3210 9350 2410 1460 1630 1300 1380 1000  250 3349 3590 2395 31324
1992  -10 2000 4510 3183 2320  430 1330 1820 1670 1200 2950 3434   -10
1993 2340 3710 6584 3314 1935 1187  350 1703 3137 1990  -10 4046   -10
1994 3450 1893 2209 2337  -10 2427 1792 1236  -10 2020 3419  -10   -10
   2788-1500-16880    0                                 19741994   2788        0
1974  -10  -10  -10  -10  -10 2082  400  486  847 2287 4033 4187   -10
1975 6307 2832 2819 2467 2693 1287 1748 1203 1248 1478 1690 2560 28332
1976 4138 3338 1714 2104 2593 1220 1036  479  178  518 1603 4551 23472
1977 2588 1881 4243  940 1277  680  695  755  623 1255 1684 1116 17737
1978 5421 3198  -10  -10  -10  -10  -10  -10  -10  -10  -10  -10   -10
1979 3497 2261 2626 1875 2910 2191 1798 1321 1425 3296 1593 3356 28149
1980 3133 2909 4207 2937 2306 1238  999 1885 3110 3213 2301 1993 30231
1981 2937 3251 4463 3591 1815 1541  916  859 1124 2657 3430 4419 31003
1982 3280 4228 1563 1328 2228  774  493 1333  683  749  963  244 17866
1983 2196 1847 2110 1150  744  979  390  920  390 1368 2005 4586 18685
1984 3343 2317 3371 1726  621 1799 1039 1156 1608 1087 1500 5036 24603
1985 4238 3185 2686 2746 2708 1385  868 1207  886 1590 1699 2200 25398
1986 4570 2270 2661 3574 2355 1009  975 1038 1753 1533 1223 3586 26547
1987 3206 3778 2003 1146 2011 1513  644 1150   48  815  956 3808 21078
1988 4931 3955 2848 3242 3152 1517 1964 1368 1417 2002 3791 3187 33374
1989 5091 4028 3785 2680 1658 2057  885  840  937 1041 3247 2216 28465
1990 3541 2941 4660 1857  974 1305  821  641  764 1081 3398 3245 25228
1991 2745 7181 3080 1236 1985 1668 1005  856  335 2231 3027 2298 27647
1992 2237 2281 4062 2957 1963    0  660 1439 1157 1358 2286 3000 23400
1993 2514 3359 5548 3239 1937 1032 1134 1747 2111 1414 2074 3226 29335
1994 3438 1652 2420 2634 2016 2327 1804 1034 1084 1861 2963 3073 26306
   2789-1500-16500    0                                 19741994   2789        0
1974  -10  -10  -10  -10  -10 1479  398  491  748 1838 3440 3995   -10
1975 4738 2723 2493 2271 2403 1229 1339 1212 1019 1126 1373 3076 25002
1976 3072 2985 1012 1923 2016 1106  724  569  211  610 1405 4299 19932
1977 2248 1648 3703 1169 1637  785  860  831  973 1196 1824  934 17808
1978 3951 4433  -10  -10  -10  -10  -10  -10  -10  -10  -10  -10   -10
1979 3769 2038 2382 2152 2563 2168 1557 1509 1176 2472 1191 3320 26297
1980 3087 3133 3257 3046 2683  947  777 1187 1874 2511 1965 2284 26751
1981 3320 3470 4064 2888 1785 1520  989  880  643 2256 3234 4356 29405
1982 2249 4196 1233 1450 1848  885  589  728  770  814  650  256 15668
1983 2374 2187 1548 1208  612  821  541  894  667 1634 2164 3916 18566
1984 3257 2440 3450 1851  797 1367 1143 1155 1518 1349 2005 5326 25658
1985 4729 2876 1870 2819 2426 1437  758 1201  880 1412 1861 2934 25203
1986 4614 2639 2693 3577 1989  903 1058 1104 1572 1692 1203 3545 26589
1987 2800 4278 1790 1813 2259 1576 1015 1382   15 1279 1144 3591 22942
1988 3769 4758 2282 3672 2659 1816 1939 1420 1077 1967 3939 3441 32739
1989 4288 2839 3925 2547 1547 1769  846  829  919  961 3477 3085 27032
1990 2965 4918 4401 1680  899 1337  665  671  771  778 3348 2761 25194
1991 1986 6281 2579  987 1931 1796  961  814  544 1514 2700 2572 24665
1992 2378 2379 3680 2431 1669    0  627 1079  810 1217 2120 2918 21308
1993 2673 3460 4570 2707 1697  946 1697 1570 1465 1056 2025 2834 26700
1994 3545 1636 2348 2772 1923 2142 1742 1105  848 1890 2641 2857 25449
   2790-1500-16130    0                                 19741994   2790        0
1974  -10  -10  -10  -10  -10 1027  406  446  609 1514 2849 3797   -10
1975 3416 2118 1959 1460 2090  999  965 1076  839 1077 1093 2872 19964
1976 2208 2702  883 1512 1124 1008  585  772  244  549 1185 3894 16666
1977 2492 1640 2981 1716 1881  883  812  785 1325 1328 2181 1157 19181
1978 3019 5670  -10  -10  -10  -10  -10  -10  -10  -10  -10  -10   -10
1979 4018 1725 2278 1836 1995 1695 1286 1412 1002 1821  861 3289 23218
1980 3237 3161 2291 3181 2729  823  627  762 1197 1814 1783 2407 24012
1981 3472 3890 4340 1968 1365 1408 1053 1032  505 1767 3208 4265 28273
1982 1461 4062  556 1344 1568  922  609  359  934  725 1072  706 14318
1983 2746 2610 1524 1236  277  697  675 1015  923 1647 2402 3204 18956
1984 2885 2214 3256 1910 1180 1320 1316 1259 1341 1600 2379 5041 25701
1985 4514 2619 1595 2812 2005 1098  932 1305  792 1323 2212 3552 24759
1986 4338 3115 2580 3157 1847  757  888 1225 1408 1669 1175 3648 25807
1987 2552 4403 1511 2775 2163 1359 1013 1576    0 1882 1379 3477 24090
1988 3812 5039 2018 3701 2266 1780 1687 1364  578 1607 3417 3169 30438
1989 3517 1786 3689 2438 1382 1464  898  813  845  831 3574 3371 24608
1990 2573 6151 4180 1327  770 1290  564  711  778  640 2964 2264 24212
1991 1522 5029 1862  818 1792 1673  932  840  664 1053 2099 3105 21389
1992 2802 2149 3354 1674 1277   80  664  813  645 1156 2094 2706 19414
1993 2706 3494 3293 2117 1321  824 1737 1342 1304  869 1716 2474 23197
1994 3356 1731 2401 2618 1592 1719 1557 1233  600 1778 2227 2727 23539
   2791-1500-15750    0                                 19741994   2791        0
1974  -10  -10  -10  -10  -10  655  354  359  434 1048 2156 3425   -10
1975 2302 1495 1443  539 1616  750  707  826  548 1080  709 2495 14510
1976 1445 2246  826 1006  736  760  478  853  263  492  852 3379 13336
1977 2445 1594 2387 2315 1760 1076  700  794 1171 1323 2355 1380 19300
1978 2190 6088  -10  -10  -10  -10  -10  -10  -10  -10  -10  -10   -10
1979 4218 1325 2028 1605 1688 1269 1176 1076  875 1510  651 3429 20850
1980 3101 3155 1536 3480 2356  714  477  573 1079 1210 1839 1902 21422
1981 3740 4243 5291 1122  935 1307  987 1181  420 1159 3081 4229 27695
1982  948 3959  116 1125 1210  858  629  390  837  635 1584 1698 13989
1983 3215 3238 1785 1396  328  672  709 1033 1012 1485 2588 2913 20374
1984 2604 1929 3302 1645 1510 1232 1489 1378 1099 1667 2747 4693 25295
1985 4382 2494 1603 2950 1957  980 1249 1567  700 1058 2511 3951 25402
1986 3957 3696 2639 2554 1693  554  730 1229 1156 1697 1117 3772 24794
1987 2722 4286 1309 3411 1920  986 1147 1608  212 2277 1438 3861 25177
1988 4007 5170 2164 3385 2303 1679 1493 1345  507 1255 2452 2655 28415
1989 2889 1120 3378 2088 1151 1183  818  731  744  717 3252 3548 21619
1990 2223 6510 4028  812  728 1192  605  811  759  536 2578 1867 22649
1991 1326 3796 1505  763 1685 1385  904  936  705  801 1494 3343 18643
1992 3150 1968 3162  939 1046  214  684  734  666 1316 2121 2542 18542
1993 2810 3417 2275 1529  967  834 1501 1088 1205  745 1313 2192 19876
1994 2879 1689 2636 2256 1325 1221 1306 1403  445 1555 1909 2675 21299
   2792-1500-15380    0                                 19741994   2792        0
1974  -10  -10  -10  -10  -10  529  345  350  410  974 2395 3767   -10
1975 2234 1116 1250  507 1251  695  535  662  392 1118  745 2251 12756
1976 1399 1961  865  977  667  600  419  713  230  444  474 2973 11722
1977 2359 1520 1869 2877 1319 1194  876  755  926 1212 2800 1775 19482
1978 1645 6302  -10  -10  -10  -10  -10  -10  -10  -10  -10  -10   -10
1979 4772 1085 1527 1301 1355  996 1141  807  729 1338  754 3415 19220
1980 3209 2649 1397 3272 1863  649  397  506  979  975 1858 1347 19101
1981 4021 3487 5993  666  484  985  858  932  409  697 2364 3337 24233
1982  988 3428  217 1110  740  843  669  407  967  676 2337 2854 15236
1983 3226 3559 2103 1628  448  588  812  888  833  972 2837 2853 20747
1984 2561 1444 3078 1032 1430 1038 1459 1224 1097 1385 2634 4195 22577
1985 4133 2125 1590 2776 1837  955 1238 1309  617  738 2497 3572 23387
1986 3284 4266 2261 1539 1393  421  666 1218  794 1356 1128 3459 21785
1987 2691 3367 1082 4120 1441  644  976 1115  355 2166 1494 4165 23616
1988 3671 4010 2831 2278 2056 1347 1349 1070  467 1115 1470 2350 24014
1989 2190 1321 2788 1688  950  743  761  571  659  850 2743 3765 19029
1990 1999 5956 3760  411  778  970  630  871  654  357 2188 1533 20107
1991 1638 2811 1247  725 1477  924  805  980  682  856 1001 3545 16691
1992 3213 1914 3007  604  797  365  602  687  683 1541 2152 2460 18025
1993 3095 3371 1353  918  556 1110  898  777  955  634 1076 1984 16727
1994 2204 1365 2649 1634 1100 1003  980 1419  613 1283 2038 2654 18942
   2793-1500-15000    0                                 19741994   2793        0
1974  -10  -10  -10  -10  -10  458  333  331  548 1070 3078 3970   -10
1975 2366 1004 1268  684  965  611  424  601  262 1222  975 2010 12392
1976 1401 1714  991 1041  636  454  368  543  196  442  426 2511 10723
1977 2313 1439 1540 3337  799 1390 1368  758  770 1108 3690 2475 20987
1978 1148 6478  -10  -10  -10  -10  -10  -10  -10  -10  -10  -10   -10
1979 4974  879 1032  970 1011  856 1191  610  612 1284 1003 3028 17450
1980 3360 2068 1583 2930 1311  625  334  488  999  979 2115  813 17605
1981 4179 2300 6164  522  253  712  706  548  472  398 1729 2152 20135
1982 1080 2745  369 1147  399  892  718  437 1435  829 3211 3925 17187
1983 2962 3647 2152 1808  576  453  934  753  628  356 2920 2943 20132
1984 2407  917 2637  415 1256  957 1383  964 1232 1037 2443 3770 19418
1985 3635 1587 1442 2476 1637 1066 1239  790  482  679 2647 2724 20404
1986 2523 5068 1671  509 1064  331  568 1196  443 1264 1284 2944 18865
1987 2650 2169  989 4445 1083  740  691  559  519 1941 1607 4228 21621
1988 3231 2567 3376 1135 1813 1036 1479  741  556 1013  724 2193 19864
1989 1641 1470 1980 1264  758  663  690  425  598 1178 2176 3896 16739
1990 1827 4803 3564  589  978  674  623  921  529  287 1970 1208 17973
1991 2234 1766 1219  603 1359  462  716  993  697  878  777 3294 14998
1992 3423 1884 2747  373 1095  523  463  592  666 1926 2264 2386 18342
1993 3436 3381  713  548  468 1521  285  588  676  678 1082 1831 15207
1994 1442 1053 2540  986 1020 1021  929 1337 1073 1204 2402 2679 17686