1900  -10  -10  -10  -10  -10  -10  -10  -10  -10  -10  -10  -10   -10
1901  -10  -10  -10  -10  -10  -10  -10  -10  -10  -10  -10  -10   -10
1902  -10  -10  -10  -10  -10  -10  -10  -10  -10  -10  -10  -10   -10
1903  -10  -10  -10  -10  -10  -10  -10  -10  -10  -10  -10  -10   -10
1904  -10  -10  -10  -10  -10  -10  -10  -10  -10  -10  -10  -10   -10
1905  -10  -10  -10  -10  -10  -10  -10  -10  -10  -10  -10  -10   -10
1906  -10  -10  -10  -10  -10  -10  -10  -10  -10  -10  -10  -10   -10
1907  -10  -10  -10  -10  -10  -10  -10  -10  -10  -10  -10  -10   -10
1908  -10  -10  -10  -10  -10  -10  -10  -10  -10  -10  -10  -10   -10
1909  -10  -10  -10  -10  -10  -10  -10  -10  -10  -10  -10  -10   -10
1910  -10  -10  -10  -10  -10  -10  -10  -10  -10  -10  -10  -10   -10
1911  -10  -10  -10  -10  -10  -10  -10  -10  -10  -10  -10  -10   -10
1912  -10  -10  -10  -10  -10  -10  -10  -10  -10  -10  -10  -10   -10
1913  -10  -10  -10  -10  -10  -10  -10  -10  -10  -10  -10  -10   -10
1914  -10  -10  -10  -10  -10  -10  -10  -10  -10  -10  -10  -10   -10
1915  -10  -10  -10  -10  -10  -10  -10  -10  -10  -10  -10  -10   -10
1916  -10  -10  -10  -10  -10  -10  -10  -10  -10  -10  -10  -10   -10
1917  -10  -10  -10  -10  -10  -10  -10  -10  -10  -10  -10  -10   -10
1918  -10  -10  -10  -10  -10  -10  -10  -10  -10  -10  -10  -10   -10
1919  -10  -10  -10  -10  -10  -10  -10  -10  -10  -10  -10  -10   -10
1920  -10  -10  -10  -10  -10  -10  -10  -10  -10  -10  -10  -10   -10
1921  -10  -10  -10  -10  -10  -10  -10  -10  -10  -10  -10  -10   -10
1922  -10  -10  -10  -10  -10  -10  -10  -10  -10  -10  -10  -10   -10
1923  -10  -10   20  102    3   81   56  127   94   89   28   79   -10
1924  208 1026  902 1427  584  170   10   74   99   58   56    3  4617
1925    3   10   81   56   46  147  114   56   38   91  -10   18   -10
1926   10  129  808   13  363   71  223  117  145   56   51   28  2014
1927   99   69  170  442   48   23  145  137  112   74   91   33  1443
1928   38   66   53  254   56   69   18   33   66   66  254   56  1029
1929   43  282   69    0   71  101  165   41   15   46    0    0   833
1930   71   97    0  127    5   15  183  140   51   48   28   13   778
1931   78   96   24   93   56  279  251   85   30   69   45   12  1118
1932   47  164  114   46   48    0   91   25   63   11   24  -10   -10
1933   33   27   91  325   39  105  124   36   40   49   33   38   940
1934   10    9  278 2626   91   24   62   51   13   17   12   28  3221
1935   75   53   50  531   68   73  105   55   89   22   41   21  1183
1936   31  105   70   66   99  230   62   80    5   53   30   20   851
1937    8    9  325   32  138  177   70   27   95   40   23    5   949
1938   12   18   36    8   53   25   15   60  137   96    0    0   460
1939    0   48  446  660    0  612   75  169  -10    0   11    0   -10
1940    2    0   21  227    8    0   23   53   31   27    0    0   392
1941   15    0   56   71    8    0   25  104   94   53   79   51   556
1942   99  119   28   10   46  236  254   20   51   69   15   58  1005
1943   71   33  150   56  137  180   23   94  142   76    5    0   967
1944   18   74   25   33  107   79   43   51  135   38    5    0   608
1945    5    0   84   38   69  107   61   56   36  163   25   30   674
1946   61   69  239  155   41   33  249  157   84   43   20   79  1230
1947   74   58    5  498   25  140   97   84  102   84   66   61  1294
1948  114  117   41  297   91  127  203   33   71   51   71   56  1272
1949   69    3  353   43   86  135  112  155   56  145   89   51  1297
1950    0   43  774  152  173   46  163  229  130   66   76   15  1867
1951   20  100   60   80   70   70   20   70   80  140   30   50   790
1952   30   10  150   80  100  130  200  240  140  190   30  120  1420
1953   30   30  340  110  180  580  250  150   50   60   70   40  1890
1954   10   10   20  440   70  190   90   30   90   60   30   40  1080
1955   20   10  410  140  364  130  270  260  110   80  100   60  1954
1956   20   20   80  110  130  250  140  120  110   60    0   10  1050
1957    0   30   10  290   90   60   90  140   30  100   40   50   930
1958   70    0   40   60  130   60   80   10   40   50   40   30   610
1959   30   80   50   30  140  260  210   60   70   50   40   10  1030
1960   30   40   50  620  100  160   20   80   80   80   60  100  1420
1961    4  143  138  659  293  254  116  150  176  331   23   99  2386
1962    7   21  225   71   32   49  181   96  128   73   40   45   968
1963   90   70 1914  347   72  136   85  250  116  139    7   83  3309
1964  181   23  407  972    1  301   22  285  119   19   60   33  2423
1965   20  431   92   57    3  113  258   52   67   11   39   27  1170
1966   10   18   41  203  118  121   83   89   24    1   69   62   839
1967    1   27  680  156   88  165    1  152  123  127    1    0  1521
1968   74   35   79  122  165  146  176   65   85   44    1    1   993
1969   30   35  357   83   40    1   50   50    1   44   40   33   764
1970    1   20   64    1   25   20   35    1   58    1   50    1   277
1971    2    3  159  587  162  338  344   74   36   23   18   26  1772
1972    1    0    4  276  110  243   43   42   72   52   19   11   873
1973   19   20   42   29   73   22  163  222  100    1   35   35   761
1974  121   33  937  332  242   89   11  178   64   89   37    9  2142
1975   87  203   24   74  174  134  610  134  162   34  225   28  1889
1976   22    8  745   84   33  120   50   30   50   30   40   20  1232
1977  -10  -10  -10  -10  -10  -10  -10  -10  -10  -10  -10  -10   -10
1978  -10  -10  -10  -10  -10  -10  -10  -10  -10  -10  -10  -10   -10
1979  -10  -10  -10  -10  -10  -10  -10  -10  -10  -10  -10  -10   -10
1980  -10  -10  -10  -10  -10  -10  -10  -10  -10  -10  -10  -10   -10
1981  -10  -10  -10  -10  -10  -10  -10  -10  -10  -10  -10  -10   -10
1982  -10  -10  -10  -10  -10  -10  -10  -10  -10  -10  -10  -10   -10
1983  -10  -10  -10  -10  -10  -10  -10  -10  -10  -10  -10  -10   -10
1984  -10  -10  -10  -10  -10  -10  -10  -10  -10  -10  -10  -10   -10
1985  -10  -10  -10  -10  -10  -10  -10  -10  -10  -10  -10  -10   -10
1986  -10  -10  -10  -10  -10  -10  -10  -10  -10  -10  -10  -10   -10
1987  -10  -10  -10  -10  -10  -10  -10  -10  -10  -10  -10  -10   -10
1988  -10  -10  -10  -10  -10  -10  -10  -10  -10  -10  -10  -10   -10
1989  -10  -10  -10  -10  -10  -10  -10  -10  -10  -10  -10  -10   -10
1990  -10  -10  -10  -10  -10  -10  -10  -10  -10  -10  -10  -10   -10
1991  -10  -10  -10  -10  -10  -10  -10  -10  -10  -10  -10  -10   -10
1992  -10  -10  -10  -10  -10  -10  -10  -10  -10  -10  -10  -10   -10
1993  -10  -10  -10  -10  -10  -10  -10  -10  -10  -10  -10  -10   -10
1994  -10  -10  -10  -10  -10  -10  -10  -10  -10  -10  -10  -10   -10
1995  -10  -10  -10  -10  -10  -10  -10  -10  -10  -10  -10  -10   -10
1996  -10  -10  -10  -10  -10  -10  -10  -10  -10  -10  -10  -10   -10
1997  -10  -10  -10  -10  -10 1120  -10  -10  -10  -10  -10  -10   -10
1998  -10  -10  -10  -10  -10  -10  -10  -10  -10  -10  -10  -10   -10