1900 2262 1307 2021  691  285  241  230    0   13   17  394 1635  9096
1901 1669 3389 6968  337   47   84    1    0    4   15  206 1050 13770
1902 4043 1401 1097   53    0  218    0    0    0   84  345 1263  8504
1903 1950 2664 2732 1770  365    0    1    0    1   51  783 2872 13189
1904 6773 2380 3352 2792  468  260    0    0   14  158  527 1955 18679
1905 3087 1791  687 1243   60   98    1    0    0   35  432 1088  8522
1906 1711 1639 1240  181    5    0    2    0   29  167  984 3041  8999
1907 2583 3847 1127  725  173  259    1    0    1   86  644 4327 13773
1908 2562 2896 2744 1013    7    0   15    1    0   29  669 2023 11959
1909 2167 1462 2031 1277  164   17    3    5    7   80 1644 1018  9875
1910 3922 3386 1559 3502  266    7    1    3   12   73  965 3071 16767
1911 2296 2048  709 3575    0    0   12    0    1  234  570 2033 11478
1912 2542 2692 3820  466    2   15   13    0    7  116  554 1260 11487
1913 3459 3099 3717  221   80   33    1    0    1    7  302 1309 12229
1914 4612  981 2823  756  827   25    0    0    0   34  259 1860 12177
1915 3295 1623 1253  181 1686    0    0    2    6  129  402 4098 12675
1916 3597 2132 2057  231  134    0    0    0    5  175 1073 2438 11842
1917 4130 1961 2467 1641  182  111    2    3   15  249  908 2916 14585
1918 3972 2577 1030  592  286    4    1    1    1   13  307 1832 10616
1919 4986 1926 2555 2420  208    2    2    0    3   42  470 1537 14151
1920 3435 2451 1621 1046   73   11   46    0   25   54  779 1984 11525
1921 3208 3011 5204  404   13   80    4    0    3   54  513 2085 14579
1922 2680 1968 4129  506  665    1    6    0    0  155  194 2013 12317
1923 2788 1604 3996 1492  408  201   85    0    0   34  210 3330 14148
1924 1630 2803 2023  236  165    1   38    0   10   32  771 3206 10915
1925 2818 3117 2996 3247    8    1    0    0    0   11  206  468 12872
1926 4399 1874 3332  619  679    0    0    0   10   22  670 2058 13663
1927 3442 1689 2152  495  207   11    1    0   11   80  806 1220 10114
1928 1396 2488 4541  823   36   24   24    0    2   44  389 1126 10893
1929 2153 2760 2688 1221   36    2    0    0    0    7  311 1783 10961
1930 1676 4172 4442  286   14    0    0    0    8   50  720 1603 12971
1931 5035  626 5309 1666  168    5    3    0   24   40  711 1266 14853
1932 2748 1516 3179  442  238  260    0    0    0   18  908 2458 11767
1933 1721 2092 3107  749  180  254   20    0    1  156  837 2890 12007
1934 3312 2729 4337  870  127    2    6    0    3   97  552  759 12794
1935 5702 1395 4771  157  164  260    0    0    2   38  442  826 13757
1936 2534 2194 1800  570  550   57   74    0    6   57  662 1343  9847
1937 3766 1482 3873  550    7   35    0    0    5   29  309 1435 11491
1938 3356 3560  882  366  358   40   73    0    1   21 1105 1048 10810
1939 4482 3285 3564 1367  265  179   68    0    2   50  534 1085 14881
1940 5814 2994 3606  931   79    7    8    0    1    2  330 1551 15323
1941 4148 2806 3210  949  174  211    0    0    0    9  761 1219 13487
1942 2981 2004 1171  725  245    2    2    0   12  147  830 2545 10664
1943 2074 3666 2457 1652    6    3    2    0    1   90  872 1335 12158
1944 2441 2008 3760 1371  133   66    0    0    1   23  707 2477 12987
1945 3135 2312 3526  820  477   31   46    0    5   49  443 3711 14555
1946 3632 2780 1120  302   16   52   10    1    2   15  184 1311  9425
1947 1536 3462 3239  462   30    0    0   30    0    0  365 1507 10631
1948 1711 2459 1841 4731  177    1    2    0    5   10  656 1502 13095
1949 2700 2410 3113  856    0    0    0    0    3    0  254 6231 15567
1950 4799 2750 1963  604  163   15    0    0   30  306  863 2754 14247
1951 2346 3159    0    0    0   18   10    0    0   25  130    0  5688
1952 4086  964 1483   96  154    0    0    0   10    0  448  850  8091
1953 4373 1991 1806 6928   25    0    0    3    0    0  333  715 16174
1954 4220 1273 1138 5258  180   63    8    0    5  171  196 4611 17123
1955 2357 3420 1901 2052  757  108  229    0    0  134 2034  453 13445
1956 2841 4410 2334 1417 1172    0  221    0    0    5  506 2314 15220
1957 4406 4116 4353 2045  134   31  147    0    0    5  356 4524 20117
1958 1967 3759  734 1270  954  139    0    0    0   64  252  678  9817
1959 5329  518 2032 2409  110   38    0    0    0    0  187 2384 13007
1960 3093 2764 3639 1153  693    0    0    0    0   10  802 1570 13724
1961 1836 2869  800  648    0    0    0    0    0    0  299  384  6836
1962 4256 3595  708  940    3  210   49    0    0    0  899 1091 11751
1963 2878 3140 1987 2051   48   56    0    6    0    0    0 1319 11485
1964 4283 1754 7210  698  819    0    0    0   28  267 2274  892 18225
1965 1760 3142 5957  378  308  140    0    0    0    0    0 2458 14143
1966 3192 3221 1458  241   62    0   20    5    0    0  216 1013  9428
1967 5340 4148 1722  737   86   25    0    0    0   46  477 1306 13887
1968 4739 3592 1479  685 3562   10   33    5    0    0   15 1454 15574
1969 3646 4614 5076  465   99    0  168    0    3  150   53 1573 15847
1970 2398 2133  968 1079  178   10    0    0   15   82 1000 3100 10963
1971 2194 1958 4470 2763   13   11    0    0    0  152  694 1679 13934
1972 1810 4065 2992  495   41    0    0    0    3    0   53  576 10035
1973 3976 1129 5796  528  302  499  224    0    0    0 4249 3494 20197
1974 4323 3482 6336 1134  546    0    0    0    0  795 1374 5720 23710
1975 3327 4242 4685 1395  112    0    0    4    0  425 1651 2739 18580
1976 3886 2816 2420  730  378    0    0    0    0  194    0 1167 11591
1977 1805 1714 4929 2641 4547    0    0    0    0    0  208 1060 16904
1978 2101 1990 1719  888  306  464   81    2   56   34  840 1224  9705
1979 3068 2470 1786  676  560    0    0    0    0    0    0 1036  9596
1980 4330 3022 1955 1182   40   40   30    0    0    0    8 1374 11981
1981 4334 2816 2598  364  226    0   88    0    0    8 1018 1890 13342
1982 3403 2226 1700  524   88    0    0    4   70    0   30  202  8247
1983  571 1428 3464 2446  440   46   16    0    4  116  554  516  9601
1984 2418 4393 4412  626  406    1    0    0   40  104  180 3866 16446
1985 2782 3082 1576 2872  102    0    6    0    6    0 1130 2460 14016
1986 4120 2134 3773 2398   38   26  357    0    0  166  964  424 14400
1987 4426 2784 1062 1408  727    0    0    0    0    0   46 1854 12307
1988 1698 2600 5618  640   98    0    1    2    8   25  876 3004 14570
1989 3664 1458 5027 2676  450   23   10    0    0   77  507 1684 15576
1990 2808 1173 2208  950 2004   44    0    0    0    3  364 1868 11422
1991 5464 5048  773 1236   11    5    7    0    2    4  669  726 13945
1992 2168 3033 1068 1969  552    2    0    0   21  133  360 1598 10904
1993 3831 3257 1101  182  759   87   10    1    7   87  462 3535 13319
1994 1811 4151 1940  194  194   13    3    0    0   30  426 2299 11061
1995 6982 2654 3690 1159  634   48   19    1    3   47  881 2072 18190
1996 1751 1653 4264 1920  180   15   24    0    2   93  374 3924 14200
1997  -10  -10  -10  -10  -10  -10  -10  -10  -10  -10  -10  -10   -10
1998  -10  -10  -10  -10  -10  -10  -10  -10  -10  -10  -10  -10   -10