1900  457  474  254  281  308  740  439  479  507  702  325  738  5704
1901  246  357  510  658  301 1198  413  679  289  208  611  547  6017
1902  579  216  451  375  717  910 1015 1185  384  516  122  315  6785
1903  340  484  239  614  818 1046 1392 1100  203  649  531  254  7670
1904  183  556  111  431  577  704  457 1265  258  476  608  665  6291
1905  410  189  344  549  589  479  935  694  732  689  655  305  6570
1906  401  264  560  398  518 1133  855 1073  487  379  675  588  7331
1907  371  264  249  420  379  706  976  892  311  139  257  657  5621
1908  535  523  373  349  604  609  514 1316  554  273  308  242  6200
1909  224  238  344  417  326  637 1122  405  345  271  779  466  5574
1910  534  251  224  379  353  785  939 1382  393  257  835  401  6733
1911  406  467  218  328  274  609  634  445  409  498  386  266  4940
1912  319  384  723  398  663  712  641  832  855  579  441  579  7126
1913  187  270  298  635  355  753 1213  572  384  288  528  664  6147
1914  402  214  569  326  523  379  618  347  888  439  287  378  5370
1915  684  371  558  360  388  292  744  526  691  275  608  769  6266
1916  614  402  371  472  421 1104  999  920  541  723  469  551  7587
1917  393  298  379  668  233  477  942  811  575  595  668  443  6482
1918  477  301  113  175  183  712 1145  779  656  366  289  510  5706
1919  191  187  414  451  379  853  877  823  496  417  444  467  5999
1920  464  261  254  429  524  814  649  751  569  173  292  179  5359
1921  753  158  266  456  522  778  602  534  501  368  386  587  5911
1922  431  355  596  409  740  813 1275  828  606  437  421  485  7396
1923  354  237  175  353  562  646  616 1215  584  894  977  422  7035
1924  244  477  355  562  635  780 1122 1128  364  226  341  227  6461
1925  411  359  432  393  385  976  688 1700  624  589  406  685  7648
1926  293  432  392  417  484  948  673  662  751  587  544  542  6725
1927  185  164  530  462  778 1004  703  945  778  698  779  209  7235
1928  280  309   82  362 1194 1043  633 1074  682  428  533  444  7064
1929  144  180  287  382  443  774  688  752  545  558  730  499  5982
1930  148  181  466  423  729  431 1078 1268  424  886 1084  437  7555
1931  522  302  290  369  465  587  800 1018  815  568  342  567  6645
1932  150  279  182  318  697  709  819 1125  690 1052  274  323  6618
1933  169  372  201  542  873 1128  801 1156  684  545  433  232  7136
1934  198  364  408  292  550  352 1431  618  349  569  730  107  5968
1935  369  530  273  515  659  927 1159  445  791  770  110  501  7049
1936  580  383  406  569  308  545  710  926  620  769  336  319  6471
1937  192  494  619  567  289  653  833  847  287  252  545  740  6318
1938  315  128  475  462  300  515 1081  403  298  739  379  367  5462
1939  550  456  306  448  568  553  913  183  398  577  467  349  5768
1940  328  434  505  194  631  330 1264  897  997  240  529  292  6641
1941  293  432  345  475  459  497  717  897  399  601  202  481  5798
1942  251  207  108  331  598  575 1002  356  479  386  257  420  4970
1943  331  372  257  411  615  747 1584  681  572  153  548  280  6551
1944  450  311  375  332 1013  945  556  464  521  311  630  216  6124
1945  330  246  315  728  538  762 1694 1183  914  597  315  320  7942
1946  184  461  341  219  198 1054  955  908  850  416  156  137  5879
1947  196  282  410  392  279  690 1114 1088  286  351  625  776  6489
1948  530  129  315  360  887 1144  682  720  685  600  441  192  6685
1949  380  223  288  469  695 1256  943  808  142  297  366  508  6375
1950  239  489  178  684  333  793  749 1104  944  804  999  372  7688
1951  441  365  641  418  526  518  566  338  198  115  472  405  5003
1952  340  404  221  280  882  844  434  799 1425  900  817  396  7742
1953  416  376  131  319  563  730  817  575  833  145  280  123  5308
1954  266  158  228  566  449  692 1169 1270  719  659  297  656  7129
1955  310  445  415  600  825  547  631  280  689  304  371  750  6167
1956  457  317  224  779  353 1042  634 1008  392  795  362  286  6649
1957  284  503  306  340  440  718  721 1210 1292  356  342  368  6880
1958  515  548  621  407  597  868  886  826  325  585  288  663  7129
1959  594  187  221  517  357  687  456  665  470  526  463  373  5516
1960  414  367  298  353  566  921 1282  736  488  617  766  519  7327
1961  285  286  508  253  683  642  504  766  470  109  324  392  5222
1962  306  330  444  493 1254  630 1107 1256  928  223  581  243  7795
1963  171  467  392  176  542  694  330  809  399  736 1001  153  5870
1964  137  358  245  405  427  320  422  596  541  629  672  486  5238
1965  501  287  449  177  475  929  620  901  547  235  501  500  6122
1966  383  424  528  569  906  619  780  801  498  445  448  531  6932
1967  380  333  429  381  708  509  345 1084  481  586  891  568  6695
1968  311  279  341  422  892  880  540  728  514  719  276  325  6227
1969  133  242   77  588  634  689  430  828  491  460  999  329  5900
1970  475  296  320  655  294  531  762  756  570  650  579  490  6378
1971  144  464  341  311  143 1084  289  244  555  670  512  460  5217
1972  222   55  354  607  522  649 1094  694  593  744  832  174  6540
1973  143  446  134  435  812  593 1457  114  614  436  496  424  6104
1974  167  335  110   66  423 1002 1087  425  679 1166  500  657  6617
1975  378  167  317  993  274  956  533  436  249  295  264  388  5250
1976  479  112  352  357  478  569  430  550  323  492  353  654  5149
1977  129  471  221  876  386  638 1667  956  445  199  497  536  7021
1978  332  318  316  599  611  508  876  678 1483  792  313  355  7181
1979  577  163  594  376  477  338  882 1295  609   56  379  506  6252
1980  463  234  318  397  300  496 1574 1172  450 1108  451  530  7493
1981  334  314  494  182  365 1121  795  885  347  673  792  808  7110
1982  476  133  210  429  703 1014  642  460  457  264  385  782  5955
1983  746  305  880  594  617  566  626  200  452  383  549  439  6357
1984  627  221  177  204  842  806  710  390 1037  379  328  349  6070
1985  346  233  340  610  541 1183  734  482 1143  566  395  499  7072
1986  817  149  214  497  271  510  789  965  895  260  472  457  6296
1987  328  350  355  240  592 1311  812  664  753  198  504  639  6746
1988  242  316  569  254  371 1000  800 1151  524  162  555  589  6533
1989  339  379  389  630  310 1298  814 1031  301  838  344  661  7334
1990  517  350  461  121  379  711 1446  697 1257  554  673  450  7616
1991  301  380  245  287  675  995  428  425  500  323  539  377  5475
1992  420  427  439  639  471  314  359  532  900  737  615  429  6282
1993  550  322  421  445  291  661 1508  762  749  579  110  714  7112
1994  688  212  789  647  678  564  177  726  515  597  599  587  6779
1995  397  496  567  543  525  969  502  518  838  317  450  336  6458
1996  269  355  181  291  754  618  851  175  710  383  524  446  5557
1997  211  385  318  530  558  931  997  278  781  883  468  427  6767
1998  455  367  432  593  568  987 1091 1012  657  625  437  357  7581