1900    2    5   23  248  822  936 1900  920  953  231   17    5  6062
1901    1   10   48  229  730  925 1655 3012 2234  436    8    6  9294
1902    0    5   81  564  697  995 1752 1682  879  228    4    7  6894
1903    1    2   22  245  883  849 1131 2401  877  251   25    6  6693
1904    1    1   38  165  892 1272 1564 1481  976  276    3   10  6679
1905    2    2   47  167  445 1227 1440 2261 1452  297    5   13  7358
1906    1    2   16  310  914 1171 1580 2070 1338  353   35   12  7802
1907    1    2   25  105  534 1249 1414 1758 1216  249    4    5  6562
1908    1    1  107  170  422 1272 1698 2083 1548  236   53    5  7596
1909    3    5   53  523  903 1245 1766 3355 1462  328    4   11  9658
1910    0    1   27  190  784  839 2196 2924 1267  177    2    7  8414
1911    1    1  119  267  826  946 1452 2021 1260  213   15    7  7128
1912    3    2   14  208  356 1008 1447 1842 1240  275    2   15  6412
1913    1    8    9  239  370  855 1614 2280 1210  188    2    5  6781
1914    1    1   28   84  427  830 1326 2050 1414  368    8    6  6543
1915    0    2  117  404  734 1170 1675 1712  904  396    6    6  7126
1916    0    1   63  225  398 1515 1865 2306 1206  191   23    3  7796
1917   18   24   23   89 1386  691 2731 4297 1750  349   61   19 11438
1918    0    2   67  146  523 1455 1680 1705 1451  291    9   12  7341
1919    1    2   56  118  764  792 1277 1109 1297  357    1    0  5774
1920    0    1    3  153  372 1186 1266 2971 1811  125  154    0  8042
1921    0    0  208  221  497  991 1979 1787  861   50  218    0  6812
1922    1    0    2  355  519  870 1708 2510 1889  204    8    0  8066
1923    1    1   16  266  550 1125 1503 2406 1260  160   51    2  7341
1924    3   23   40  264  631 1247 2102 2598 1087  144    0    0  8139
1925    0    0   14   76  529 1150 2032 2434 1348  606    1    0  8190
1926    0    0    1  253  614 1047 1726 1701  845   24   73    0  6284
1927    0    0    0   71  726 1370 1634 2665 1659  750   38    0  8913
1928    1    0    2  280  438 1300 1961 4152  952  332    0    0  9418
1929    0    0   37   57 1004 1444 1852 2146 1412  259    1    0  8212
1930    0    0    1  217 1349 1392 1889 2668 1067  614   72    0  9269
1931    0    0    1  174  893 1066 1441 1567 2086   67   18    0  7313
1932    0  237   69  152 1184 1008 1667 2051 1373  433    0    0  8174
1933    0    0   24  519 1684 1681 1557 2208 1075    3   71    0  8822
1934    0    0  207  126  194  894 1280 2836 1136  170    0    0  6843
1935    0    0   93  238  320 1076 1991 3376 1420  264    0    0  8778
1936    0   26    1  205  857 1107 2121 2586 1390  258    0    0  8551
1937    0    0    0   28  522 1234 1708 2729 1050   11    8    0  7290
1938    1    0  193   49  476 1478 1747 2897 1472  124    8    0  8445
1939    0   14  218  113  536 1278 1928 2105 2034   14    0    0  8240
1940   20    0   47  116  472  742 1887 2753  922  459   28    0  7446
1941    0    0    7  178 1019 1640 1795 2030  919   30   45    0  7663
1942    0    0    0  159  705  914 1729 2634  732  252    0    0  7125
1943    0    0   11  168 1010  824 1729 3494 1837  426    4    0  9503
1944    0    0    4  131  153  674 1392 1899 1532  379    0    0  6164
1945    0    0    0   93  371  690 1434 3122 2033  318    0    0  8061
1946    0    0    0  250  403 1198 1852 2719 1718  371    0    0  8511
1947    0    0    0  164  114 1120 1597 2083 1190  115   11    0  6394
1948    0    0    4  414  761 1308 1873 3044 1532    4    0    0  8940
1949    0    0    6  110  656 1119 1423 2567 1449  472    0    0  7802
1950    2  156    0    5  497  732 1685 3117 1939  256    0    0  8389
1951    0    0   68   92  836  609 1794 3092 1715 1161   34    0  9401
1952    0    0    0   85  642 1194 1877 2481 2709  263    0    0  9251
1953    0    0   27   54 1851 1355 1809 2277 1564  327    6    1  9271
1954    0    1  101  276 1007 1031 1787 3349 1050  379   17    0  8998
1955    1   12   50  280  850 1280 2270 1864 2285  540    0    0  9432
1956    1   95  110  265  673 1136 2434 2683 1449  267    0  100  9213
1957    0    0   60  233 1539 1286 1821 2408 1856  291   33    0  9527
1958    7    0  125  287  341 1690 1299 3632 1723   69   37    1  9211
1959    8    2   45   64  819 1091 1727 4498 1557  128    0    0  9939
1960    1    0  126  200  844 1006 2479 2279 1931  164   25   50  9105
1961    0    0   82  100  416 1769 2516 1988 1442    0    0    0  8313
1962    0    0    0   93  543 1852 1878 3510 1704  410   69    0 10059
1963    0    0    0  423  520  980 1988 2596 1257  724    0    0  8488
1964    0    0   13  324  648 1344 2386 2476 2613   65    0  123  9992
1965    8    0    0  159  764 1342 1766 2282 1860  227    0    0  8408
1966    0    0  158  230  645  957 1034 2458 1564  365   24    0  7435
1967    0    6  160  115  645 1090 1326 2683 1768   71    2    4  7870
1968    0   27   62  447  960 1200 2089 1495 1027  591   40    0  7938
1969    0    0  108  307  435 1131 2028 2824 1668  400    0    0  8901
1970    0    0    0   44  577  523 2331 2076 1418  101    0    0  7070
1971    0    2   79  201  480  625 1918 2093 1326  108    0   12  6844
1972    0    0   28  561  759 1441 1834 1872 1331  540    0    0  8366
1973    0   57   83  330  382  801 2250 1901  698   81    0    0  6583
1974    0    0   26   37  540  712 1672 2531 1689  445    0    0  7652
1975    0    0    4   51  761  990 2283 2103 1724   78    0    0  7994
1976    8    0   61  103  890 1498 1706 2125 1215 1291    0    0  8897
1977    0    0   30   13  831  819 1339 3480 1469  242    0    0  8223
1978    0    0  333  640  762 1032 1486 1807 1382  199    0    0  7641
1979    0    0   27  150  598 1220 1935 2044 1410  210   96    0  7690
1980    0    0    0   73  664 1323 1094 2584  622  306    0    0  6666
1981    0    0    8  113  979  666 2682 1761  859   89    0    0  7157
1982    0   12  145  219  740  808 1814 1933  729  490    0    0  6890
1983    0   12    0   17  524 1504 1805 1712 1099   30    0    0  6703
1984    0    0   98  439  515  989 1160 1223 1185  101   17    0  5727
1985    0    0    0   14  539 1232 1576 1668 1365   55    0    0  6449
1986    0    0   51   87  332  990 1396 1451 1546  199   32    0  6084
1987    0    1   86   83  314 1111 1331 1749 1024  326    0    0  6025
1988    0    0   25  715  295 1068 1458 2417 1390   25   17    0  7410
1989    0    0   75   79  234 1130 2292 2024 1221  373    0  163  7591
1990    0    0    0   98  983  666 1044 1368  866   42    0    0  5067
1991    0    2  146  421 1581 1127 1568 1956  840  828    0    0  8469
1992    0    0   17  277  565  908 2182 2534 1159  174   33    0  7849
1993    0    1  161  121  298 1126 1869 2346 1207  282    1    0  7412
1994    0    2   35  131  612 1275 1548 2465 1679  707    1    0  8455
1995    0    0   66  264  457  855 1587 3246  937  192    1    1  7606
1996    0    1   10  129  549 1014 1377 2043 1413  228    0    0  6764
1997    0    0  504  255  767  805  -10 1418  914  285    3    0   -10
1998    0    1    1  285  676 1225 1183 2325 1991  436    0    0  8123