1900 2177  444  799  403   58    5    0    3    0   79  414 3098  7480
1901  864 1475 1126  304    5    2    0    9   44  201  717 2936  7683
1902 1643 1158  976  180    2    1    0    0  105   95  597 1626  6383
1903  836 1366  579   79   14    1    0    1   58  100  527 2457  6018
1904 3222 1158  803  101   12    1    0    0   63  219  311  660  6550
1905 1475 1543  550   28    7    1    0    0   25  183  323  823  4958
1906 2450 1744  768  101    3    0    0    0  117  135  634 1144  7096
1907 1822 1963  721  510   15   12    0    1  151  219  436 2010  7860
1908 1052 2103  337   36    3    0    0    0    9   42  675 2468  6725
1909 2967 1690 1821  383   24    1    0    1    3  114  387 1648  9039
1910 1190 1649 1569  351    0    2    0    2    6  405  706  476  6356
1911 1847 1276  899   41  116    1    0    7   24   64  450  833  5558
1912 2502 1478  521  200   14   24    0    0   10   40  222 1118  6129
1913  440 1613  568  510   51    1    0    1   41   79 1054  776  5134
1914 1658 2113  815  210   30    1    0    8    1  116  469 1956  7377
1915 2045 2195  571   96    6    2    0    0  106   90  444 1463  7018
1916  772  416  895  113    3    0    0    0    9  195  965 2937  6305
1917 1318 2372  813  256   81    1    0    2    8   33  458 2232  7574
1918 1872 1626 1783   23    9    1    1    2   11  377  655 1589  7949
1919 2193 1740  646   90    1    0    0    3  135  343  765 1161  7077
1920 1148 1911  810  147   83    0    0    8    9   84  622 1296  6118
1921 1312 2229 1466  127  110    2    0    0    1  121  969  935  7272
1922  576 1445  565    9   18    1    0    1    0  427  531  890  4463
1923 1905 1713 1813   67    5    0    0    0   25  409  567  486  6990
1924  774  479 1284    1    1    0    0    0    2  376  951 1810  5678
1925 2261 2206 1990  794  227   10    0    0   88  100  592  931  9199
1926 1231 1148 1170  871  187    2    0    0   33  187  672 1825  7326
1927 1393 1086  523  200    1    0    0    0    5  285  635 1231  5359
1928 1592 1460 1055  146    1    1    0    1   18   18  444 1001  5737
1929 1826 1278  658   69    1    1    0    0   11   82  818 1146  5890
1930 1262  938  583  760    0    0    0    0    1    7  318 1414  5283
1931  737  768  739  312    1    0    0    0    2  166  904  808  4437
1932 1110  850 1895  196   35    0    0    0    2   26  291 1470  5875
1933 1151  281  166    6    0    0    0    2    4   19  799 1073  3501
1934 1938 1919 1511  305    5    2    1    2    1  283  390 1496  7853
1935 1060  706  547   81   20    0    0    0    1   20  418 1350  4203
1936 1514  587 2723   80  513    9    2    0    6  123  514  855  6926
1937  909 2698  599  241    3    0    0    0    3  104  398  999  5954
1938 1399 1550  232  231    9    1    0    1    7  276 1267 1744  6717
1939  982 1615 1307   44   12    1    1   13  155  314  694 1550  6688
1940 1545 1297 1800  725    1   13    0    0   46   97  835 1235  7594
1941 1854 1089   58  307    0    0    0    0    0  271  414  827  4820
1942 1110  883  969  116   14    0    0    0    7  389  410 1361  5259
1943  911 1035  681 1050   12    0    0    1    1   27 1298 1381  6397
1944 2053 2945  770    0    0    0    0    0    0  119  434  604  6925
1945 1223  491 1117    0  114    0    0    0    0  146 1029 1462  5582
1946 2900 1265  101   48    3    0    0    0    0   11  370  419  5117
1947 1066 1230  874    0    0    0    0    0    5  118  324 1731  5348
1948 1907 2500 1694  378    8    0    0    0    0  363  499  271  7620
1949 1353  367 1192    0    0    1    0   10    0   22  365 1575  4885
1950 1818 1593  467  332   10    0    0    0    1    2  581 1779  6583
1951 1507  764  904  713  195    0    0   30    7  518  636 1408  6682
1952 1905 2630    3    1    0    0    0    0    4  240  415 1142  6340
1953 1726 1376 1572  510    9    0    0    0    9  112  654 1591  7559
1954 1689 1627 1313  117   10    0    0    0    0  174  976 2617  8523
1955 2381 2084 1482  248   42   57    0    0    0  215  550 1503  8562
1956 1005 1646 1246  400    0    0    0    0  126    8 1263  762  6456
1957 1004 2186 1030   12    0    0    0    0   21  361  748 1112  6474
1958 2140 4246  405  561    0    0    0    0  133  297  547 1230  9559
1959 1920  984  987   26   48    0    0    0    0   24  334 1399  5722
1960  981 1588  607  356   75    0    0    0    8   27 1092  506  5240
1961 1097  882 1926  541   54    0    0    0    0   35  496  598  5629
1962 2046 1342  156  286    2    0    0   17    0    6  784 1862  6501
1963 1486 1301  657   82    0   36    0    0    4  421 1197 1276  6460
1964  556  335  215    8    0    0    0    0   31  110  479  885  2619
1965  721  596  236  219    0    0    0    0    5   45  542  567  2931
1966 1184 2258 1459  305    0   54    0   26  154   64  305 1110  6919
1967 2038  861  826  562    2    0    0    0    0  586 1602 1085  7562
1968 1802  833  631  443   36    0    0    0   15   73  582  741  5156
1969  910 1419 1256   68    3    0    0    0   19  244  609 1084  5612
1970  867  926  153   53    0    0    0    0    4   52  780 1132  3967
1971 2533 1074  166   35    0    0    0    0    1   85  869 1036  5799
1972 3046  617 2770  287    0    0    0    0    0   85  178  563  7546
1973  805 1852  578   70    0    0    0    0    0  456  568 2582  6911
1974 2670 3326  524  865   35    0    0    0   76  146  749 1547  9938
1975 1194 1064 1545  180   76    0    0    1    0    1  203  900  5164
1976 1816 1005 1209  228   64    0    0    0  313  198 1072  843  6748
1977  784 3547 1831  290   64    0    0    1   96   58  607 2706  9984
1978 2064 3157 1202  221   46    0    0    1    6  261  597  969  8524
1979 1118  969  639   24    1    0    0   32   13  234  958 1049  5037
1980  840 1632  673  145    0    0    0    1   77  137 1565 1027  6097
1981 1387 2620 1130   27    3   11    0    0    1   33  993  441  6646
1982 1023 1176  682  430    6    0    0    1   27  350  739  709  5143
1983 1353  515  595  179   33    1    0    0    0  299  515 1838  5328
1984  431 1136 1321  211    4    1    0    4   42  421  502  650  4723
1985 1855 1878  357   19    2    0    0    0    7  248  140 1445  5951
1986 1482  951  986  370    1    1    0    0  134  556  786  739  6006
1987  369 1115  422   55    2    0    0    0   25  101  471 1176  3736
1988  712 1814  745  324    1    0    0    0  112  243  362 1306  5619
1989 2501 2071  732  250    1    0    0    0    1  260  253  623  6692
1990 2138  604  732  493    1    0    0    0    3  100  247  818  5136
1991 1179 1525  945    5    1    0    0    0   27  217  519 1852  6270
1992  682  310 1138   64    4    0    0    0   12  163  455 1117  3945
1993 1617 1601  434  228    2    0    0    4   35  151  894  874  5840
1994 2157 1287  365  136    1    0    0    0    3   90  387  600  5026
1995  597 1391  425   43   56    0    0    8   62  185  485  831  4083
1996 1471 1163  322   31   15    0    0    2   12   38  741  867  4662
1997 2424 1330 1134   81   33    1    0    0  143  254  477 1002  6879
1998 1678 1122 1755   26   10    0    0    1   32  130 1435 2173  8362