1900  914 1690 3782  923 2840  320  327 1019  212 2920 157110693 27211
1901 5092 5507 2225 1514  871  827 1702 2010 1316 5117 1527 5070 32778
1902  806 9669 1202 1055  203  923  651 1258 1106 1991 1227 1277 21368
1903 1254 2070 2071 3094 3159  368  955 1459  842  620 2869 4077 22838
1904 2598 1636 1717 1134 1108  413  942  474  617  672  904 1951 14166
1905 1540 1907 2024  247  856 1201  254  153  133  932 1259  849 11355
1906  858 1154 1309  479 1144  418  186 1307  602  629  904 1951 10941
1907 1111 1907 2024  247  856 1201  254  -10  133  932 1234  -10   -10
1908 1118  495 4744  834  838 2526  137   30  841 2999 1273 5488 21323
1909 3161 2836 3343 1579 1230 1827  891  304  299  337 1829 2868 20504
1910  -10  -10  -10  -10  -10  -10  -10  -10  -10  -10  -10  -10   -10
1911  -10  -10  -10  -10  -10  -10  -10  -10  -10  -10  -10  -10   -10
1912  -10  -10  -10  -10  -10  -10  -10  -10  -10  -10  -10  -10   -10
1913  -10  -10  -10  -10  -10  -10  -10  -10  -10  -10  -10  -10   -10
1914  -10  -10  -10  -10  -10  -10  -10  -10  -10  -10  -10  -10   -10
1915  -10  -10  -10  -10  -10  -10  -10  -10  -10  -10  -10  -10   -10
1916  749  -10  -10  -10  -10  -10  -10  -10  -10  -10  -10  -10   -10
1917  -10  -10  -10  -10  -10  -10  -10  -10  -10  -10  -10  -10   -10
1918  -10  -10  -10  -10  -10  -10  515  422  498 1399 1235 1577   -10
1919 9340 2798 1551 1443 2373  477  381  538  611  730 2046 4711 26999
1920 3238 1976 1068 1851 2077 1076  899  803  318 2612 2283 1361 19562
1921 1262 2780 2643 2406 2354 2215 1104  189  301  537 1175 3395 20361
1922 2812 3002 1202  784 1226 1145 1758  824  442 2805 5380 2255 23635
1923 3830 3510 1936 2154 1235 1410  371   40 2089 1473 2643 2520 23211
1924 4622 3944 3028 4036  671  506  449  157  265 1409 1279 8661 29027
1925 4927 5920 1256  593  430 1214  928  517  345 1097 4206 5566 26999
1926 6929 3048 6850 1408 2484 2009 2247  824  327 3172 1023 3120 33441
1927  862 5209  996  472  587  457 5314   72  628  298 2795  870 18560
1928 5449 1081 2509 2093 2132 1528 1172  951  177 2787  995 5379 26253
1929 2411  924 2222 1539 1938  114  479  369  389  289  540 5635 16849
1930 2159 3639 2034 3212 1050 1106  899  856  248  840  389 1754 18186
1931 4074 3390  781 1573  337  752 1328  517  522 1510 2065 3768 20617
1932 3987 3149 2276 3333  208  447  186  242 1266  206 3798 3080 22178
1933 2516 2124 2813 2414  874  359  830 1046 1443  794 1184 2088 18485
1934 2420 2660 1175 1304 1281  693  713  485  796  785 1554 2402 16268
1935 2968 6345 1264 2076 1420  487  293  146  389  399  948 5055 21790
1936 1175 2521 1300 1270  652 1135 1094  718  496 1051 2406  673 14491
1937 1053  914 1390  351 1115  546  391  337 1027  739 1696 3002 12561
1938 1732 2466 2401 2995 1531  752  146  538  203  252 1298 1076 15390
1939  644 3039  933 1166  800 1361  176  983  292  867  891 2432 13584
1940 2333 2928  468  567  994  172 1201  348  823  252 1137 2176 13399
1941 1845 2660  996  515  310  339  137   83 1319  711 1450 3375 13740
1942 2751 1164 1264  862 4102  546 1289  506  372  840 1165 1695 16556
1943 1872 2420 1408 1669  458 1518  674  782 1584  454 1336 3002 17177
194410185 1903 1112 1218  541  379 1836  337  761  748 1213 3090 23323
1945 3186 1432 1282 2640 1605 1056  527  189  203  261 1544 1842 15767
1946 6476 2180  915  550 1318  438  957  528 2000 1069 1677 2402 20510
1947 2176 4600  566  524 1827  300  518  782  805 2603 3448 1469 19618
1948 3055 2992 1202 1261  754  752  264  231 3045 1529 2094 2108 19287
1949 3230 1016 1927  437 1263  339 1377  210  265 1409 4982 2009 18464
1950 5623 2217 1256  576 2012  428  254  580  292  711 1506 1390 16845
1951 1177  774 1506  810  874  526  919  292 1472 2039  444  838 11671
1952 5407 3768 1603 1803  529  600  890  934  296 1174  523 7062 24589
1953 2740 1262  598 1484 3291  794   61 1483 1022  349  773 6211 20068
1954 2850 3323 1222 1040  902  975  880  359  317  632 4553 1055 18108
1955 6519  638  942 1141 1776  189  149  382  580  678 1199 2468 16661
1956 2521 1724 2129  229 1172  513  539  372 2667  383 2113 1249 15611
1957 2415 2247 1673  430  740  676 1160  741  573  256 1938 1562 14411
1958 3365 2182  208 1697 2897 1465  185  664  214  416  538 1042 14873
1959 3919  722 1367  292  263 1322 2538  231  669  708  868 2062 14961
1960 1419 4933 2101  328 2599  118  839  202 1317 1004 1247 1648 17755
1961 5278  797 6970  819  394  905  655  634  666 1936 2127 2454 23635
1962 1907 4726 1932 2244  909 1289 1310 1043  332  662 2376 3654 22384
1963 1170 2662  881 3748  732  394   85  639  102 1571 1897 3625 17506
1964 2032 1560 1415  431 1119 1653 1379  306  756 1018 3252 2768 17689
1965 8891 2727 1274 1295  523 1527  654  472 1364  303 3520 2365 24915
1966 3331  632 2057 1427  488   81  766  581  523 1350  915 4445 16596
1967  655 2156  730 1153 2835  412  701  430  163  761 3216 2728 15940
1968 3444 1975 4481 2854 1455   74  384  766  320  809  670  931 18163
1969 1489 2868 1925  890 1687 1148  484  471 1085  794 2027  851 15719
1970 6706 3540 2127  471  711  342  563  801  945 1709 2542  527 20984
1971 5370 1347  714  378 1825  636  422 1050  739  515 1332 5977 20305
1972  926 1727 2451  673  180  603  654  244  170  709  117 1215  9669
1973  950 4566  881  268  632 1477  332  888  595 1374  707 2063 14733
1974  911 1512 1614  110  942  400  312  303  190 1791 3406 6707 18198
1975 3403 1750 1198  730 1004  710  203  210  155  998 1271 2767 14399
1976 1832 1407  571 2368  402  190  219  158  212  269  407 3548 11583
1977 2408  718  968 1586  468  613  339  329  310 1672 2312  363 12086
1978 1485 7709  542 2370  428 1689 1010  202  574  448  488 1496 18441
1979 7610  257 1164  629  883  528  978  355   96  977 1668 1735 16880
1980 3960 2166 2125 2957 2559  231  112  396  440 1097 1102 1187 18332
1981 6097  997 8643  545  301  794  725   90  409  790 1809 1984 23184
1982 1680 3631  182 2158  942 1019 1024  489 1921  505 1666 5163 20380
1983 1540 1819 1258 1146  225  248 1086  525  121  521 3639 4515 16643
1984 3090  440 1881  565 1453  329 1250  385 1511 1437 3030 5385 20756
1985 4420  875 1394 3815 2098 1122  784  268  498  499 1714 4231 21718
1986 3196 4620 1502  156 2101  363  520 1332  234  680  606 3130 18440
1987 1758 2384  760 7129 1938  767  445  545  443  285 1280 3762 21496
1988 1889 2353 4826  626  418  516 1653  721  139 1033  605 2969 17748
1989 1994 1772 1205  399  848  748  843  261  608 1839 2209 5343 18069
1990 1374 4494 2182  466  647  431  430 1550  627 1013 2406  742 16362
1991 2034 1032 1618 1238 1053  198  324 1434  754 1052  309 5041 16087
1992 2900  850 2582  455  524  844  166  482 1045 2370 2497 2159 16874
1993 4589 3362  457  346 1190 2537  566  573  424  998  686 2170 17898
1994 1863 1101 3025  536 1562 1239 1223 1608 1229  933 2247 3745 20311
1995 4816 4027  512 1519  -10  132  -10  -10  -10  -10 1179 5430   -10
1996 1042  -10  -10  -10  -10  262  441  900  912 2750  895  -10   -10
1997 2768 1277 3644 1440 1984  319   97  332  -10  -10  -10 2016   -10
1998 1140  -10 1739  -10  994  919  -10  125  646  -10  919 7816   -10