1900  252  661 1324 1436 2173 1874  489  325 1166 3012 1669  527 14908
1901  314  608 1087 1628 1341 2078 2051  401  945 1162  778  464 12857
1902  212  372 1349 1247 1771  917 1550 1879 1451 2973 1310 1043 16074
1903  432 1024 1332 1589 1017  707 1006 1887 1429 2334 1246 1023 15026
1904  387  305 1275 1276 1341 3175  668  646  917 1884 1365  385 13624
1905  340  945 1319 1226 2756  648  512  975 2065 2463 2005  993 16247
1906  584  775 1139 1317  781  809  582  450 1599 1775 1380  685 11876
1907  317 1343  617 1864  778  745  488  244  559 1162  859  215  9191
1908  325  475 1227 4258 1824  398  702 2460 2892 2416 1674  528 19179
1909  632 1312 1289 2507 2086  571  692 1155 4563 4141 1767  796 21511
1910  407  444  949 1781 2613 1779  668 1428 3602 2605 1404  232 17912
1911 1081  504 1242 1344 1771  754  568 1012 1382 1790 1351  437 13236
1912  936  723 1604 1883 1522  714  789 1398 1119 2477 1454  216 14835
1913  161  821  854 1547 1124  505  527  211  500 1118  343  209  7920
1914  496  478  789  996  607  387  468 1268 1406 2457 1388  469 11209
1915  -10  -10  -10  -10  -10  -10  -10  -10  -10  -10  -10  -10   -10
1916  -10  -10  -10  -10  -10  -10  -10  -10  -10  -10  -10  -10   -10
1917  -10  -10  -10  -10  -10  -10  -10  -10  -10  -10  -10  -10   -10
1918  -10  -10  -10  -10  -10  -10  -10  -10  -10  -10  -10  -10   -10
1919  -10  -10  -10  -10  -10  -10  -10  -10  -10  -10  -10  -10   -10
1920  -10  -10  -10  -10  -10  -10  -10  -10  -10  -10  -10  -10   -10
1921  -10  -10  -10  -10  -10  -10  -10  -10  -10  -10  -10  -10   -10
1922  475 1234 1240 1276 1916 1262  898 1114 2305 2464 1780 1044 17008
1923  780  676  817 1375 1500 1131  842 1284 3277 2883 1407  478 16450
1924 2036 1321 2266 2046 1673  717  898  809 1488 2915 3148 1490 20807
1925   12  565 1230 1296 2922 1512  976 1801 1774 2235 1887  962 17172
1926  320 1054 1312 1470 1917 1287  897 1190 1956 2701 1861  710 16675
1927  552 1615 1463 1198 2350 1351 1336 2064 2718 2829 1141 1338 19955
1928 1940  287 1602 1664 2990 1610 1063 1460 2424 2583 1422  607 19652
1929  531  713 1606 1295  880  580  588  631 2954 1960 1312  530 13580
1930  256  469 1297 1164 2081  690  525  498 1056 3842  710 2139 14727
1931  410 1313  664 1693 1205 2055  769  440 1851 1948 1849  613 14810
1932  610  699 1236 1236 1760 1053  323  787 2166 2226 1628  523 14247
1933 1330  963 1960 1611 1944  714 1078  771 2235 2737 1827  863 18033
1934  424  494 1332 1631 2400 3437 1660  854 2682 2433 1440  579 19366
1935  687  808 1724 1731 1663 1085 1591  930 2640 3016  940 1958 18773
1936  297  788 1600 1398 1613  921  601 2348 3322 2255 1207 1106 17456
1937  211  694 1223 1489 1965 3043  941 1023 1767 2291 1005  578 16230
1938  769  629  912 1608 2043  875  637 1585 1892 2624 1541  935 16050
1939  348 1057 1366 1486 2233 3277  465 1797 1303 1982 1407  541 17262
1940  655  710 1104 1728 1388  773  508 1091 1997 2047 1273  482 13756
1941  113  588 1392 1416 2441  837  598  608 1814 2377 1381  480 14045
1942  605 1120 1076 1410 1686  934  590  866 1733 2293 1107  967 14387
1943  871  479 1416 1316 1534  763  489 1144 1597 2031 1739  621 14000
1944  239  953 1805 1741 1876 1300  939 1635 2602 2701 1171  641 17603
1945 1147  417 1261 1376 1926 1153  935  934 2742 3112 1171  549 16723
1946  922  646 1025 1276 1652  730 1161 1007 2471 2814 1540  642 15886
1947  374  769  993 1597 2500 2674  380 1189 2465 2729 1516  733 17919
1948  574  875  911 1871 1431 1342  863 1641 2110 2737 1392  439 16186
1949  506  744 1510 1591 1926 1136 1603 1576 2829 2851 1862  372 18506
1950 1045  685 1429 1628 2141 1228  522 1937 2062 2726 1320  357 17080
1951  519  859 2555  810 1420 1543  697 1150 1671 1780 1488   72 14564
1952  717  919 1480 1415 1747 1585  821  776 1801 2708 2121  987 17077
1953  722  467 1161  599 2094  843  984  741 1582 2516 1638  129 13476
1954  235 1700 1261 1863 1806  970  236  822 2590 2194 1743  546 15966
1955  558  725 1889  921 1574 1763  904 1407 2761 3785 1089  475 17851
1956  520  595 2213 1675 1921 1060  189  519 1713 2665 1977  950 15997
1957  613 1312 1805 1659  951 1604 1077 1912 2846 2380 1098  987 18244
1958  612  135 1969 1923 1098 1021   46  879 2583 1910 1191  770 14137
1959  715  546 1403 1679 1456 1270 1040 2089 1856 2251 2073  583 16961
1960  337  666 1163 1958 1115 1805  986 1386 1828 2510  841  871 15466
1961  928  546  717 1421 2004  688 2281 1334 1981 2403 1567   51 15921
1962   19  420 2030 1982 2112 1244  366 1185 2980 3154 1960 1023 18475
1963 1098  895 1441 2562 2787 1178 1372 1388 2182 2219 1590  505 19217
1964  534  739 1255 2262 1820 1524  206 1005 3316 3157 1261  865 17944
1965  657  771 2168 1064 1452 1249  987 1849 2439 2522 1602   50 16810
1966  648 1098 1377 2606 2629 2330  722 1354 1878 2735 2198  482 20057
1967  291  550  675 1093 1693 1557 1557  697 3064 2902  983  665 15727
1968  477  712 1888 1035 2277 1053 1338  545 2010 1968 1514  507 15324
1969  250 1106 1754 1266 1691 1158  895 2044 2367 1993 2035  768 17327
1970  213  988 1265 1906 2069  907  969 1941 2334 3236 1102  664 17594
1971  466  512 1811 1337 1604 1316 1633 1210 2361 2986 1665  509 17410
1972  394  642 1370 1221 1696  612 1311  706 1774 3085 1406  518 14735
1973  527  894  977 1470 2115 1126 1061 1080 1890 2467  820  611 15038
1974  389  614 1304 1589 2313 1316  620 1423 1688 2273 2526  637 16692
1975  339 1250 1008 1863 1656 1330 1252  181 1962 2498 1486  208 15033
1976  589  873 1278 1087 2628 1496  509  826 1608 3297 1721  774 16686
1977  433  738 1394 1476 1002 1554  648 1834 2987 2009 2034  487 16596
1978  173  301 1490 2072 1814 1197   65 1548 2703 2866 1248  341 15818
1979  656 1012  884 1676 2458 1661 1072 1408 1469 1705 1592  590 16183
1980  430  670 1736 1285 3145 1169 1023 2195 1711 2785 1249  356 17754
1981  406  366 1919 1256 2831  727  900  824 2146 2878 1276 1024 16553
1982  605  708 1038 1169 2043 1115 1581  913 3004 2426  964  578 16144
1983    0  230  537 1278 2014 1157  745  796 1934 2866 1438  818 13813
1984  100  699 1111 1490 1147 1494 1282 2076 1351 2266 1605  355 14976
1985  775  488 1821 1699 1883 1485 2341 1919 2718 1465 1066  524 18184
1986  118  837 1474 1477 1216  811  988 1296 3136 2490 1440  216 15499
1987    4 1447 1231 1242 1254  849  983 2655 2236 2545 1097  462 16005
1988  303  532 1635 1835 1621 1529  987 1088 2039 2240 1276  786 15871
1989    0  121 1543 1894 2007 1166  900 1958 2339 2662 1485  277 16352
1990  512  287  793 1328 1794 1190  739 1997 3230 2610 1021  993 16494
1991  481  480  801 2314 2457 1360  679  866  927 1557  919  175 13016
1992  477  394 2340 1240  954 1529 1213  678 2776 2933 1637  374 16545
1993  196  447 1252 1850 1515 1408  -10 2180 1743 2929 1626  773   -10
1994  685  315 1614 1577  -10 1604 1051 1852 2491 3357 1559  410   -10
1995  210  755 1376 1587 1718 1558  502 1684 2189 2541 1369  614 16103
1996  796  892 2392 1135 2347  532 1324  528 1833  -10  841  521   -10
1997  512  590 1252  -10 1541  -10  -10  -10  -10  -10  -10  -10   -10
1998  -10  666 1377  -10  -10 1323 1124 1579 5266 3343 1681  576   -10