1900  107   82  132  802 1636 1350 2217 1101 1935  880  633   16 10891
1901   84  261  298 1819 1372 1142 2133 3668 3963 1852  322   60 16974
1902   38  405  297  963 2147 1718 1399 1847 1123 1018  330   29 11314
1903  137  181  150 1419  738 1521 2252 3002 1613 1177  402   43 12635
1904   36   48  237  517  993 1949 2032 1402 1598  926  356  154 10248
1905   20   64  185  564  870 1721 2833 3318 2317 2188  592   52 14724
1906   57  105  158 1418 1823 2362 2552 1812 2672 1422  492  287 15160
1907   12   17  644  540 1560 1745 2406 2382 2954 1204  699   25 14188
1908  101   33  276  463 1530 1887 3077 3167 3528 1158  539   41 15800
1909   33  164 1079 2213 1542 2302 3285 4460 3063 1501  451   74 20167
1910   24   76  648 1140 1187 1725 3467 3851 3377 2073  228   52 17848
1911   20  125  694  741 1869 1808 4081 4647 2684 1313  866   27 18875
1912   30   85   73  514 1263 2899 4407 2740 2606 1002  340   11 15970
1913   49   63   77  331 1091 1510 2663 4729 2335  847  399   82 14176
1914  160   51  263  610 1088 1590 1710 2258 3346 2438 1400   19 14933
1915    0   92  337 1451 1231 2639 2775 3104 2249  915  665   40 15498
1916   34   36  878  535  736 2892 5237 3434 2571 1176  266   29 17824
1917  203  168  363  493 1144 1670 3098 4106 4077 1286  531  243 17382
1918  129   50  470 1257 1790 1624 2950 2845 2059 1412  436   98 15120
1919   34   65  811  922 1635 1705 1591 1838 2113  967  345   23 12049
1920   35   72  171  555 1284 1996 2599 2330 2183  759  466   33 12483
1921   33  145  338  760 1242 1636 2148 3684 2133 1526  278    2 13925
1922    7    0  127 1118 1630 1451 3108 5375 3121 1742  590    0 18269
1923    0   30  450  613  474 1669 2298 2692 2257 1649  451   67 12650
1924   30  548  316  543 1089 2482 3818 4977 4400 1684  551    0 20438
1925    0   38  303  700 1443 1192 3665 3187 4257 2515  433    0 17733
1926    0    2  305  260  726 2111 3222 4852 3900 1485  761  150 17774
1927    0  196  303  746 1205 2354 2682 3886 2997 1514  187    0 16070
1928    0   23  135 1281 1681  960 1928 4484 4197 1685  361    0 16735
1929    0  280  430 1243  993 3801 3407 4100 3184 2544  486    0 20468
1930    0  395   60  351 1103 1697 2061 2859 1937 1644    0  181 12288
1931    0   55  375  787 1386 1876 3510 3938 3104 1531  424   68 17054
1932    0  228  431  908 2185 1659 3155 4425 4000 1352  729    0 19072
1933    0  490  185 1317 1190 3318 3428 3195 2108  616  781   42 16670
1934    0    0  812  376  643 1033 2502 5063 2666 2035  162    0 15292
1935   42    5  316  751  914 1327 2629 2893 2926 1536  210  143 13692
1936    0  303   90  870 2163 1958 1930 3619 3645 1371  505   45 16499
1937    0  534  175  826  912 1025 3787 4348 2715 1037  476    0 15835
1938    0   17  517  902 1390 1556 2511 4059 3017 2105  428   30 16532
1939    0    0  406  508 1714 1116 4511 3347 3021 1372  462  168 16625
1940   60    0    0  742 1298 1695 1648 3224 1905 1724  656    0 12952
1941   24    0  453  797 1593 1890 1763 3763 2703 1081  932    0 14999
1942    0    0  174  394 1471 1419 3424 3345 1416 1147  364  666 13820
1943    0  196  655  697 1105 1350 2885 4702 2141 1830  220  211 15992
1944    0    0  316  598  869 1904 1944 4165 2736 1165  135  341 14173
1945    0   11  179  655 1997 1207 3937 4256 5037 2452  130    2 19863
1946   63    0  795  727 1436 1368 4762 3852 2720 2050  438   44 18255
1947    0  503 1057 1257  521 2617 2426 4462 3601 1394  170   92 18100
1948    0   92  385  887  982 3615 2367 4163 2723 1301  249   39 16803
1949   14    2  304 1014 1714 1255 3308 5154 2649 1560 1089    0 18063
1950    0   54  325  493  724 1014 2757 3841 1982  951  378    0 12519
1951  273  306  296  856 1180 1178 3325 3932 1502 3155 1237   53 17293
1952    0   83  253  458 1278 2997 2834 2949 3101 1628  257  301 16139
1953    0   30  591  672  825 3159 3522 4995 3068 1952  323    5 19142
1954    0  377  267 1410 1897 1967 3791 5530 2741 2311 1161    8 21460
1955   45  503  811 1154 1251 1693 2770 2682 3532 1559  342   94 16436
1956    5  326  310  546  705 2001 1636 3398 3296 1319  527   65 14134
1957    0   97  829 1137 1128 2209 2614 3283 4543 2190  874  173 19077
1958  577    0  421  764  729 2311 2230 2741 2602 1242 1452    0 15069
1959   23    8  232  710 1978 1127 3662 2210 5055  531  834   64 16434
1960    0    0  505  879 1092 2388 3230 2683 3037 1441  213    0 15468
1961    0    0   49 1715  789 1455 2995 3796 3148 1113  233    0 15293
1962    0  376  170 1051 1614 1814 1985 4098 3594 1667 1269    0 17638
1963   75  227  481 1451 1530 2022 2354 3062 2692 3460   88    0 17442
1964    0    0  477  303 1319 1496 3830 4308 3001 1225  609  770 17338
1965   93   15  991  233 1524 2380 2442 2821 4181 1624  271    0 16575
1966    0    0  749  408  642 1361 2554 4015 2946 2166  433  331 15605
1967    0   39  252  758 1208 1752 1877 4708 3057 1295  489    0 15435
1968    0  164  396 1425 1071 1961 2974 3012 2411 2115  267  184 15980
1969    0    0  692  284  750 2735 4568 3109 2267 2039  553    0 16997
1970    0   84  327  904 1816 1378 2806 3759 3063  794  369    0 15300
1971    0  307  254 1039 1159 1256 3226 4133 3027 1381  146  639 16567
1972    0  238  269 1529 2186 2075 2796 2833 2125 1739  269    0 16059
1973    0  316  153  529 1142 1163 2908 4008 1989 1386   90   13 13697
1974    0    0  727  643  682  961 3223 3335 2860 1324   60    0 13815
1975    0    0  184  397 1142 1104 2957 3319 4057 1021  107   16 14304
1976  181    0  645  967 1174 1326 2807 3133 3015 2925  820    0 16993
1977   57  358   90  344  828 1827 2756 3415 3048 1156   65    0 13944
1978    3   38  553  964 2096 1645 2855 3419 2059 1428  235  253 15548
1979   72    0  183  472 1591 2691 3600 3421 2589 1453  671    0 16743
1980  272   60   46  678 1658 1837 1947 2861 2995  863  492   11 13720
1981    0    0  160  860 1488 1973 3214 2594 2037 1366  301   75 14068
1982    0  185 1851 1014 1213 1856 2134 5055 2665 2026    0    0 17999
1983    0  196    0  667  771 1684 2128 2398 1983  658  268   23 10776
1984    0    8  237  605 1305 1358 2819 3023 2003  527  118    0 12003
1985    0    0   23  439  644 1563 2416 2981 2231 1164   91    0 11552
1986    0  143  218  243 1687 1354 1453 2579 1849  225  307   15 10073
1987   98    0  130  170 1366 1219 1509 3204 1983  999   41  103 10822
1988    0    0  647 1003  274 1594 1940 3281 2451  639    4    0 11833
1989    0   83  491  399  710 2315 2194 4140 2518  795  134   60 13839
1990    0    0    0 1064 1614 1066 3213 2431 1895 1013  261    0 12557
1991  143   65  470  663 1372 1540 2893 3957 1577 1361   87   23 14151
1992  246   12  228  787 1495 1596 2649 2611 2486  981  554    0 13645
1993    0  377  612  732 1063 1655 2207 2455 2696 1105  263    0 13165
1994   22   85  244  803 1631 1830 1859 3080 2992 3424  314    0 16284
1995    2    1  740 1039 1134 2646 2721 4345 2711 1215  198   15 16767
1996   19  127  253  958 1358 1710 3016 2497 2349 1256  113   42 13698
1997  183    0   92 1473 1767 2339  -10 3353 2198 1351  413  130   -10
1998    1  314  136  689  848 1672 2371 2091 2891 1105  105   19 12242