1900 1547  859 1051  913 1199 1079 1548  971  506  675  995  781 12124
1901  429  483 1217 1273  778 1443 1432 1154 1097  774  462  854 11396
1902  864  678 1028  538 1652 1236 1034 1179  672 1080  247 1211 11419
1903  667  448  573 1426  741 1124 1929 1220  679 1224 1106  661 11798
1904  356 1057  849  938 1206 1113  557 1142 1202  796  870  679 10765
1905  813  730 1018 1007 1327 1001 1176 1756  903 1239 1184  378 12532
1906  719  780 1077 1026 1075 1250 1544  958  961  412  930 1094 11826
1907 1020  477 1018 1211  749 1057 1370  855  683  990  371  951 10752
1908  315  809  583 1289 1110 1002 1357 1324  836  179  438  438  9680
1909  482  769  870  745  830 1500 1491 1207  877  754  665 1094 11284
1910 1346  935  551 1083 1142 1656 1611 1352  916  539 1423  955 13509
1911  354  620  692  703 1098 1242  472  699  822  831  749 1230  9512
1912  929  643 1187  829 1501 1332 1399 1570 1059  968  746  463 12626
1913  754  312  724  888 1175 1432 1641 1067  999  524 1300  976 11792
1914  924  494 1473  745 1750 1322 1842  924  970  689  586  777 12496
1915 1397  818 1117  839  792 1152 1606 1219  873  673  756  995 12237
1916 1022 1198 1071  961  981 1309 1464 1071 1214  792 1212 1208 13503
1917 1233  243  815 1360  681  688 1290 1419  544 1553  761  568 11155
1918  490  440  522 1101  773 1392 1262 1162 1027  935  467 1530 11101
1919  871  567 1015 1312  703 1087 1355  682  526  789 1320 1266 11493
1920 1103  308  747 1086 1041 1075 1543 1039 1073  228  197  669 10109
1921 1011  314  264 1103 1055 1097  739 1122  399  501  568  498  8671
1922 1155  647  981 1518  732 1038 1372 1100 1431 1002  959  995 12930
1923  890  875  547 1062  820 1272  663  840  739 1120 1090 1449 11367
1924  547  531  464 1266 1387 1499 1704 1487  900  545  407  443 11180
1925  390  890  822 1333 1048  761 1261 1526  922  515  821  899 11188
1926  698  670 1066  807 1302 1797 1805  814  594 1060  820  709 12142
1927 1036  572  983 1159  827 1331 1136 1450 1369  367  921  508 11659
1928  593  758  636  973 1235 1148  468 1520  843  916 1161  841 11092
1929  640  378  196  844  823  967 1173 1353  348 1023  691 1085  9521
1930  495  328  732 1361 1518  546 1754 1304 1017 1313  731  545 11644
1931  920  867  719 1035  888 1162 1556 1537 1000  839  660  598 11781
1932  641  245  768  918 1380 1083 1721  835  631 1169  772  400 10563
1933  666  683  499  868 1959 1748 1131  845  900 1219  896  565 11979
1934  715  322  741  641  634 1607 1213 1739  716  844  724  722 10618
1935  797 1628  731 1328 1225  852  851  942  779 1677  734  865 12409
1936 1093  864  550 1210 1204 1468 1578  870 1162  814  471  946 12230
1937  809 1276 1124 1099  807 1220 1215 1423 1316  941  636  873 12739
1938  997  439  555  647 1202 1002 1413 1578  666  583  584  685 10351
1939  914  400 1054  574 1804 1136 1233  929 1375 1566 1050  781 12816
1940  600  628  965  771 1930 1133 1603 1080 1385  803 1000  557 12455
1941  918  735  737 1114 1117 1105 1730 1535  478 1005  516  554 11544
1942  631  456  596  707 1062  863 1448  908  756  630  667  428  9152
1943  574  442  397 1005  856 1277 1177  674 1124  148  593  508  8775
1944  665  861 1027  626  939 1394 1541  923 1137 1072 1550  730 12465
1945  603  784  936  850  963  836  925 1318  921  567  476  942 10121
1946  554 1131  403  321  923 1703 1735 1145  588  693  639  546 10381
1947  543  686 1023  456  774  981 1168  517  489  346 1538 1201  9722
1948 1417 1243  536  743  881 1763 1479 1521  586  577  419  348 11513
1949  795  262  639  692 1426  750  867 1173  596  539  880  944  9563
1950  903  750  322 1361  551  723 1158 1309 1071  517 1400  760 10825
1951 1640 1073 1084  607 1029 1296 1372  888  712   95 1348  529 11673
1952  946  980 1313  389  930 1000  773 1195 1364 1480 1475  849 12694
1953  362  513  324 1028 1039 1633 1870 1006  568  731  157  535  9766
1954 1205  308  582 1141 1427 1388 2327 1310 1232  904  540 1507 13871
1955  728 1299  362 1251 1222 1246 1791  872 1028  647  489  935 11870
1956  851  326  942 1209 1099 1821 1255 1359  651 1277  609  368 11767
1957  707 1089  538 1372  849 1451 1901 1312  763  280  507  371 11140
1958  877 1211  690 1157  631 1437 1171  991  821 1569  593 1058 12206
1959  770  136  640  896 1248 1781 1094 1121  203  648  653 1011 10201
1960  811  831  980  975  860 1254 1347 1384 1349 1224  766  679 12460
1961  394  922  621  874 1865 1145 1189 1133  323  464  490  964 10384
1962 1042  944  778 1146 2098 1003 1129  700  729  316  643 1161 11689
1963  491  270  815  769 1127 1167 1194 1673  838  368 1126  224 10062
1964  240  582  874 1014 1288 1051  798 1232  612 1700 1031  606 11028
1965  913  792  950 1590 1641 1753 1281 1010 1342   36  843 1233 13384
1966  539  736 1334  880 1576 1402 1984 2216  523  867 1054 1379 14490
1967  777  501 1558 1306 1145 1389 1013 1146  994  469  693  602 11593
1968 1524  578  660  616  983 1308 1339 1574 1108  638  568  518 11414
1969  797  604  485  809  761 1558  989 1378  335  136  788  515  9155
1970  548 1705  884 1381 1176  958 1186 1902  602 1186 1023  560 13111
1971  284 1409  720  450  897 1376  867 1366  633  162  931  502  9597
1972  210  354  276 1515  895 1198 1554  822  426  771 1257  237  9515
1973  632  717  596 1085  758 1260 1306  827  790  925 1138  958 10992
1974  729  662  583  705 1057 1392 1341 1067 1176 1334 1020 1459 12525
1975  919  266 1047 1088  913 1480 1466 1370  552  556  942  350 10949
1976 1274  240  304  715 1246  656 1657 1089 1421  844 1173  810 11429
1977 1002 1204  798 1546  934 1177 1363 1326  711  386 1012  811 12270
1978  780  843 1190  875 1584 1097 1253 1200 1163 1026  243  526 11780
1979  914  639 1380 1240  807 1936  912 1528 1110  483 1580 1019 13548
1980  933  763  717 1840  717 1368 1340  888  697 1508  644  948 12363
1981 1409  519 1066  405 1270  809 2323  820 1380 1711 1126 1570 14408
1982 1342  160 1000  545  906 1321 1282 1265  534  820  648 1077 10900
1983 1306  468  626 1022 1437 1263  508 1401  959  530  705  764 10989
1984  902 1025  633  592 1337 1044  899  968 1751  503  433  614 10701
1985  769  708  773 1081 1093 1326  960 1972  525  262  886  580 10935
1986 1429  229  645 1028 1293  865 1060 1411  447  585  407  995 10394
1987  747  836 1154  805 1616 1384 1648 1197  932  545 1172  776 12812
1988  795 1088 2072  650  921 1103 1166 1254  778  603  725 1706 12861
1989  350  717  573 1190  709 1282 1928 1099 1030  646  572  525 10621
1990  253 1156  599 1128  702 1473 1165  855 1039  941 1071  741 11123
1991  457  299  628  676 1757 1335 1367  707  708  470  976  651 10031
1992  159  626 1457 1083  233 1058 1141 1020  778 1208 1660  663 11086
1993  669  550  874  979  702 1284 1854 1139 1073  837  439 1111 11511
1994  994  449  925 1479 1104 1076  933 1166  873  596  845  837 11277
1995 1218  735 1276 1405 1169 1755 1181 1964  928  182  990  851 13654
1996  252  458  596  642 1361  968 1357 1509 1269 1266 1332  523 11533
1997  135  716 1395 1289  684 1380 1706  952  358 1031  717 1131 11494
1998  577  199 1149  894  753 1479 1291  936 1510 1502 1071  676 12037