1900 1894  296  334 1091  822  709  843  974 1989  768 1757 1432 12909
1901 2172  337  780 1063 1073  865 1183 1213  875 1466  509  605 12141
1902 1370  635 1184  543  908  412  262  465 1113 1222 2017 1325 11456
1903 1532 1385 1627  967 1491 1018  257  202 1414 1180 1373 1858 14304
1904 1309 1120 2390  718 1481  572  697  551 1834 1838 1308 1501 15319
1905 2256 1224 1390  150 1114  364  800  331 1627 1253 1528 1577 13614
1906 2166 1319  951 1279  449  687 1280  562 2159 1787 1796 1410 15845
1907 2749 1720 1215 1191  761  653  712  201 2301 1070 1033 1632 15238
1908 1341 1810 1896 1346  919 1179  255  695 1210 3001 2044 2039 17735
1909 1831 1972  663 1062  668  284  522 1421 1190 1555 1477  886 13531
1910 1043 1501 1498  692 1124  612  775  101 2216 1764 1070 1317 13713
1911 2229 1283  969  574 2402  740  969  401 1027  915 1156 1128 13793
1912 1060  937  856 1446  799  476  781  528 1673 2235 2058 1103 13952
1913 2303 1051 1229 1621  700  978 1860  974 1310  594 1386 1298 15304
1914 1549  669 1112 1306 1008 1471  582  813 1528 2573  792 2492 15895
1915 1647  894  858 1228  144  412  282  555 1221 3528 1083 1085 12937
1916 2142 1490  170 1110  601   63 1041 1180 1296 1085  997  559 11734
1917 1403 1472 1152  574  796  533  559 1175 1595 1579 1811 1366 14015
1918  463 2072 1610 1256  740 1161  200  962  481 1448 1304  635 12332
1919 2384  934 1470 1030 1083 1083  603  787 1506 1171  981 1912 14944
1920  873 1816 1022  396  852  479  965 1367 2655 2191 2143  972 15731
1921 1920 2443 1495 1541  820 1057 1061  500 1235 1752 2130 2012 17966
1922 1883 1336 1005  684  582  998  721 1020 1199 1079 1357 1714 13578
1923 1337 1244 1687  924  316 1050  807  488 1534  567  851 1631 12436
1924 1438 1162  694  474  980  207  777  660  508 2023 1524 1770 12217
1925 1891 1117 1148 1355  771 1049 1355 1118 1812  573 1429  637 14255
1926 1806 1176  971 1247  921  543 1617 1301 1333  829 1110 2140 14994
1927 1154 1598 1032  946 1116  437  779  817  687 1287 1249 1201 12303
1928 1856 1303  918 1356  302   45  649 1213 1729  761 1440 1460 13032
1929  703 1706 1307  292 1656  422  408  882 1535 1166  644 2024 12745
1930 2040 1604  415 1077  897 1345  859  922  925 1234 1133 1367 13818
1931 1426  840 1619  907  112  668  108  465 1321 1925 1705 1308 12404
1932 1538  918  517  813  210  579  867 1520 1125  635 1137 1533 11392
1933 2032  473 1096  728  528 1141  824  975 2714 1862 1228 1821 15422
1934 1710 1488  834  579  896 1087  402 1530 1041 1068 1355  896 12886
1935 1205  512 1481  375  292  510 1539 1532  399 1373 1414  993 11625
1936   71  752 1034  503 1572  866  438 1249 1490 2289 2065 1112 13441
1937 1158  967  272 1278 1255  300 1357 1786 1558 1982  838 1371 14122
1938 1013 1005 1904  931  617  728  680 1155 1397 1528  939 2540 14437
1939  416 1339 1278 1048  795 1158  129 1861 1448 1536  871 1392 13271
1940 2190  804  846  942 1471 1495  680 1537  936 1290 1236 1347 14774
1941  446 1113  718  960  321  711 1206  689 2109 1311 1730 1636 12950
1942 2293 1064 1742 1498  824  636  373 1483 1252 1174 1344 1278 14961
1943  636 1168 1394  978  881  938 1236  175 1536 1235 1397 3150 14724
1944 2017  999 1396  978  871  701  546 1651 1740 2977 2557 1587 18020
1945 1200 2926 3196 1255  280  798  709 1459 2829 1933 1807  935 19327
1946 2459  417  705 1399  339  728  793 1218  576 1935  921 2622 14112
1947 2229  463   76  660 1213  794 1778 1375 1357 1441  691 1418 13495
1948 1632 1485 1536  850  864 1119  829  626  787 2155 1817 1875 15575
1949 1010 1284 1466  996  561 1286  728 1721 1554  846 1364 1416 14232
1950 2411  997  809  471 1178  558  840  396  435 2512  887 1064 12558
1951 1093  869  449  925  760  501  427  508 1070 1934  794 1490 10820
1952 1457 1248  364 1219 1045  412  739  543  552 1237 1104  815 10735
1953 1495 1937 1718  567  570 1282  551 1132 1897 1767 1612 2287 16815
1954 1187 1192  923 1308  689  310  938  878  371 1160 2213 1393 12562
1955 1249  400  676 1730  628  577 2877 1464 1241  945  940  940 13667
1956  931 1442 1401  509 1308  737  457  381  585 1504 2202 1891 13348
1957 1626  448 1001 1537 2049  506  228  990  526 2229 1155 1218 13513
1958 1218  658  837 1257  144  507  562  559 1602 2156 2636 1858 13994
1959  566 1728 1402  851 1018 1189 1479 1402 2436 3050 1139 1404 17664
1960 1335  362 1618 1197  950 1394  907   41 1578  783 1180 2204 13549
1961 1868 1818 1483  843 1199 1270  740  889 1317 2089 2144  552 16212
1962 1633 1721   89 1278  555 1122  679  822 1183 1541 1050 2221 13894
1963  446  917 1473 1075  992  488  651  454 1299 2069  934 1339 12137
1964 2680  958 1014  879  554  867 1269  241 1311 1765 1512 1656 14706
1965 1757  627  336  784  375  713  776 1054 1133 2811  907  719 11992
1966  902  260 1850 1640 1772 1174  639 1609  483  506 1734 1509 14078
1967 1340 1089 1060 1062  447 1498  549  843  974  629 1655 2208 13354
1968 2671  853 3020 1141  647 1461  472 1986 1193 1040 1649  976 17109
1969  976 1215 1018 1334  594 1741 1071 1958 2147 2210  266 1578 16108
1970 1713 1466 1266  909 1696 1009  644 2184 1339 1375  993 1278 15872
1971  519 1551 2163 1316  971  140 1102  923 2034 1689 1111 1426 14945
1972 1428 1926 1661 1340  969  882 1333 1612 1684 1816  870 1467 16988
1973 2033 2061 1723  511  529 1181  874 1531 1676 1997 2084 1341 17541
1974 2029 1578 2112 1552 1096 1005  451 1026 1390 2445 1595  930 17209
1975 1492 1441 1030  848 1087 1784 1201 2695 1744 1842 2351 1616 19131
1976 1845 1708 2786  980 1853 1465  753 2299 1269 1579 1531  691 18759
1977  587  945  964 1347  808 1724 1003 1562 1105 1731 1025 1886 14687
1978 2403 1283 1716  684 2252  873  539 1576 1177 1316 3294 1739 18852
1979 1012 1579  559  901  602 1460  997  957 2839 2198 4438 1155 18697
1980 1128 1787 1438 1628 1505  257  655  991 1153 1585  686 1665 14478
1981 2299 2000 1147 1607 1305  803  472 2585  447  616 1820 1037 16138
1982 1814 3014 1289  987  843  471 1203  746 1789 1513 2074 1348 17091
1983 1429 1094 1648  851  288 1932 1888 2704  503 1873 1225 1862 17297
1984 1385 2522 1240 1549  994 1073 1655 2549 1711 2342 1378 1949 20347
1985 2556  982 1405 1051  501  600  717  475 1203 1587 1182  618 12877
1986 1844 1396 1716  981  636  829  835  952  577 1768 1526 2023 15083
1987  891 1212 1683 1770  953  123 1319  678 1281  728 1272 1531 13441
1988 1120  619  758 1013 1333 1621  755 1484  435 1723 1857 2055 14773
1989 2280 1250 1142 1639 2471  508 1178 1536 1523  969 1199 1033 16728
1990 1408  866 1638 1454 1793  587 2058 1169 1445 1118  871 1654 16061
1991 1633 1802 1409  976 1823  287 1000 1606 1322 1679 1970 2035 17542
1992 2063 1940 1948  846 1356 1550  592 1597 1444 1054 2251 2238 18879
1993 1410 1462 1702  878 1304  914  498 1314 1493  698 3838 1366 16877
1994 1429 2004 1310  672 1132  971 1353  690 1047 1405 1778 1537 15328
1995 1359  833  921  688  825  804  917 1866  920 1725  485 1933 13276
1996 1358 1701 1133 1373  878  999 1029 1401 2057 1560 1014  755 15258
1997  973 1756 1638  765  456  512 1405 1918 1568 1493 1849 1842 16175
1998 1390 1441  997  422 1075  491  989 2114  847 1193 2142 2095 15196