1900  468  171  194 1265  478 1831 1082 1035 1657 1145  588 1093 11007
1901  733  484  320  196  643 1673 3173  422 2969 2084 2138 1014 15849
1902 1060  105  724 1309 2929 2798  397  296 1083  594 1804 1753 14852
1903  208  242   42  827  135  638  751 1741  587 1183  957 1254  8565
1904  288  668  825  904  385  185  212  752 1124 1725  330  292  7690
1905  740  359  264  133  915  530  421 2209 2666 2620 1294  360 12511
1906  631  412  368  337  451 1470 1045  409 3303  444  630 1741 11241
1907  140  289   88  198  361  697  598  637  471  695  815 1638  6627
1908  426  689  495  413  993  512  792  403 1115 1337 1120  881  9176
1909  583  688  181  507  324 1826  352 4304 1062 1576 2191  155 13749
1910  857  291  817  148 1247  218  329  891 3695  640 1052  968 11153
1911  738 1730  156  519 1164  116  379  304  884 1288  887 1824  9989
1912  362  652  328  489  293 1146  694  341  490 2895 2257  417 10364
1913  720  406  647 1165 1874  225  437  483 1060 1415 1026  527  9985
1914  719  541  290  246 2149  908  285  484  393  510 1717  596  8838
1915  385  191  610 4076 2423 2517  596  931 1444  897 2966 1065 18101
1916  390  625  113  262  757  895  838 1378  957 3918 2157  603 12893
1917  745  587  417  169 1605  958  905  690   89  688 1473 1116  9442
1918  322  596  152  211 1352  967  623  288  807 2516 2026  493 10353
1919  777  214  262 4519  535  925 1475  442 2029  594 1169 1126 14067
1920  728  829  541   52  221  308  716  556 1204 2456 1062  796  9469
1921  918  306  925  321  668  297 1454  332 1181 1140  486  872  8900
1922  783  773  579  216  199  777  444  722 1402  836  420 1032  8183
1923  487  396  533  441  124  651  340  700 1321 2210 1189  442  8834
1924  535  915  124  324  548  545 1122 4707 1375 1383 1154 1244 13976
1925  523  363  579  850  222  592  736  760 2253 1326 1070  330  9604
1926  519  315  368  421  724  490 1500 1093  793 1451 1004  503  9181
1927  709  608  957  974 1912  678 1549  925 1899 2424 1740  405 14780
1928  513  457  672  518  648  385  625  686 3845 1168 1617  539 11673
1929  919  543  939  308 1346  503  606 1141 2117  735 1256  735 11148
1930 1140  461  300  305  184  530  363  462  763  682 2733 1131  9054
1931  493  296  236  460 1478 2047 1293 1234 2429 3148 3070  505 16689
1932  961  362  325  505 2422  821  637 1579 2809 1701  865  883 13870
1933  717  185  611 1617 3483 1623 1019 1229 2302 1245 2201  981 17213
1934 1062  178  807  292  483  532 1321  920 1541 1004  906  974 10020
1935  592  899  247  289  894  793  677 1051 1401 1770  996  727 10336
1936  424  650  212  321 1853  735 2281 1815 1203 2512 1793 1208 15007
1937 2338  253   88  787  527  304  311  683 1623 1404  783  665  9766
1938  384  348  400  430  302 1223  570 1061  838 1352 2812  867 10587
1939  517  292  591  501  205  284  332  854 1067 1963 1343  407  8356
1940  281  635  277  528  849  318  456  492 1419 2000 1818  643  9716
1941  904   51  289  665 1288  897 1150  891 1087  704  485  600  9011
1942  393  225  326  821  837 1129  809  957  909 2031 2723  813 11973
1943 1621  703  643  593 1789 1122  549  940  926 1333  743 1020 11982
1944  787  698  173  316  492 1934  871 1253 1870 1120 1701  735 11950
1945  317  357  198  660 1769  330  761 1433  946 1419  244  795  9229
1946  584  410  137  418  819  326  570 1157  874 1781 1138  274  8488
1947  686  359  177  320  755  958  260  506 3514 1653  686  584 10458
1948  527  509  373  677 1063  569  853  922  878 1171 1116  868  9526
1949  612  305 1790  340  564  743  565  989 2327 1793 1399 1599 13026
1950 1046 2243  563  923  600  493  828 1060 1121 1827 1126  675 12505
1951  531  174   25  587 1622 1045 1095 1164 1617 1081 1768 1202 11911
1952  746  492  421 1538 1080  535 1403 1288 2638 1356 1394  328 13219
1953  414  140  299  199  558 1439  648  900 2470  772  947 1142  9928
1954  560  650  719  413  420  385  787 1529 2423 3127  698 1099 12810
1955  235  248  544  722  620  921  503 2254 1440  814 1045  703 10049
1956  721 1264  415 1037  561 1528  640 1567 1015 2156  995  676 12575
1957  473  375  222  427  435  512  330  686  635  725  594 1246  6660
1958  809  362  179  603 2069  853 1502  832  753 1329 1045  267 10603
1959  699  498  103  857  931   48  940 1034 1063  517  913  455  8058
1960  209  348  431 1047 2016  762 1309 2714 2787  274 1393 3103 16393
1961  667  451  307  315  390  317  820  704  924 2222 2969 1035 11121
1962  917  324  602 1278  607 1660  473  660 1900  804  995  479 10699
1963 2078  433  248  502 1706  638 1207 1153 1152  476  655  180 10428
1964  888  178  318  804  155  220 1288  839  676  352  417  812  6947
1965  308  104  262  535 2443  559  556  761 1258 1241 2272 2159 12458
1966  576  411  708  673  651  329  532  729 1616  947 1066  856  9094
1967  505  813  333  184  419  303  489  456  359  974 1085  760  6680
1968  641  309  580  509 1012  280  905 1597  730 1090 1452  918 10023
1969 1463  353  907  449 3671  680  701  748 1889 1266 1964  817 14908
1970  260  162  249  108  772 1396  820  868 1138 2152 1125 1328 10378
1971  674  519  414  717 1290  432  536 1094  662 1366  830  614  9148
1972  841  437  829  428  449  604  555  844 1230 1516 1182  844  9759
1973  439  386  667  664  424  554  509 1410 1114 1452  518  476  8613
1974  717  368  437  379  386  390  325 1126 1737 2170 2574  764 11373
1975  695  388  582  196  460  394  574  881 2665 1284 1605 1658 11382
1976  408  594  410  650  481  553  360  953 1325 1496  915  660  8805
1977 1088  177  358  307  658  267  708 1170 1279 1784 2851  578 11225
1978  387  492  646  746  892  610  499  919 1199 2062 1159  505 10116
1979  351  237  452  597 2141 1022  994 1752 2616 1241 2075  684 14162
1980  280  422  387  582 1282  472  580  618  892 1286  555  647  8003
1981  975  584  718  549 1561  802  829  845  833 1684 1120 2850 13350
1982  507  985  326  239 1804  565  794  508 1416  796 1904 1037 10881
1983  290   95  552 1210 1281  477  870 1118  814 1011 1200  889  9807
1984  604  891  266  138  936  843  606  757 2286 1800 2473  864 12464
1985  298  552  811  393 1467  115  532  868 1495 3418 1344  440 11733
1986  590  254  548  990 2027  386  436  837  613 1606 1441  786 10514
1987  546  474  899  955 1150 1269  575  395  917 1102 2425 1322 12029
1988  548  627  375  593  809  586  653 1499 1446 1383 1242  678 10439
1989  612  970  689  352  483  486  854 1149 2688  554  485  255  9577
1990  705  521  481  271  301  592  729  752  912 3004  784  990 10042
1991  547  885  288  357  532  357  790  672 1224  725 1322  550  8249
1992 1493  220  424  478 1807  662  541  923 1225  679 1654 1036 11142
1993  883  247  426  781  980  776  668  725 1065  722 1033  498  8804
1994  548  396  421  287  574  444  542  539 1594 1224 1265  787  8621
1995  440  712  283  293 1020  636  730  781 1756 1113  542  832  9138
1996  -10  -10  -10  -10  -10  -10  -10  -10  -10  -10  -10  -10   -10
1997  -10  -10  -10  -10  -10  -10  -10  -10  -10  -10  -10  -10   -10
1998  -10  -10  -10  -10  -10  -10  -10  -10  -10  -10  -10  -10   -10