1900   33   21  165  836 2473 3018 3597 2911 4423 2656  563  169 20865
1901   29  185  113  836 2129 2567 3308 3159 4734 2803  603   51 20517
1902   29  -10  113  824 2481 3941 3398 2680 4469 4145  574   75   -10
1903   29   20  133  840 2051 2942 2389 3198 3597 2173  490   48 17910
1904   29   20 1261 1084 2465 4952 3033 2360 3144 3377  490   48 22263
1905   29   32  101  936 2402 4430 2554 2513 3233 1992  490   48 18760
1906   29   20  101  824 1820 3142 3197 3121 3294 3545  723   48 19864
1907   29  695  101  852 2518 2912 2421 2295 3379 3962  773   57 19994
1908   34   20 4781  824 3740 4674 2718 2686 3934 2636  490   48 26585
1909   29   58  105  988 7587 3259 2933 4731 3341 3510  490   48 27079
1910  103   20  193  864 3621 2278 4497 2561 3154 4428  490   48 22257
1911   29   80  101 1216 2782 3031 1993 2023 3273 2593 2112 1037 20270
1912  245   46  653    0 3732 2346 2671 3569 4297 4012  459  106 22136
1913  199   59  483 4358 6314 4398 2793 1385 3872 1300  643   66 25870
1914   45   30   77 1612 6254 6612 2228 2611 3760 3053  650   71 27003
1915   52   56  -10  -10  -10  -10  -10  -10  -10  -10  -10  -10   -10
1916   29   38  -10  824 3978 4408 4260 4351 4518 2516  490   48   -10
1917   29   23  229 2896 6140 2489 6568 3236 3109 2072  490   48 27329
1918   30   20  101  848 2531 6533 2159 2518 4126 6940  941   54 26801
1919   29   59 3361  844 1773 3565 3293 3457 4050 5681  428  200 26740
1920  401    7    0   93 2110 7859 4453 2876 4072 2555  544  143 25113
1921    0   31  101 3337 2779 4184 2395 2869 3670 9148  658   48 29220
1922   53   90   37   81  224 3359 2662 2267 3083 5098  844   48 17846
1923  393   86  226    0  421 2713 2000 2007 1365 1658  129   85 11083
1924   57   59  101  828 2556 5045 3131 2858 3913 3528  474  228 22778
1925  209   81  293  617 3553 4629 3018 1928 4112 2017 1311  284 22052
1926   74   13   72  634 2399 3580 3335 3254 2685 3669  413  100 20228
1927   51  101   99 1722 2931 4841 2344 2212 5440 3266  865  139 24011
1928  127   88  179  257 1458 4253 2683 2393 4209 2295 1324  456 19722
1929   41    9  100  186 4328 3756 2198 3225 7251 1546 1274  377 24291
1930  120   85   70  435 3540 4408 1599 2610 3887 2478  409  503 20144
1931   28   47   57  521 1958 5013 4684 2036 3855 2886  239 1015 22339
1932  156   54  103  490 1637 4708 2476 4325 2607 3384   60  600 20600
1933   54    7   39 1099 4357 3425 3898 4862 5272 2416   34  193 25656
1934   52   76  428  572 4639 2463 1757 1829 4414 1960  209  105 18504
1935  186   27  131  739 2707 3847 2090 3367 2486 3859  183   62 19684
1936   30   39  282  622 1391 6101 4485 1936 4635 3005  360  291 23177
1937  225   82  185 1563 5927 3964 2729 2372 4043 3611   46  183 24930
1938   62  109  383  722 2167 3175 2235 2113 5569 2099 1143   22 19799
1939   64   22   98  444 1675 3169 1958 2372 5647 2142  183  332 18106
1940   35    4  188  379 1197 3357 1472 1650 3538 1898 1305  594 15617
1941   21    5  354 1483 2545 2889 2409 3025 5438 2795 1818  315 23097
1942   52   58   67  642 1869 2774 2825 4568 5165  652 1303  627 20602
1943  108   88  385  603 2752 2413 3137 3086 3547 3995  512   61 20687
1944   43    3  694  506 1360 5733 2231 4337 6226  928  220   54 22335
1945  221   28  197  308 1552 3143 3415 3712 3788 6346  401  144 23255
1946   90   85  178  905 3043 2538 1454 2121 4163 5675 1057  161 21470
1947  121  100   74 1070 3494 3503 2099 2953 3852 5182 1911  791 25150
1948  101   42  123 1238 1753 3969 3628 2192 3038 2184 1688  195 20151
1949   38   51  194  598 1886 2748 1518 2477 4837 4689  148  143 19327
1950  102   30  496  543 2438 3382 3808 2029 3127 5654  169   63 21841
1951    2   65  809  352 1452 4457 3917 2815 6557 2134  990   14 23564
1952    6   93   89 1715 2699 2981 2861 4022 3619 2351  624   28 21088
1953   29   16    0  289 2487 3787 4041 1517 7129 6814  248  112 26469
1954   15   47   14  308 4660 4605 3161 3882 4753 3887  732   31 26095
1955  124   92  150  404 1913 2761 4228 2351 3990 5570  476  241 22300
1956  122   19  508  347 2112 2977 2100 2416 5626 2082  528  165 19002
1957   26  107   41 3115 2105 3281 2766 2218 3558 1541  253   21 19032
1958   21   42   24  489 1736 5052 2887 3277 2886 2812 1022   32 20280
1959  101  129   99 1080 1642 4159 2574 3289 3547 6118  270    0 23008
1960   29   16   46  427 2677 5786 3862 4119 3099 3599  460  149 24269
1961   70   21   51 1268 1278 3095 3567 2892 3890 3261 2333  151 21877
1962    3  135   54 1038 2240 5917 1920 4139 5346 2927  625   23 24367
1963   19  103  395  389 3219 3631 3810 3007 6817 2118 1598   26 25132
1964    7    4  132 1152 2069 2928 4715 2084 3217 2512  363  150 19333
1965  157   95  207 1190 3423 3386 2181 2381 5171 2823  184   39 21237
1966  135    2    2 1101 3406 2162 2769 4190 5160 3465   51   32 22475
1967    0   37 1006  743 1619 4411 3163 2382 2800 1875  439  131 18606
1968    1    8    0  648 2733 7386 2798 1850 3690 2195  164  230 21703
1969   45    6  649  430 2436 5157 3259 4193 6062 4607  377   56 27277
1970   16   16    0  494  783 3167 6191 4021 4239 3687 1281   32 23927
1971  247  122  385  589 2632 1545 4250 3707 2531 2471 1349   15 19843
1972   99   41  845 1870 2476 3259 2043 3135 2650  282 2251  277 19228
1973   56   18  166  666 1330 3593 3557 4630 4090 3533  777 4111 26527
1974  584   63  426  507 3107 4290 2385 2102 3285 1139  357   37 18282
1975   69  406  138  408  439 1896 3000 2324 5104 3378 1096  280 18538
1976  114    3   80  249 1317 4328 1007 2307 2635 2781  995  152 15968
1977   16   41  118  557 1947 3527 1544 1565 2181 1638  494  236 13864
1978   12    9   16  674 1903 2700 3732 2752 5029 1680   96   29 18632
1979    0    4   24  878 1850 2916 2119 5134 3815 2388   41   86 19255
1980  337   83   24  810 2271 2885 3402 3398 3315 3404  133  191 20253
1981   59   42   55 1490 2339 6049 3473 4593 3466 3000  244   96 24906
1982   96  167  171 1829 3419 2930 1799 1519 4196 1541  642   36 18345
1983   76  314  861   13  789 3378 3104 2697 4751 2198  793  288 19262
1984   45  100    8  114 2540 4164 2959 3748 5678 1040  290   10 20696
1985    4   13  201 1320 2251 4089 2765 3783 2990 1912 1020  180 20528
1986  108   20  165  400 5645 1870 3434 2387 2687 1444  583   88 18831
1987  262   31  284  587  820 3632 2827 1372 2716  571  536  171 13809
1988  160   59  184  348 1967 5416 4093 4687 6399 1264 3162   40 27779
1989   57  279  186  772 2104 1923 2057  -10 6919 3176 1340   36   -10
1990   13  245 1080  936  -10 3774 2727 2527 3222 2334 1329   89   -10
1991  447    5   21 2833  -10 2414  -10  -10 2683  -10  542  225   -10
1992  430  126  352  740 1550  -10  -10 2324 4075  -10  633  -10   -10
1993  -10  -10  -10  -10  -10  -10  -10  -10  -10 3044  916  275   -10
1994  115   79  148  433 1915 2350 1556 2968 2979 1779  -10  557   -10
1995  -10  349    3 1292  895 2561 4337 3128 6579 3744  -10  919   -10
1996   28    2  165  895 2460 2514 2412 2402 2393 2681 1577    5 17534
1997  -10   24  311  920 1733  -10  -10 1637 4030 1258  -10  -10   -10
1998    0   42  -10  -10 1031 3771  -10 3964  -10  -10  -10  -10   -10