1900    2   14    0   10  243 1987 5258 2372 3275  653   38    0 13852
1901    1    3    0   46  202 2279 4653 5087 2823 1177   46    2 16319
1902    2    4    0   15  956  879 2577 3656 1549 1526   31    0 11195
1903    2    1    0   38   68 2344 2544 7448 1765  926   25    1 15162
1904    1    0    0    9   78 1649 3158 4931 1718  831  633   34 13042
1905    0   24    4   10   76 1739 4890 5903 3236 3369  119    6 19376
1906    0    9    0   19  240 2033 5839 6748 3157 1576  214  122 19957
1907    1    0    3    8  137 1016 2876 3772 3185 1199  204    2 12403
1908    2    0    1    9  103 1089 2830 5672 3089 1003   63   38 13899
1909    1    1    3   69  163 2355 3542 6326 3681 1802   86    6 18035
1910    0    2    1    8   55  888 3510 4828 3446 1077   51    2 13868
1911    0    1    0    6  226 1268 2646 4770 3145 1016  101   10 13189
1912    0    3    0    7   39 1005 3049 5303 3691 1050  197    0 14344
1913    9    0    0    7  110 1370 2763 3506 2298  605   69    7 10744
1914    1    0    0    6   65 1583 3646 5414 3278 1179  423    1 15596
1915    0    0    0   19  202 1351 5186 5725 2821  817   87    0 16208
1916    0    7    2   12   74 1739 4450 4612 3293  671   43    4 14907
1917    8    7    1    8   53 4434 2143 5502 4409  618  114   36 17333
1918   10   14    1   22  726 2462 3875 4854 3696 1940   34    7 17641
1919    0    0    2   17  343 1778 3702 4461 2976  835   57    2 14173
1920    2   35    0   10  116 1830 2809 4961 3331  950   27    1 14072
1921    0    1    0    9  117 1634 2142 5081 3252 1213  107    5 13561
1922    1    0    0   20  497 1385 3207 5439 4098 2465  286   24 17422
1923    7    1    1   15   63 1165 4110 5101 2823 1922  187   15 15410
1924   66    4    0    8  141 2356 3985 5731 3987 1000  436    3 17717
1925    2    0    0   11  130 1883 2507 4808 3786 1964   71    0 15162
1926    2    2    0    7   97 2220 4195 4055 2949  976   83    2 14588
1927    0    1    0   12  904 2615 3424 6242 3831 2183  626    8 19846
1928    1    2    1   18  152 1325 3342 5974 3225 1971  119    1 16131
1929    0    0    0    7  170 2565 3644 5230 4170 1151   14   17 16968
1930    8    9    0    8  420 1844 3582 4797 3596 1601  104    1 15970
1931    2   60    0   49  353 1459 3971 2449 3471 1057   61    7 12939
1932   14    5    1   66  579 2179 3866 6280 2896  665  108    2 16661
1933    2    5    0    2  339 3126 4985 4954 3333 1003  512    5 18266
1934    0    0    2    5    7 1295 3038 4795 3450 1170  106    1 13869
1935   20    0    0    2   55 1994 3724 5688 3254 1583   71    0 16391
1936    4    4    0    8  931 2319 3712 6428 3874 1581  212   10 19083
1937    0    6    0    9   29 1311 2901 4657 3082 1766  191    1 13953
1938    0    0    1    2  255  809 3202 5308 3853 2107   93    0 15630
1939    5    2    2    1  131 1080 3181 5205 3477 1603   56    3 14746
1940    2    0    0    2  379 1790 2524 5026 2677 2764  101    2 15267
1941    3    0    0    2  398 1065 1855 3165 4169  486   19    1 11163
1942    1   50    0    5  193 1250 3212 4627 3182 1571  291   31 14413
1943    0    2    0   14  292 1730 3593 6677 4071 1908  179   57 18523
1944    0    1    2    5   80 1359 2761 4022 3560 1655  314    2 13761
1945    0    0    0    7   35  970 3431 6111 3825  855   52    0 15286
1946    1    0    0    2   39  926 3669 4567 3522 1354   34    1 14115
1947    0    1    0    1   11 1409 2347 5369 3912 1108  162    2 14322
1948    0    4    0    6   52 1766 3483 5800 2846 1244   24    0 15225
1949    2    0    0    4  113 1250 4017 4391 2572  967   82   80 13478
1950    0    0    0    1  473 1807 3617 6380 4198 2231   83    0 18790
1951    0    2    0    4  611 1233 3020 4674 3632 3194  823    1 17194
1952   16    3    2    5  479 1277 4237 3693 4928 1829  149    4 16622
1953    3    1    0    4  118 1516 3723 4296 3376 1684  431   11 15163
1954    0   61    0    1  114 1688 4965 6069 2858  990  795    2 17543
1955    8    5    0    3  262 2282 4347 4581 3449 1810  135    8 16890
1956   11    0    1    2  230 1955 3548 4867 4063 1233  172  161 16243
1957    7    2    1    2    0 1055 3682 5979 4107 2786  127   14 17762
1958    6    4    2  139  361 2904 4673 8820 3278 1585  839    4 22615
1959    3    7    4    3  220 1109 2770 6111 2889  679  228    2 14025
1960    3    4    3    0   47 1898 3277 3942 3519  973   74    0 13740
1961    3    5    1    0  198 1981 3671 4161 4108  816   77    3 15024
1962    5    2    3    0  411 1740 2965 5027 3428 1853  164    0 15598
1963   10    2    1    0   30  896 3071 5185 3141 2654  163    0 15153
1964    5    4    1   74  454 1921 4144 3813 3738  884   12   67 15117
1965    1    2    2    0  138 1245 3481 5911 4186 1819  279    2 17066
1966    2    2    0    0  226 2018 1815 3386 4319 2474   99    0 14341
1967    2    0    0    0   83 1210 3442 5260 4067 2457   40    0 16561
1968    0   35    0    5   85  765 2497 2261 3275 1491   34    0 10448
1969    1    0    0    0  155 1166 4115 4469 4012 2152  153    1 16224
1970    1    1    0    0  475  900 3412 5524 2688  813   28    0 13842
1971    4    0    0    0   43 1782 3219 4742 3385  892    3    0 14070
1972    0    0    0    0  213  874 2379 2878 2140 1015  136    0  9635
1973    1    0    0    1  211 1146 3396 4817 2240  802    1    0 12615
1974    0    0    0    0   48  392 3922 4387 2818  662  348    0 12577
1975    0    0    0    0   17  820 5027 3909 5140  981   19    1 15914
1976    0    0    1    0  291 1470 2736 4998 3722 1769  377   67 15431
1977    1    0    2    0    1  777 2598 2474 2646 1056   59    1  9615
1978    0    1    0    0  266 1398 3315 4660 2751 1554  103   26 14074
1979   27    1    0    0  188 1880 2654 2709 1943 1283  143   30 10858
1980    0  131    0    0   27 1084 1786 2773 2855  330  101   10  9097
1981    0    0   12    3  554 1072 4070 3678 2799 1120   96    0 13404
1982    0   14    0    0  219 1010 2825 3633 2043 1201   25    0 10970
1983    0    1    0    0  153 1495 2564 2706 2015  633    0    0  9567
1984    0    0    0    0  517 1691 2568 2590 2202  825   53   88 10534
1985    0    0    0    0    0  832 2633 3432 3376  467   16   14 10770
1986    0    1    0    3  233 1056 2185 3723 3246  987    9    0 11443
1987    0    4    1    3   88 1322 2838 3996 2926 1016    5    1 12200
1988    0    0    1    0  233  882 3229 5262 3486  743   28    1 13865
1989    0    1    0    1   49 2228 3072 3724 2971 1342   84    0 13472
1990    2    2    0  315   46  994 2672 4217 1882 1046   39    2 11217
1991    5    0    0    2  109  613 3369 3380 1889 1477   19   11 10874
1992    3   36    0    2  356 1789 2833 4405 2710 1502   54    0 13690
1993    1    1    2    8   39 1100 3589 4286 2668  848   93    1 12636
1994    1    0    1    3  101 1110 3423 3756 3957 1388  271    0 14011
1995    1    1    4    4  184 1198 2768 4260 3057  779   18  187 12461
1996    1    1    1    2   49 1042 3596 3654 3001 1214   11    4 12576
1997    1    0   11   20  564 2612  -10 4093 3443 1202    2    0   -10
1998    0    0    0    1   44  548 1881 4709 3630  882    2    6 11703