1900  161  133  673  640 1415 2117 2817 1891 1384  823  480 3319 15853
1901    0 2056   72  147  386 1314 1978 2153 3785 1130 1210  108 14339
1902  157  -10   89   49  932 1975 2178 1240 1640 1795  605 1148   -10
1903  212  158  726  292  359 1466 1084 2048  593 1051   62   26  8077
1904    0   58 1209 1382 1181 1939 2328 1170  420 1590 2641  859 14777
1905  479  739  775  792  831 2007 1825 1951  694 1096  118  972 12279
1906 1014  340  580  266  381 1350 2110 1683 1257 1442  882  253 11558
1907  171  653   65  268 2560 1852 2512 1795 1486  204 3170 1904 16640
1908   59  498 1890  127  168  976 1559 2824 2764 1723 1441  603 14632
1909   71  136  893   80 3071 3747 1796 3746  898 1653   89 1276 17456
1910 1153  984  145   16 1347 2251 1742 1995 1657 3082  378   83 14833
1911  206   82    0 1900  884 2041 1758 1266 1958 1675 2823 3798 18391
1912 2024  346 1023    0 1585 1644 1730 2328 2347 2239  755  452 16473
1913 1574  437 1189 1679 2574 2697 1851  938 2346 1156 1015  508 17964
1914 1043  179  558 1101 2766 3321 1580 1040 2508 4517  329 1465 20407
1915 1758   11 1619  178 1172 1599  680 2282 1369 1920  943 1321 14852
1916 1237  361  987  432 1411 2197 2358 2982 3392 2146 2654  193 20350
1917  255  209  596 1271 2012 1666 3545 2283 1338 1826  630  306 15937
1918  557 1050 1479 1022 1643 2692 1964 1539 1236 2604 1919  785 18490
1919 1324   70 1078  729  940 4207 2462 2191 1968 3124  949  813 19855
1920 4085   43    0   29  996 3950 2738 1233 2579  939 1463  441 18496
1921   60  211  224 1050 1241 2091 1662 1660 2244 4738 1365  724 17270
1922  403  446  482   92  555 1929 1580 1461 2313 3469 1941  668 15339
1923 2499  966  350  354  405 1914 1370 1349 1117 1849  707  361 13241
1924  954  348   65  123 1491 2942 2001 2176 2654 1942  575 1527 16798
1925 2903  480  525  421 2391 2904 2325 1519 2330 1072 2827 2614 22311
1926 1085   97  192  398  957 1924 2069 2013 1493 2392  446  374 13440
1927  455  818  118  660 1280 2270 2230 1315 3003 2069 1096  862 16176
1928 1671  734  320  228  580 1649 2009 1603 2454 1297 1841 1295 15681
1929  867   54  149   65 1707 2283 1951 2234 3174 1165 2113 1491 17253
1930 1639  503  306  374 2148 2314 1968 1503 2117 2380 1068 2780 19100
1931  465  234  133  295  881 2225 2864 1468 2074 2286  346 3249 16520
1932  952  352  983  693  849 2646 1942 2244 1744 3207  508 2037 18157
1933  571   99   72  905 2100 1395 2500 2982 3287 1154  218 1023 16306
1934  459  427 1090  383 1748 1779 1421 1452 2445 1443  447  634 13728
1935  991  592  369  500 1005 1892 1948 2250 1637 2197  415  362 14158
1936  525  126  578  463  849 3182 2792 1309 2561 2153 1385 1523 17446
1937 1757  633  334  918 2137 2552 1923 2086 2425 2349   78  678 17870
1938  643  710  469  325 1403 1911 1677 1956 3022 1102 1822  267 15307
1939  707  164  155  625  924 1476 1600 1834 3298 1480  476  773 13512
1940  597   31  562  141  377 2470 1879 1187 1936 1418 2017 3415 16030
1941  351  166  410  442 2344  846 1359 2225 2869 1965 1889 1911 16777
1942  465  275   95  587  896 2046 2327 2808 3518  829 3855 2470 20171
1943 1263  583  591  857 1072 1148 1624 1623 1568 2633 1244  763 14969
1944  479  100  467  161  519 2612 1508 1990 2581  644  518  441 12020
1945  526  200  226   36 1469 1108 1469 3353 3718 1743  978  739 15565
1946  712  604  326  572  655 1872 1455 2068 1961 2902 2035 1251 16413
1947  707 1016  462  250  648 1316 1777 1798 2485 2450 1748 1173 15830
1948  691  301  103  361  741 2367 1933 1430 1698 1348 2512 1559 15044
1949  372  475   71  144  123 1527  920 1681 1747 2901  666 1366 11993
1950 1088  538  375  289  221 2282 1292 2408 2144 2964  470  519 14590
1951  568  232  655  134 1109 1499 3097 2091 3136 1779  966  714 15980
1952  364   47  264  654  577 1493 2773 2136 2228 2294 1619  504 14953
1953  411  255  106   16 1360 2592 1571 1838 2855 2381 1000 1726 16111
1954  714  365  432  659 2117 2301 1597 2600 2294 1864  380  801 16124
1955  366 1046  237    0   76 1784 2036 2152 3046 4858 2228 1140 18969
1956  218  349  288    1 1457 3470 1518 1690 3548 2810  809 1592 17750
1957 1298 1038  189   44  336 1567 1936 3051 3297 1441  524  765 15486
1958  226  215  390  502 1382 2004 4117  989 2020 1481 1865 1122 16313
1959  822  218 1023 1366  415 2356 1252 1008 1614 1670  821  172 12737
1960  335  240  130  545 1178 1326 2038 1370 2465 2509 2458  632 15226
1961  830 1239  657  768  596 1843 4785 2602 1681 2037  738 1024 18800
1962  718  137  169 1917  652 2798 2335 1656 2622 2199 1053   72 16328
1963  413  582  561   40  330  707 2055 2508 5094 1626  679  449 15044
1964  502   60  163   72 2024 2823 2381 1756 2619  433 1810 2059 16702
1965  951  435   77  319  889 1865 1887 2071 2188 2236 1087 1700 15705
1966  897  628  893  447  832 2939 2507 1489 3183 1244 1180  545 16784
1967 1221  292  405  369  217 1368 1751 1971 2236 2107  932  605 13474
1968 1178  214  149  175  904 2109 1958 2205 1984 2196  711  499 14282
1969  501  143 1392  425 1557 2310 1776 1669 3793 1338 1205   72 16181
1970  688  195  199   16  801 2957 2097 2695 2217 1743  685  884 15177
1971  360  135  565  117  178 1431 1698 2329 1393 1450 1810  748 12214
1972 1369  416  275  667  691 2476 2780 2483 1963 1440 1000 1277 16837
1973  419  476   36  691 1125 1268 2290 4072 2366 2651 1331  509 17234
1974 1235   66  148  298  697 1984 1465 1596 2749 2471  884  946 14539
1975  863  625  255    4  848  663 2300 1825 2204 3750 1844  197 15378
1976  682  115   54  199 1082 4628  630 2477 2460  709 1759 1963 16758
1977  224  817  432  900 1147 2540 1574 1482 2432 1135  427 2533 15643
1978 1060  162  914  263 1194 2509 2128 2800 2863 1184 1354  927 17358
1979 1123  566  455  314  764 2219 1505 1894 1883 3491 2057 1728 17999
1980  819  499  312  558  732 2519 3253 2177 4428 1630 1687  395 19009
1981  321  917   49  205  459 2817 1757 2155 1841 2795  282  635 14233
1982  994  755  462  311 1288 1507 2166 2575 2827 2579 1366  936 17766
1983  631  609  531   81  200 2772 3779 2205 2143 2433 1145  772 17301
1984  596  923  441   98 2829 2113 2311 1998 1654  841 1302  790 15896
1985  452  319  285  630 1355 1557 2312 1736 2135 1735 1848 2314 16678
1986 1757  131  408    4 4233 1466 1600 2401 1436  992 1666  516 16610
1987 1165  243  869  263  269 2597 3058 1662 1487  583  861 1537 14594
1988 1462  837  184  141  587 3134 2633 2938 4146 1771 1464 1073 20370
1989 1672  843  478  426  885  951 1588 1545 3857 1824 2196  824 17089
1990 2399  942 1510  702  841 2415 1496 2722 2337 1315 2686 1522 20887
1991 2029  353  223  435  -10  746  -10  -10 2891 1755 2019 2039   -10
1992 1478  767  842  234  825  -10  -10 2025 2286  -10 1578  -10   -10
1993  -10  -10  -10  -10  -10  -10  -10  -10  -10 1915 2112 1260   -10
1994 1177  411  112  210  928 2383 1382 2266 3652 1166  731 1652 16070
1995 1161  657  262  632  333 1758 2523 2422 3090 1926  474 1673 16911
1996  746   69  459  785  568 2065 1617 2828 1533 1922 2030  802 15424
1997  -10  787  479  -10  -10  -10  -10 1881 2056  -10  -10  -10   -10
1998 1172   69  242  703  647 1639 1795  -10  -10 3118  -10  -10   -10