1900  612   60  127  352  190  272  496  292  721  225  713  521  4581
1901 1017   81  333  429  411  250  486  269  575  517  359  297  5024
1902  522  309  339  208  205  134   85  222  254  563  764  813  4418
1903  631  435  387  288  190  299  126   73  639  442  543  731  4784
1904  591  358  690  318  377  242  278  232  557  722  547  391  5303
1905 1074  420  421  179  232  152  353  141  435  424  392  693  4916
1906  739  232  200  437  102  310  518  185  733  591  522  489  5058
1907  788  362  441  278   92  111  171   36  463  455  560  642  4399
1908  660  358  488  264  189  407  172  173  453 1167  541  719  5591
1909  595  453  386  377  251   86  237  526  300  528  405  396  4540
1910  481  363  605  192  597  203  207   97  638  630  327  617  4957
1911  700  402  316  155  375  222  256  269  409  408  431  818  4761
1912  444  256  244  313  188  181  302  150  485  747  608  300  4218
1913  792  524  396  419   91  175  301  511  365  197  657  495  4923
1914  540  237  169  274  159  279  208  274  560  701  403  692  4496
1915  476  321  138  268   55  150  126  153  323 1158  288  448  3904
1916  906  388   69  214  129   26  283  436  312  380  352  271  3766
1917  283  369  450  154  150  276  153  285  482  508  403  463  3976
1918  191  718  808  333  171  311  146  202  229  454  687  488  4738
1919  505  309  262  296  350  368  332  187  259  289  216  635  4008
1920  277  460  333  129  188  118  430  310  651  851  706  481  4934
1921  351  721  524  630  171  177  412  159  593  632 1016  982  6368
1922 1100  765  335  261  121  440  252  521  385  494  651  510  5835
1923  629  449  817  259   80  373  583  242  509  387  292  525  5145
1924  959  400  399  175  132  149  349  284  254  851  784  830  5566
1925  926  340  438  409  228  357  475  319  551  292  697  452  5484
1926 1004  501  359  420  128  367  523  383  585  312  632  837  6051
1927  441  635  510  270  235  242  313  239  294  393 1017  608  5197
1928  356  356  157  113   13  300  434   90   33  339  703  527  3421
1929  201  804  255   70  592  375   70  586  571  626  692  492  5334
1930 1265  103  453  625  130  145  204  778  357 1112  793  391  6356
1931  555  629  325  418   28   85  458   72   25  882  832  468  4777
1932  578  132  293  879   70  142  825  292  275  534  691  484  5195
1933  252  309  538  403    0  606  186  571  108  659  150  217  3999
1934  632  476  175  241  152   96  620  579  961 1144  200  532  5808
1935  218  357  386  222   30  420  448  396  813 1306  616 1148  6360
1936  511  407  700   73  118  142  164  931  544  588  394  371  4943
1937  361  651  267  481  375   89  481  498  734  522  468  225  5152
1938  314  261  798   54  124  434  287  112  283  815  692  702  4876
1939  624  478  442  133  109  185  133  343  212    7  672  607  3945
1940  255  318  710  415  326  453  144  204  311  584  717  445  4882
1941   58  486  538   51  109  252  187  137  172  204  154  232  2580
1942  411  133  152  338  248  111  439  404  419  827  141  424  4047
1943  432  729  260  105   93  406  816  115  685  787  463  193  5084
1944  462   51   30  430   94   77  153  287  264  401  332  471  3052
1945  307  341  166  161  113  323  219  177  484  434  144  487  3356
1946  358  564  345  423   34  295  123  976 1660   82  459  253  5572
1947  406  606  363  297   97  128  317  139  286  207  839  469  4154
1948  486  386  287  196  150   31  390  102  429  640  422  364  3883
1949  352  222  194  215  445  177  220  195  336  260  371  948  3935
1950  291  527  467  298  116   45  420 1302  820  666  309  766  6027
1951  736  471 1041  385   91  200  279  531  658  330  233  957  5912
1952  813  501  294  654  200  237  417  455  476  882   30  718  5677
1953  324  481 1428  864   69  155  515  304  263  914  740  425  6482
1954  435  177  629  205  208  241  277  334  774  527  608  479  4894
1955  443  256  253  171  178  275  213  358  419  329  327  737  3959
1956  970  115   92  482  333  200  235  260  555  410  179  481  4312
1957  397  667  566  214  180  108  184  283  435  781  552  530  4897
1958 1004  607  195  276  106   88  356  314    4  941  465  690  5046
1959  281  636  300  217   53  608  182  634  258  380  970  425  4944
1960  181  558  490  351  207  134  715   47  154  134  436 1042  4449
1961  439  457  423  406  155  528  371  733  665  558  721  446  5902
1962  881  362  465  239   62  725  267  212  320  596  234  504  4867
1963   43  230  392  471  388  344  351   98  532  331  966  234  4380
1964  208   65  134  427  437   63  385  431  203  573  359  645  3930
1965  738  160  126  129  104  140  180  162  349  253  505  356  3202
1966  460  360  413  236  182  253  448  210  115  342  543  617  4179
1967  185  418  637  127  237  163  513  170   86 1055  379  492  4462
1968  761  228  500  332   77  458  200  251  170  453  327  307  4064
1969  343  517  319  226   27  194  484  395  190  669  633  268  4265
1970  753  427  635  288  196  110  412  358  319  698  639  447  5282
1971  485  378  476  359  234   89  201  334  430  499  463  721  4669
1972  241  198  358  137  243 1123  428  248  349  861 1283  984  6453
1973  268  728  124  449   88  354  206  535  327  553  603  609  4844
1974  707 1137  197  195  143  272  415  613  589  394  786  749  6197
1975 1297  362  243  146   78  248  301  208  612  376  270  735  4876
1976  323  441  255  129  337  252  280  265   42  579  602  642  4147
1977  545   59  461  355    9  100  221  312  170  986  416  308  3942
1978  739  322  705   53  293  159  372  182  206  573  809  140  4553
1979  340   51  233  417  228  381  135  152  677  231  534  299  3678
1980  303  253  273  136   86  482  225  340  493  366  352  451  3760
1981  584  352  685  115  123  181  274  479  966  962  517 1156  6394
1982  729  488  330  153  188  130  396  484  356 1038  482  725  5499
1983  940  290  760  490  217  475  332  308  158 1118  870  734  6692
1984  546  764  302  345  136  296  198  149  552  505  479  551  4823
1985  297  103  418  270  590  291  549  647  230  422  271  583  4671
1986  872   10  589  281  482  238  331   92  197  356 1061  454  4963
1987   58  302  412  463   21  110  447  118  769  957  344  383  4384
1988  543  358  244  556  163  123  513  542  743  331  295  520  4931
1989  941 1660 1267  655  151   62  386  738  572  171  338  461  7402
1990 1001 1281  626  185  133  126   89  477  354  622  202  344  5440
1991  980  500  560  400  320  150  490  160  520  940 1410  130  6560
1992  420  390  770  240  150  430  250 1090  560  370  590 1240  6500
1993  490  380  380  170  320  170  310  400  100   40  180  980  3920
1994  980  180  310  310   50  360  230  330  120  840  620  650  4980
1995  880  610  800  270  440   60  170  290  260 1760  140  170  5850
1996  160  670   70  250   70  310  210  450  570  780  500  320  4360
1997  450  520  420  110   50  150  360  360  360  670  490  440  4380
1998  580  700  330  260   60   90  460  300  500  650  720  840  5490