1900 2357  941 1578 1326  782   97  110   62  118  129  690 1550  9740
1901 1262 2092 1286 3016  609  131  105  114  332  281  371 1118 10717
1902 1211  842 1658 1928  639   34   70   10  290  110 1000 1430  9222
1903 1160 1620 2330  850 1430   31   50   97  113  110  517 1478  9786
1904 1720  780 2070 5110 1990  340  120   20  140   20  200 1010 13520
1905 1100  630  700 3230  220   20    0   90  240   50  790  120  7190
1906 3360 1620 3660  660  220   80   30   48   58  298  563 1501 12098
1907 1531 1588  963 3341  653   78  138   47  140  550  280  130  9439
1908   10  600 1300  710  710  650  200  250  310   90  100 1200  6130
1909 2330  210  650 2200  250   85  430  160   50  200   40  540  7145
1910 2040 1010  430 4610  560    0  190   60  260  100  630 2060 11950
1911  650  850 3120 4750  450   10  290   80    0  350 1100  620 12270
1912  390 2080 1900 3400  180   40   80  190    0  280 1250  350 10140
1913 1013  895 2094 2688 1347  101   18   32  152  160  434  935  9869
1914 1414  820 1650 3276  355   88  375  214  271  138  462  952 10015
1915 1031  893 1540 1935  608  230   55   42  143  120  362  954  7913
1916 1614  999 1208 3506 1055  152   38  212  126  180  889 1710 11689
1917 1311 1194 1691 2961  718  163   43   68   76  154  510  958  9847
1918 1403  902 1378 1924  758  143  142  163   21  128  569  765  8296
1919 1229  994 1584 1575  662   31   53   50  114  279  427  898  7896
1920  887  819 2132 1272 1285   47  128   45   33  521  343 1292  8804
1921 1222  890 1534 2349  773   36  127   77   64  412  603  999  9086
1922  420 1740 1010  230 1630   10   10  140  110  180  360  570  6410
1923 1510 1500  400 3060  360    0   40  550  370  130  350 2080 10350
1924  880 1800 1170  240   20  160    0    0   90   30  170  140  4700
1925 1400 1710  610  770  390   60    0    0  130  620  640 1050  7380
1926  480  520 1330 2080  120    0    0   10  480  240 1570  540  7370
1927 2590  330  980 1120    0    0  190   10  130   50  230 1390  7020
1928 1190 1070 1250 1860  600    0    0   50  190   80  620  470  7380
1929 1460  180 1440  800  160  100    0    0  140  220   60  430  4990
1930 1700 2720 7570 1640   80    0   10  110  300  210  180  280 14800
1931  870  640 1120 3680  100  180    0   10   70   50  120 2150  8990
1932 1950 1640 1600 3420   40   20    0    0  810   20   90 1430 11020
1933 2590  670 1690  700  550   20  250  230   60  200  280  580  7820
1934 1200  750  840 2760 1550  670  210   30  480   90  710 1180 10470
1935 1470 1730 1160  670 1560  350    0   40  430  360 1290 1510 10570
1936 1790 1640 2360 4090 1250  490    0  210  100  710  350 1360 14350
1937  620  880 3040 2090 1630   40    0  100   40  480  590  650 10160
1938  620 1310 4060 2380  440    0    0  120   50  430  660 1050 11120
1939  490  280 3040 1910 1350  140   20   20   40    0  290  860  8440
1940 1540  300 2560 2820  130   20  220    0   20  270   10 1070  8960
1941 1430  560 1810  950  150  140    0  480  180  160 2120 1290  9270
1942  580  500 2130 3050 1110   50    0   70   40   90  230 1090  8940
1943 1310 1690 1010 1710 1210  190  240  230    0  120   50  200  7960
1944 1550  670 1070 2510  760   20  740  190   20  180 2170  830 10710
1945 1550  810 2130 1950 2160  110    0    0   50   30   50 1410 10250
1946  310  400  720 2000  640    0   40   10  440  410  590  890  6450
1947 1460  840 1550 2700 1200   20   10   10  280  160  550  760  9540
1948 1040  250 1640 1390  690  160   70   50   20  120  300 1430  7160
1949 1350 1040 1540 2260  820  110   80  100  120  270    0  240  7930
1950 1140 1720 2620 1920  150    0   10  540    0    0  270  840  9210
1951 1120  740  180  930  700    0    0    0  100    0 1200 1860  6830
1952 1470  810  610  460  860    0    0    0    0  100  140  640  5090
1953  820  320 1430 3190  280    0    0    0    0    0  140 2290  8470
1954  740 2160  660 2360  510  460    0   60  140  110  340   80  7620
1955  540 1640  310 6530 1300    0    0    0    0  190    0   40 10550
1956 2200 1640 1300 3540 1020  110   80  100  120  160  460  970 11700
1957 5420 2960 1930 1080 1450    0  250  100    0    0    0  150 13340
1958   40  720 1540 2260  820  110   80  100  120  160  460  970  7380
1959 1900  720  320  490  230   40   80  100  120  160  460  970  5590
1960 1350 1040 1540 2260  820  110   80  100  120  160  460  970  9010
1961  600  600  970 2470  670  100  470   20   50  420 2600 2900 11870
1962 1520 1800  200 2220  200   20    0  370  170  900  320 1420  9140
1963 3150 1980  780 4260  120  290    0    0    0  260 1870 3740 16450
1964 3140  390 2030 3270   60  100    0    0    0  320    0 1010 10320
1965  550  600 2310  900  680  200    0    0    0  150  210 4080  9680
1966  490 1470 1470 1070   80  210   60    0  200   40  760 1220  7070
1967 1550  460 1310 1350 1280  460  620  150   80  390 1170 3200 12020
1968 1160 1320 1360 2440  580  150   90  100  160  230  750 1870 10210
1969  700 2350 1950 1950  800  190   50  290  160  200  500  190  9330
1970 1350 2230  300 1680  140    0  120    0  230   50    0 1730  7830
1971 1119 1000 1415 2178  766  131  133   31   46  163  386 1069  8437
1972 1398 1362 1569 2064 1229   47   88  115  257  401  798 1592 10920
1973 2960  640  400 3250  350    0    0    0    0    0  230 1610  9440
1974 1345  641 1457 3040 2707  140  369   87   54  109  294 1018 11261
1975 1096  647 1560 2368  554   69   91   42  126  170  277 1154  8154
1976 1106  955 1445 2732  792  175   80   29   89  175  192  844  8614
1977 1459  798 1346 1784  780   40   51  109  288  259  764 1682  9360
1978 1748  962 2414 2607  338   95   54   42   56  224 1196 2138 11874
1979 2791 1574 1479 2810  978  239  132   51   66  158  785 1339 12402
1980 1525  710 1368 3268  483   15   29  176  125  222  527 1454  9902
1981 1075  914 1741 2168  684   69   54   87  107  248  345 1660  9152
1982  863  756  924 2226 1346  128  159  152  105  670 1064 1503  9896
1983  918  824 1110 1584  984  162  154   83   33  217  278 1490  7837
1984 1182  750 1157 2276  531  137  137   37   93  197  898 1447  8842
1985 1214 1705 1231 1973  604   38  117   77   95  184 1098 1296  9632
1986 3223  915 1672 3105  822    0   62    0    0  637 1511 1877 13824
1987 1165  774  630  490  820    0    0    0    0  160  784 1668  6491
1988 1063  886 4800  346    0   66   36    0    0  130  486 3206 11019
1989 2183  832 1665 2566 1196   75   48  165   31  162  808 1593 11324
1990 1298 1478 1346 2842  895   82   13   34  159   80  425 1199  9851
1991 1355  848 1728 2361  885   46  319   91  329  372 1043  997 10374
1992  944  760 1253 1492 1132  124   87   47    7  156  519 1261  7782
1993 1547 1205 1578 2398  592   49  306  240  136  132  738  717  9638
1994 1125  905  770 1477  153   10   36   78  103  408  263  908  6236
1995 1440 1040 1212  971  400   12   22  135  406   83  331 1566  7618
1996 1595 1750 1389 1593 2038   29  135   28   31  170  353 1167 10278
1997 1705 1269 1729 3566 1473  206  105   40  230  375  402 1708 12808
1998 2152  812 1613 2001  325   11   30   31  194  110  647 1263  9189