1900  860  560  800 2240  970  460  760  900  790  480    0  630  9450
1901  640  770  700 1110  930  410  580  350  460  200    0   50  6200
1902    0  150 1070  970  830  760  600  450  180  220  460    0  5690
1903  810  140 1550  870  650  100 1940 1050  900  400   70  590  9070
1904  960  130 1120  510 1000  380  720 1200  210  910  180  980  8300
1905  830  540 1190  550  770  240  230  260 1130  140   40  780  6700
1906  580 1350 1120  680  710  430  220  910  720   50    0  150  6920
1907  510 1710 1040 1100  400 1020  510  730   10  290   10   10  7340
1908  480  570  280 2690  470  130  390 1640  360  440    0 1210  8660
1909  690  880  900  390  500  260 1650  200 1810  420    0  300  8000
1910 1020  970  870 1080  220  550 2930  370   50    0    0  350  8410
1911 1690  680 1370  870  240  280  180  420  530  100  410  240  7010
1912  740  270  940 1020  710   70  500  530   40   60  150  150  5180
1913  500  620  650  900  320  290  140  410  190  120  270  260  4670
1914  230 1240  940 1020  820   60  430  380  300 1220  380  810  7830
1915  100 1280  750 1750   50  210  300  270  360  120    0   60  5250
1916  200  680  390  580  350  230  720 1080  210   20    0   20  4480
1917  350  230  770  730  400  760  220 1100  760  790    0  480  6590
1918  130  450 1480 1570   10  310  430  470   90  240  240  860  6280
1919 1380  680  540  770  400  120  210  610  130   20   10  800  5670
1920  630  530 1920 1070  700  240  100  250  390  160    0  170  6160
1921 1090  580  350  390   60  590  320 1100  310 1140   50 1030  7010
1922  590  240  660  960  220  210  100  200  790  260    0  250  4480
1923  880  710 1020  410 1620   60  890 1280   40  430   40  330  7710
1924  670 1170  760 1560  970   10  490  510  580    0  100  310  7130
1925  790  750  420  880 1130  300  450  920  300  210  130    0  6280
1926  310  690 1210 1310 1490  460  280  690  800   10   10  130  7390
1927  540  680  580  390  700  160  540  630  230    0   40  340  4830
1928  470 1450  920 1470  230   90  170  940 1420    0  440  860  8460
1929  660  430  340  470  590  390  900 1690  300  880   20  520  7190
1930 2690  600 1040 2330  910  290  870  110  690  700   10   20 10260
1931  570  800  180  610 1100   40 1660  290   50  220   60   50  5630
1932 1400  730  930  290  940  590 1400  400    0   60    0  130  6870
1933  350  810 1420  890  290  600 1120 1080  210  380   40   20  7210
1934  730  360  510  730  540   80  180  270  130    0   40  410  3980
1935  960  730 1270 1220  340  390  600  870  420  230  730  130  7890
1936  400 1160 2290  880  120  360  300  230   40  200  410  500  6890
1937  410  850 1120  570  450  190  960   30  260  870   40  420  6170
1938 1100 1100  890  660  320  720  250  660   60  310    0  240  6310
1939  700 1300 1410  680  210   50  390  240   80  510    0    0  5570
1940  500  180  820  860  640  920  110  830  480   80  130   90  5640
1941  540  600 1040  450  330   40  830  360  840  110  380  610  6130
1942 1010 1660  330 1150  870  270  720  760  280  250  200  290  7790
1943  820  300  990  980 1390  170  490  770  280    0   50  450  6690
1944  910  970  660  570  330  510  320 1220  440   50  440  550  6970
1945  460  170 1360  920  520  190  180  180  240  150  100   80  4550
1946  310  730  790  460  350  500  350  270   60  340  610  840  5610
1947  130  460  680   90  570  420  490  431  140  313    0 1180  4904
1948  230  910 1590 1160  720 1120 1180  740  390   20    0  430  8490
1949  580 1340  620  460  600  430  230  370  180  150   40  120  5120
1950 1990  500 1240 1090  830  120  930  670 1160  110   10   40  8690
1951  670 1240 1130  760  890  820  330  790  150  320  180  330  7610
1952  820  610 1280  360  700  400  600  710  240   10  110  280  6120
1953  580  290 1000  810  110  160  190  910  680  290  110 1040  6170
1954 1060 1520  530  190 1040  260  100  160 1320  700   80   60  7020
1955  340   50 1250  720 1150   10  460 1020  280  400    0   60  5740
1956  600  470 1150 1380  350  430  950 1680   90  440   20  200  7760
1957 1030  530 1430 2230 1470  420  210 1130   10 1710 1020  520 11710
1958  690  150  590  800  610  130  380  670  450   60  120  970  5620
1959 1620 1200 1200  260  690   70 1780  130  250  340 1010  140  8690
1960  330   60 1500 1180  570  200  640  750  150    0   60  590  6030
1961 1079  509  656 2127  500  224  529  608  378  485  223  151  7469
1962  321  726  754  579  469  311  527  818  588  206  837  560  6696
1963    9  310 2290 1700  590  210  290  310  140  110  610  830  7399
1964  850  330  540 1130  300  770  900  380  180    0   30 1530  6940
1965  900 1010  640 1130 1490  181  190  440  120  120  270  250  6741
1966   10 2120 1490  990  980  100  360  550  970 1180    0  180  8930
1967   70  550 1170  810  460  310  190  450  270  450   90 1590  6410
1968  670  350 1020  970  450  330  410  690    0  510  340  380  6120
1969  470  860 1150 1930 1110  400  590  110   20  710    0    0  7350
1970  190  120  670  350  440  810  440  740  340  156    0   50  4306
1971  150  500   40 1060  180  628  190  310   80    0  230   50  3418
1972  370 1010 1100  500  550  140  390 1120  340 1360  160  660  7700
1973 1190  440 1030  870  350  210  520 1290  370  180   21  260  6731
1974  670  833  577  340  740  930  300   60   90  170   30  610  5350
1975  450  830 2070  740 1370  564  810 2590  381  187   70    0 10062
1976  960 1090  930  600  440  542  220 1420  650  490    0  210  7552
1977  820  180   80  980  500  140  400  650   70  390  190  620  5020
1978  250  460 1330  770  360  220 1510  490  210   10  830    0  6440
1979  480  630  940  350 1830  310  130  510  680   40  870  290  7060
1980  410 1340  720  360  610  800  630  450  520  190  490  210  6730
1981  850  910 2080  680  470  198 1230  370   20  160  190   10  7168
1982  290  960 1220 1030  630  260  430  570  320  510  260  440  6920
1983  300  350 3650 1620  850  330  330  920  710  230  100   40  9430
1984  350  750  740 1540  400  170  640 1050  140    0  560  230  6570
1985  450  340  320  590  860  200  650  240    0  530   50 2100  6330
1986   90  590 1890 2000  500  180  470  700   70  149  473  498  7610
1987 1230  990  580  127 1910  920  400   30  150 1280    0 1040  8657
1988  540 1010 1980  260  310  620 1830  460  810    0    0  250  8070
1989  130  700  940  900  730  350  950  690  780  490  320  440  7420
1990  830  740 2380  690  100  260  300 1220  110   80   80  718  7508
1991  270   90  930 1630  950  150  580  530  650  219    0  270  6269
1992  920  370 2060  811  910  390  530  720 1160  210  418  224  8723
1993  597 1030 1099  180  447  331  850   80  205   10  118    0  4947
1994  680  880  500  960  890  460  440  760  210  420   10 1540  7750
1995 1024 1669  890 1210  500  164  599 1003  642  303  101   60  8165
1996  -10  660 1440  920 1420 1420  210 1117  100  820   12  150   -10
1997  210  210 1140  -10  750  310   80 1110  150  -10  -10  -10   -10
1998  -10 1550  670  -10  630  350  170  -10  -10  230    0    0   -10