1900  810  620 1800  610  980 2070 2240 2130 2770 1870  930 1010 17840
1901  670  720  550 1540 2840 1160 1590  100 1760 4030 1260 2310 18530
1902  980   20  530 1670  580  350 2250 1870  330 1600 1020  870 12070
1903  880  170  380  270  330 1160  810 1000 1070 2190 1790 3320 13370
1904 2480  350  240  570 1730 1200  710  930 2530 1260 2340  980 15320
1905 1240  630 1490  600 2340 1040 1000  470 1040  360 1420  850 12480
1906 2370 1420  740  570 1930  840  220 1040  370 1840 1150 2720 15210
1907 2410  640 2060  280  740 1560  890 1010 2230 1730 1500 2570 17620
1908  690 2300 1100 1640 5190  720  610  390 2310 1040  580 2480 19050
1909  760  830  780   20 2290 1340 1250 1360 2780 1710 2530 1710 17360
1910 1010 1440  870  250 1300 1670  190 1440  730 1250 2190 2260 14600
1911 1150  180 1810  690  390  640 1130  440 1900 1290 2940 3560 16120
1912  580 2480    0    0 3120 1260  370  970 1150 3670 1980 2390 17970
1913 1940 1120    0 1460 1170  360  410  940 1500  840 2700 1220 13660
1914 1530  850  460 1320  920  400  920 1230 2380 1290  970 2110 14380
1915 1450 1210 1040 1160 1140 1140 3660 1290  800 1160 3850 1940 19840
1916 1170 1030  950  590 3020  610 2540  570 1470 2540 2110 1610 18210
1917 3280  910 2170  290  990  210 1850  800  370  890 1240 1990 14990
1918 3460   40  530  820  370 1310  110 1470  350 3420 1030 1020 13930
1919 1830  560  770  700 1540  190  970  230 1520 1810  930  880 11930
1920  640 1340  570 2430  580  720  750 1440 2240 1210 2390  750 15060
1921 1080 1110 1320  660 1620  540  350  680 2480  920 1450 1350 13560
1922 3310  370 1010 3560 2190  170 1060 1220 5020 1050 1300 1720 21980
1923 1010 1340  900 1320 1460 2290   70  640 2430 2120 1250 2290 17120
1924 1000 1730 1980 1460 2180 1370  920  100 3050 1420 2200 2220 19630
1925 2490 1430  580  390 1100  930   50 1830  120 1120  860 1870 12770
1926  680  870  230  280 1420  580 1180  710 1600 1310 1280 3010 13150
1927 1000 1050 1440 1610 2040 1180  590  400  530 1450 1470 2320 15080
1928  950  700 1800 1240  710   30  880  480 1870 2020 1290 3350 15320
1929  210 2040 1050  640 1540  780  310  860 1810 1450 1010  540 12240
1930  990  810 3260  540  680  950  670  910  770 1190 2250 1130 14150
1931 1800 1680 1860 1320 1540 2850  690 2180 2410 1960 1390 1950 21630
1932 1370 2080  460 1590 1870  890  820 1320 1050 2030 1980  690 16150
1933 1630  790  970 2760  550 1480 1270  470  540 1550 6220 1470 19700
1934 2140  460  710 1800 1200  760 1590 1140 2560 2050 1390  700 16500
1935 2350  600 1210 1330  950  310  550  980   60 4220 1100 2570 16230
1936 3030 3080  740  760 1450 1200  760 1020  620 1380 1870 1080 16990
1937  490 1130 1430 1590 1670  220  650  850 1010  640 1170 1800 12650
1938 1150 1150 2350 1240  950 2030  790 2060 1790  880 5620  480 20490
1939  670  440  470 1350 1680  480  240 1620 2500 1170  540 3130 14290
1940 3000  850  760  790  800  720  120  720 1720 1210 1090 2820 14600
1941 1400 1000 1570 1340 2650  700   90  380 1310 1570 2840 1840 16690
1942 2641  938  936 2064 1103  730  857  486 1091 2892 1816 2676 18230
1943 2261 1805 2185 1419 1043  804 1235 1198 1980 1392 2636 1060 19018
1944 1405 1256  888 1537  998  688  522  586 1692 1086 1583 1864 14105
1945 1504  973 1092 1388 1132  360  269  663 2572 2308 1075 2411 15747
1946 2043  915 1793 1407 1629  401  282  842 2045 1721 1836 2740 17654
1947 3307 1143 1629 1726 2038  736 1014 1127 1502 1752 1151 3669 20794
1948 2712  890 1368  926  940  419  729  710  934 1470 1067  940 13105
1949 1038 1703  970 1520 1476  792 1239 1043 1457 2132 1975 2409 17754
1950 1879  999  718 1936 1953  539  842  872 1264 1755 2284 2068 17109
1951 1875 1481  766 1184 1958  353 1113  940 1683 1219 1907 2198 16677
1952 1775 2232 1723 1545 1863  884  650  628 1084 2130 2296 2021 18831
1953 2070 1048 1358 1280  720  990  930  360 1642 1762 1726 2209 16095
1954 1610  520 1300 1300 1470  610  810 1470  550 2180 1850 3520 17190
1955 1680  600 1080  760 2030  880  350  510 1440 2150 1380 1390 14250
1956 2440  590  930  640 1920  520 1910 1030 2080 1690 2920 2000 18670
1957  620  270  590 1070  780 1130 1530  712 2880 2150 1800 1630 15162
1958 1300  930  970  290 3230 1520  740  930  860 2560 1690 2320 17340
1959  830  420  320  110  610  390 2590  570  610 2540 1590  830 11410
1960  940  850 1130  710 1100  230 1430 1200 3040 1800 1520 1170 15120
1961 2140 1280 1150  900 3150  710  250   50  530  530 2240 3440 16370
1962 1880   30 1160 1890  630  220  300  510  650 2500 1330 4060 15160
1963 1470 2020 1240 1370  390  660  400   90 1540 2400 1160  510 13250
1964  990  220  750 2200 2210  330  950  310 1020 1540 1870 2580 14970
1965  170  970 2360 1780 2270  170  170  980 1450 1260 1640 3300 16520
1966 1480 1060 1630 1910  400 1140    0  240 2600  630 2380 1390 14860
1967 1560 1700  540  800  870  980  280  370 2650 1860 1280 1670 14560
1968 1120    0 2020  770  890  440  800  530  250  910 1670  780 10180
1969 1270  960  350  430 1100  620  780 1770  700 1810 3050 3330 16170
1970 1690 1470 1140 1920 1410   70  580  260 1150 2000 1900  700 14290
1971 5650 2190 1450  830 1610  490  290  960 1870  990  920 2340 19590
1972  710  800  730 1170  140  730  220 1230 1370 3010 1040 2080 13230
1973 2280  100 1280 1590  890  540  240 1870  620 2470 1980 5260 19120
1974 2300  490  410 2340 2510  430  210  480 1640  410 1510 1030 13760
1975 1420  930 1080  840  420  630  330  280 1220  860 1760 4570 14340
1976  310  520  870 2040  910  260  880  940  840 2730 1540 1360 13200
1977 1020 1270  920 1640 1320  930  380  370 1590 1930 2560 2700 16630
1978 1170 1180 1650  500 1620  690 1900  210 1710 1770 1430 2570 16400
1979  900  910  300 2070 1030  510  640 1220 1370  520 3380 1050 13900
1980  740  950 1280 2000 2220 1250  735  710 1300 1910 1893 3835 18823
1981  440 1710  670 1410 3770   60  140  160  900 2030  130 1403 12823
1982 1230  140 1650 1292 1140 4190 1070 4390  830 1730 2310 3220 23192
1983  780  477 1370  800 2290 1040 2840  870 2270 2410  840 2560 18547
1984 5080 1060 1116 1570 1250  651 1960  190  900 1577 3030 2110 20494
1985  550 1740 1250 1080 1664 3800  564  580  560 2100 2180 2310 18378
1986 1980  120  900 1320 5120 1159  230 1020 2010  820 1040 1160 16879
1987  260  428  880 1230 1617  370  250 1880 2100 1830 1030 2680 14555
1988 1720  910  860  600 1505   50  820  790 1500  380 1731 1866 12732
1989 1918  569 1195 1576 1522 1414  696 1198 1791 1835 1686 1867 17267
1990 1528  573  759 1257 1267  446  852  739 1326 1859 1310 1870 13786
1991 1947  646  800 1025 2168  660  744  509 1440  977 1339 2552 14807
1992  696 1469  413 1034 1744  491  851  925 1044 1905 1451 2661 14684
1993 1510  839 2036  830  -10  -10  947 1041 1160 1985 2202 2473   -10
1994  858 1074 2072  830  -10  679  380  920 1121 1189 2612  969   -10
1995 1495  886  959 1328 1260  410  780  820 1770 1076 1650 1320 13754
1996  870 3500  480  860  560 1220  640 1320  540 1793 1516 1768 15067
1997  -10  620  -10  -10  -10  -10  -10  770  -10  -10  -10  -10   -10
1998  -10  170  -10  -10  -10  -10  -10  -10  -10  -10  -10  -10   -10