1900  110   51  190  305  777  819  823 1889  569  556  118  135  6342
1901  213   55   71  378  605  741  835  738  773  600  149  258  5416
1902   70  157  282  340  995  715 1339  790 1915  793  181  143  7720
1903  187   35  281  193  895  527  987 1292  774  330  341  145  5987
1904   92  267  192  634  577 1055 1214 1143 1210  734  139  165  7422
1905   90   54  186  405  774  952  852  895 1218  552  223  206  6407
1906   87   90  136  267  795  857  939  631  531  819  229  250  5631
1907   85   44   99  474 1119  604  742 1603  803  621  345  140  6679
1908  102   72  260  234  521  609  941 1019 1599  469  124  130  6080
1909   90  102  246  662  673  901  981  718 1006  740  571  246  6936
1910  120   45  205  390  487 1321 1318 1099  788  321  571   89  6754
1911  198   68  239  481  527  909 1299 1124 1042  483  888  103  7361
1912   81  148  162  422 1265 1048  888  938  767  608  281   52  6660
1913   44  153  139  306  354  960 1352  884  981  350  256  198  5977
1914  172   56  390  118  278 1021 1511  710 2066  519  736  121  7698
1915  282  278  365  506  832 1347 1368 1275 1031  618  349  112  8363
1916  173  190  143  494  784  892  597  810 1166  436  347  219  6251
1917  127   57  113  259  472  709 1424  914 1278  550  202  302  6407
1918   86   65  266  209  878 1139 1209  872 1510  274  360   65  6933
1919  106   63  165  607  652 1028  713 1027 1506  551  398  144  6960
1920  147  179   65  421  443 1246  957  967 1307  403  254  141  6530
1921   60   97  209  385  483  310  967  541  979  403  429  234  5097
1922   78  139  235  357  920  788 1606  812 1083  381  340   57  6796
1923   63   52  416  505  778  859  710 1106  907  643  683  151  6873
1924   72  156  117  308  626  353  820 1050  615  615  317  215  5264
1925   36  201  131  195  716  989  393 1707 1245  292  208  277  6390
1926   51  111  187  312  437  611  742 1266 1211  409  293  255  5885
1927   39   29  185  241  821  579 1162 2299  704  740  539   92  7430
1928  188   87  334  161  627  772 1287  828 1599  656  487  124  7150
1929  102   73   51  155  647 1055  768 2218  604  662  104  158  6597
1930   16   58  350  204  532  535 1036 1008  499  496  442  117  5293
1931  143   49  216  560 1078 1480  485 1258 1004  502  167  118  7060
1932  142  104  210  427 1003  872 1799 1238  627  845  469  146  7882
1933   51   86  100  232  490  900 1286 1265  787  621  423  131  6372
1934  169   50  220  321  885 1139 1054  919 1177  257  621   94  6906
1935   88   83  206  529  934 1343  979  815 1140  876  387   88  7468
1936  161  129  228  389  840  985 1417 1053 1302  679  496  159  7838
1937   62  104  221  574  787  627 1146 1219  966  635  139  179  6659
1938  138  181  152  537  586  573  725 2181 1449  496  337  111  7466
1939  155   72  149  541  646 1304 1169  815 1682  477  270  114  7394
1940  101   52  204  406  636  867 1376 1080  535  627  562  264  6710
1941  112   93  342  872  663  568  782 1630  799 1400  112  193  7566
1942    1  122  288  596  735  755 1642  984  927  885  516   18  7469
1943   74   83  288  683  572  983  810 1802 2276  185  206  246  8208
1944    9   43  259   82  716  921  528 1603  776  243  417  209  5806
1945    0  103  298  198 1035 1267 1230 1481  436  461  157   59  6725
1946  135   70  326  322  312  672  681 1917 1323  481  175  195  6609
1947   26  269  500  396  288  433 1126 1527 1099 1263  561  152  7640
1948  139  175   45  369 1349  986 1864  595  819  797  151  118  7407
1949  285   61   75  770  548  394  619 1241 1185  783  231  103  6295
1950  130    6  327  112  680  901 1691  449  687  133  723  293  6132
1951   21   99  151  443  646 1051  779 1680 2262  350   43  154  7679
1952   41   44  145  611  101  751 1136  986  804  795   98   24  5536
1953  144   79  404  248  911  815 1605  568  356  520   42  119  5811
1954   24  260  344  249  552  731  746 1532 1959 1401  177  477  8452
1955  112  205  143  176 1101  820 1257 1404  693  960  507   71  7449
1956  166   38  372  372  953  516 1841  412 1701 1193  349   34  7947
1957   93  240  293  218  720  842 1740 2029  689  259  222  372  7717
1958  268  190  390  248 1044  918  753  830 1128  743   51   83  6646
1959  252   88  151 1678  776  725 1613 1366 1199 1159  366  140  9513
1960   91   80  206  386 1342 1425  491  845 1156  258  578  283  7141
1961  168   66  127  565  938  284 1327  530  995  235  402  130  5767
1962   14  179  507 1199  643  657 1320 1795 1521  227  313  289  8664
1963  253   20   54  466  319  929 1223  852 1360  468  723  144  6811
1964  190   25  193  406  596 1264  839  869  503  294  571  223  5973
1965  298  183  114  211  612  868  570 1183 1145  451  173  293  6101
1966  324  211  503  439  554  318 1531 1645  488 1215  222   26  7476
1967   25  112  158  956  451 1229 1491  605  457  217  166  354  6221
1968  184  320  480   62 1099  797  861 2822 1246  119 1033  111  9134
1969   56   66   85  192  984  737  911 1185  262  728  226  179  5611
1970  156  336   95  135 1152  581 1240  655 1437  377  155   62  6381
1971   50  390  124   90 1057 1113 1568 2549 1160  784   50  259  9194
1972   19  214  115  406  640  795  466 2219 1728 1606 1236   99  9543
1973   55   72  297  434  928  431  794 1334 1191  415  311  152  6414
1974  167  120  199 1298  823 2669  596  782 2012  954  190   53  9863
1975  131  248  468  453  271  626  713  646  759  402   76  134  4927
1976  172   67  223  439  311  567  895 1176 1668  484  375  322  6699
1977   42   20  226  731  636  963 1504  465  322  474  329  115  5827
1978   54   18  208  274  800  535 1451 1728  624  295  219  218  6424
1979   96  411  301  539  169  865  861 1727  540  328  332  280  6449
1980  219   42   51  494  797  974  692  364 2250 1046  237  377  7543
1981   74   80  318  343  645 1103 1091 1956  785 1139  129   41  7704
1982  334   53  212  533  417  359 1463  641 1092  638  559  325  6626
1983   97   21   89 1215  525 1489 1304  568  909  485  756  498  7956
1984  307  159  194  394  368 1555 1154 1505 1283  811   67   24  7821
1985  141  354  270  417  231  539 1158 2068 1074  346  165   24  6787
1986  122   93  289  379 1070  624  701 1431 1258   71  247   70  6355
1987  238  101  181  401  378  678 1502 1508 1421  526  290  118  7342
1988  174   64  108  460  569  441  635 1027  418  654  480  168  5198
1989   53  132  214  208  656 1236 1891 1126 1221  393  558  185  7873
1990   73  301   87  354  821 1182  731 1390  955  425  292  343  6954
1991  112   38  142  403  601 1413 1669  511  552 1057  242  169  6909
1992  142   24   54  381  744 1183 1120  679 1457  383  270  300  6737
1993  200   69   32  278  407  743  489 1504  807  748  556  228  6061
1994   96  124  356  374 1219  646 1206 1305 2078  895  336  165  8800
1995   73   86  211  376  843  870 1416 1514 1152  598  262  113  7514
1996   71   43  307  247  630  697 1195 1343  895  583  384  125  6520
1997  211   74  238  219 1476  543  708 1350  465  441  209  381  6315
1998   74  216  179  393  836  642  853 1531  848  663  357  220  6812