1900  622 1985  170   18   14    1    0    0    1   48  183 1585  4627
1901 1567   80  108   29  121    0    0    0    1  185  362 1043  3496
1902 1194  373  276  202    7    0    0    0    1  102  900  957  4012
1903 1054  567  517   37    4    0    0    0    8   33  304  651  3175
1904 1315  619  425  371   46    0    0    0    1  111  589 2112  5589
1905  854  844  776  211   14    0    0    0    1  139  120 1952  4911
1906 1000  933  385  470  139    0    0    0    1  343  324  458  4053
1907 1774  670  645  115    3    0    0    0    1  120  793  683  4804
1908 1613  946  830  534   10    1    0    0    1   11  662 1192  5800
1909  941  453  108  918   47  125    0    0    9  275  256  405  3537
1910 1023  235 1186  177   56    0    0    0    1   85  399  407  3569
1911 1538 1548  569  407   14    0    0    0    1   89  509 1456  6131
1912 1171  864  241   73  107    0    0    0    1  353  200  966  3976
1913  770 1031  284  178   67    0    0    0    4  189  603 1114  4240
1914  396  266  217  698   33    0    0    1    1   38 1039  952  3641
1915  421  283  492  182    4    0    0    0    1   16  291  322  2012
1916 1497  712 1070  205    1    0    0    0    1    8  318  790  4602
1917 1891  871  250   16    6    0    0    0    4   49  272  859  4218
1918  876  917  937  137  104    0    0    1    5  664  494 1062  5197
1919 1357  863  349  193   53    0    0    0    1   38  393 1492  4739
1920 1244 2077  639   96   52    0    0    0    1   30  578  830  5547
1921 1183 1051  692   58   84   30    0    0    1   12  268 2113  5492
1922 1225 1032  319   41   16    0    0    0    6   11  254  957  3861
1923  609  889  169  157   66    0    0    0    1  508  176 1017  3592
1924  975 1202  568    4   11    1    0    0    1  180  594  725  4261
1925  636  219  153  380    4    3    0    0    1   68  556  495  2515
1926  895  723  749  151   15    1    0    0    0   10  163  823  3530
1927  561 1566  107  253    6    0    0    0    0   68  493  383  3437
1928  660 1319  114   11    2    0    0    0    1   22  437  721  3287
1929  938 1069  171  365   24    1    0    0    1   22  879 1364  4834
1930 1174  730  223  266    9    0    0    0    5   29  419 1183  4038
1931  892  821  253  127    6    1    0    0    3  115  201  664  3083
1932  784  680   65   59    4    0    0    0   16  156  591  214  2569
1933  591  462  189  122    8    0    0    0    4   22  114  395  1907
1934 1278  753   55  172  195    0    0    0    0   46  204  924  3627
1935  676 1118  139   76    6    0    0    0   18  255  365  299  2952
1936  633  489  118   48   49    0    0    0    1   21  986 1224  3569
1937 1509  332   64  307   18    0    0    0   26  637  293 1213  4399
1938 2622  753  282   54   51    0    0    0    2   47 1263  507  5581
1939  338 1057  794   75    1    1    0    0    1   21  685  419  3392
1940 1257  243  326  233    4    0    0    0    1  156  560  788  3568
1941  544  372  674   34    0    0    0    0    4   66  161 1706  3561
1942  838  644  760   11    5    0    0    0    1  561  410  258  3488
1943 1226  887  765  231   41    0    0    0    8  222   50  772  4202
1944 1454  297  189  138  255    0    0    2    1   46 1345 1692  5419
1945 1302  954  296   35  167    0    0    0    0   28  585  833  4200
1946  218 1100  253   21  181    0    0    0    1   94   48  395  2311
1947 1045  212  322   53   14    3    0    0    2   21  595  396  2663
1948  741  909  889  488   14    0    0    0    1   11  485  830  4368
1949 1172 1065  615  383   22    0    0    0    2    7  376 1595  5237
1950 1334  683  266  117  114    0    0    0    1  101  146  185  2947
1951  573  587  244   18    1    0    0    0    4   59  272 2448  4206
1952  807  546  447   47    1    0    0    0    0  118  158  140  2264
1953  873  780  986   88    0    0    0    0    0    0 1074  981  4782
1954  428  814  131  232    0    0    0    0    0    9  594 1286  3494
1955  115  145  263  111   36    0    0    0    0   37 1371 1402  3480
1956  989  246  601   69   42    0    0    0    0    5  170  865  2987
1957  727  780  646  172  143    1    0    0    6  107  390 1302  4274
1958 1218  115   18   27    1    0    0    0    8   45   35  145  1612
1959  708 1080  364   45   76    0    0    0   26   27  126  101  2553
1960  679  151  454   57    7    0    0    0    0    0  741   95  2184
1961  969  827  104   76  111    1    0    0    0  172  213 1492  3965
1962  550  557   11  126   28    0    0    0    0  100    0  696  2068
1963  431  410  196   66   41    0    0    0    0  327  368 1155  2994
1964  655  958  396  138    4    0    0    0    0    0 1086  818  4055
1965 1693  469  334  225    0    0    0    0    1  518  319  366  3925
1966  408  500  470    0    0    0    0    0    0  158  101 1831  3468
1967 1376  473  868   22  107    0    0    0    0  160  556  567  4129
1968  833  270  152  303    8    0    0    0    2  360  297 1015  3240
1969 1256  195  838   63    8    0    0    0    3  276  289  255  3183
1970  810  207  649  147    7    0    0    0   12   98  286  604  2820
1971  665  620  277 1015    4    9    0    0    0   21  468 1228  4307
1972  543  958  625  180   13    0    0    0    0    7  489  650  3465
1973  866  155  616   84   84    0    0    0    0   46  606  294  2751
1974 3009  695  386  329    0    0    0   13    0   10  424 1234  6100
1975  447 1152  277   78    0    0    0    0    2   19  298  721  2994
1976  425  875  410  151   13    0    0    0    0   78  507  574  3033
1977 1051  342  715  454   13    0    0    0    0  533    7 1376  4491
1978  457 3471  411  107    0    1    0    0    0  296  244  848  5835
1979  571  211  485   40   14    4    0    0    1  236  778 1647  3987
1980  673 1031  645   44    1    0    0    0    0  758   49 1162  4363
1981 1421  501  276  235    5    0    0    0    0    0  708   82  3228
1982  934 1007  678   53   14    0    0    0   72  121  773  722  4374
1983 1241  983  647  287   23    0    0    0    0   68  400 1547  5196
1984  742  240  598 1459    0    0    0    0    0  126  222 2103  5490
1985  425 1189  660  155    5    0    0    0    0  122   71  478  3105
1986  561  695  154  218  179    0    0    0    4  248 1664  696  4419
1987  608  206  298   15    1    0    0    0    0  308   43 1185  2664
1988  686 1211  299   46    1    0    0    0    1   85  449 1188  3966
1989  565  323  510    1    1    0    0    0    1  177  633  425  2636
1990 1015  590  386  221    8    0    0    0    1   32  130   91  2474
1991 1237  480  861  107   15    0    0    0    2   36  918 2334  5990
1992 1414 1928  255   24   41   37    4    0    2   10  598 2311  6624
1993  925  702  182   16   57    4    0    0    2  140  148  391  2567
1994 1069  685  836   97    6    0    0    0   10  196 1944 1102  5945
1995  241  534  203  146   10    0    0    0    2   19  405  353  1913
1996  992  368  836  230    1    0    0    0    1  160  128  419  3135
1997  873  906  888   31    3    0    0    0   18  144  455  689  4007
1998  700  356  810   13   32    0    0    0    2    4   30  241  2188