1900  -10  -10  -10  -10  -10  -10  -10  -10  -10  -10  -10  -10   -10
1901  -10  -10  -10  -10  -10  -10  -10  -10  -10  -10  -10  -10   -10
1902  -10  -10  -10  -10  -10  -10  -10  -10  -10  -10  -10  -10   -10
1903  -10  -10  -10  -10  -10  -10  -10  -10  -10  -10  -10  -10   -10
1904  -10  -10  -10  -10  -10  -10  -10  -10  -10  -10  -10  -10   -10
1905 4568 4746 5459 7754 5159 4632 3482  -10 2399 6127 2822 2436   -10
1906 5303  836 1617 1484  321  982  336  262  297  223 1717 2130 15508
1907 1447  607 1076 1569  193  -10 1244  538  222 2480 2371 1539   -10
1908  -10  -10  -10  -10  -10 2733 1048  -10  -10  -10  147 1053   -10
1909  502  456  -10  -10  -10  -10  -10  -10  -10  -10  -10  -10   -10
1910  -10  -10  -10  -10  -10  -10  -10  -10  -10  -10  -10  -10   -10
1911  -10  -10  -10  -10  -10  -10  -10  -10  -10  -10  -10  -10   -10
1912  -10  -10  -10  -10  -10  -10  -10  -10  -10  -10  -10  -10   -10
1913  -10  -10  -10  -10  -10  -10  -10  -10  -10  -10  -10  -10   -10
1914  -10  -10  -10  -10  -10  -10  -10  -10  -10  -10  -10  -10   -10
1915  -10  -10  -10  -10  -10  -10  -10  -10  -10  -10  -10  -10   -10
1916  -10  -10  -10  -10  -10  -10  -10  -10  -10  -10  -10  -10   -10
1917  -10  -10  -10  -10  -10  -10  -10  -10  -10  -10  -10  -10   -10
1918  -10  -10  -10  -10  -10  -10  -10  -10  -10  -10  -10  -10   -10
1919  -10  -10  -10  -10  -10  -10  -10  -10  -10  -10  -10  -10   -10
1920  -10  -10  -10  -10  -10  -10  -10  -10  -10  -10  -10  -10   -10
1921  -10  -10  -10  -10  -10  -10  -10  -10  -10  -10  -10  -10   -10
1922  -10  -10  -10  -10  -10  -10  -10  -10  -10  -10  -10  -10   -10
1923  -10  -10  -10  -10  -10  -10  -10  -10  -10  -10  -10  -10   -10
1924  -10  -10  -10  -10  -10  -10  -10  -10  -10  -10  -10  -10   -10
1925  -10  -10  -10  -10  -10  -10  -10  -10  -10  -10  -10  -10   -10
1926  -10  -10  -10  -10  -10  -10  -10  -10  -10  -10  -10  -10   -10
1927  -10  -10  -10  -10  -10  -10 1540 1338 1456 1017 2176 2899   -10
1928 3894 2305 1317 1674 1367 1297 2319 1155  867  779 1123 1115 19212
1929 2680 3449 1855  922 1470 2277 1745 2618 1487  767 3134 3461 25865
1930 3451 3278 3365 1578 1090 2234  -10  -10  -10  -10  -10  -10   -10
1931  -10  -10  -10  -10  -10  -10 1175 1018  344 1222 1207  466   -10
1932 1492 1722 3250 4902 2582 1920 1941  711  668  309  514  552 20563
1933 2430 1764 2085 3246 2555 1876 1813  982  626  491  380  577 18825
1934  862 1993 1469  702 2279 2858 1309 1497  878  304 1963 1947 18061
1935 2284 2636  846 1546 1290 2026 1427  697 1814  597 1689 2152 19004
1936 3875 1933 2754 2742 3538 2209 2451 1710  801 1563 2814 2191 28581
1937 2306  743 1576 1788 1453  890 1719 1029  439  302 1287  684 14216
1938 1426  995  415  994  452  799  771  655  247  174 1831 3207 11966
1939 1919 3314 5552 4146 1983 2989 1685 1684  780  717 2409 3191 30369
1940 2519 3651 5079 4148 2965 4520 3787 4635 3529 2922 3726 3948 45429
1941 2294 2849 2196 4348 2425 4407 4365 2105 2655 1598 2237 1362 32841
1942 2876 2689 1142 1112 2899 2397 2226 2324 1327 1341 1356 3055 24744
1943 3225 1796 2708 2427 1025 3061 1166  705  405  922 1199 4204 22843
1944 4085 2518 3055 2454 1793 1919 3908 1894 1853 1721 1916 2250 29366
1945 2979 1807 3293 3625 3110 1333 1271 1097  769  496 1565 1736 23081
1946 2921 1304 3452 4815 1968 2992 2454 2027 1003 1336 3214 2947 30433
1947 6238 1265 2490 2463 3352 1958 1237 1150  758 1123 1650 2190 25874
1948 4245 2162 4764 2980 3224 2508 2583 1463  700  533 1429 3096 29687
1949 4850 1888 4336 4239 1631 1853 3528  588  672  507  600  894 25586
1950  245  506  477  683  442  444  961  922  868 1116  529  871  8064
1951 1635 1573 2362 1932 3266 3052 3197 2403 2232 2241 2085 4381 30359
1952 6561 2520 2943 1840 1623 2475 1128 1760  735  644 2438 3371 28038
1953 3038 4915 3015 4698 2714 1857 1502 3919 2963 1418 1428 3511 34978
1954 4177 2559 3070 2059 1758 1616 1191 1104  447  561  781 1068 20391
1955 1223  294  399 1695 1043 1095 1004  882 1255  302  723  431 10346
1956 1082 1161  911 2179 2067 1577 2351  942  999 1204  813 1531 16817
1957 1739 1314 3523 3169 3911 3530 3140 1552 2107 2794 4391 3231 34401
1958 1559 3185 5018 5209 3049 2760 4037 2407  695  704 2091 2172 32886
1959 2447 5459 4427 2652 3953 1708 2212 1516  546 1629 1109 2491 30149
1960 4447 3127 2644 2173 1648 1524 1461  833  756  586  955 2413 22567
1961 2930 3863  917 3085 2339 1812 1846 2387  719  856  948 1169 22871
1962 2249  708 2444 2207 1539 1268 2992 1973 1944  400  732 1981 20437
1963 2441  632 1340  861  798 1711 2238 2155 3002 2867 4263 3896 26204
1964 3449 5038 3234 1199  307 1033  799 1010  649  102  809  546 18175
1965 2071 5317 2843 2543 1552 2047 3654 2085 2846 3655 2015 3675 34303
1966 4273 3223 5376 3746 1952 1305 3385  615 1346 1458 1245 1769 29693
1967 2795 1820 1636 2515  954 1830 1313 1105 1299  997  635 2281 19180
1968 2661 2219  563  277  264  424 1521  800 1963  823 2220 2533 16268
1969 3331 4323 4023 4570 2941 3111 3527 1626 1237  926  734 3657 34006
1970 3518 4113 2806 3296 1724 1969  985  962  314   77   74  436 20274
1971  615 1083 1125 1050 1779 1367 2077  754  508  695  599 2559 14211
1972 2163 1490 1634  886 2932 2758 3275 3471 2451 2218 1391 5328 29997
1973 3708 4255 2343 2293 1717  713  282  279   88  418   82  883 17061
1974   98 1076  785  985 1787 1352 2735  790  933  541  760 2162 14004
1975 2135 2851 2657 2644 1319 2360 1709  360  534   83  402  888 17942
1976 1157  510 3679 2508 3186 3628 3384 3208 2038 1772 1907 4180 31157
1977 5298 2871 3786 2509 1612 1259 2646 1462 2352 3044 4433 2367 33639
1978 4163 2604 4669 2902 2076  947  940 1209  669  390 1617 2419 24605
1979 2422 3234 5732 1780 2141 2587 1186 2157 1254 1923 2020 2823 29259
1980 5071 1848 5877 3045 2231 2085 2167 2722 1107 1703 1960 3124 32940
1981 2550 2574 2182 4354 2959 2249  892  679  728  497 1580 3323 24567
1982 1274 1661 1310 1718 1929 1808 3692 3008 1617 1977 2421 1696 24111
1983  282  846  428  916 3989 3967 3090 2089  683  980 1520 1407 20197
1984 1887 1043 1020 1363 1617 1699 1207 1387  704  931 1152 1040 15050
1985  585 1297  976  732  801 1643 1257  820  873  546  988 2072 12590
1986 3051 1383  706 1671  674 1169 2167 1346 2894 2298 3302 5224 25885
1987 3411 3947 4076 4474 3178 3529 4596 3128 2121 1965 2834 3008 40267
1988 4375 4241 4535 1668 3451 1273  662  414  241  462  105  646 22073
1989  781  872  826 1255 2246  456  873  753  969  866 2696 2108 14701
1990 5161 2146 5007 4891 2062 1957 2014 2922 2620  439 3262 4186 36667
1991 4210 2658 3759 2087 2737 4017 2808 4546 3243 1015 4432 3201 38713
1992 2212 2144 3176 5473 3507 1370 1635 1355  923  904 1576 4630 28905
1993 3124 3356 4054 3831  -10 1502 3826  -10  -10 1876 1219  -10   -10
1994 2598 1542 1774 2343 1292 2062 1881 1156 1365  -10  -10 2688   -10
1995 3353 1188  -10 2648  370 2274  853 1853 1576  615 1109 1460   -10
1996 1282 2705 1477 1961 2820 1231  -10  334  -10  -10  -10  -10   -10
1997  -10  -10  -10  -10  -10  -10  -10  -10  -10  -10  -10  -10   -10
1998  -10  -10  -10  -10  -10  -10  -10  -10  -10  -10  -10  -10   -10