1900   64  289   17    6   11    0    0    0    2   23   24  176   612
1901  186   23   10    8   79    0    0    0    2  111   34   86   539
1902   90   65   53   37    5    0    0    0    2   26   57   69   404
1903   77   70  126    9    7    0    0    0    2   15   32   65   403
1904   99  137   33  113   31    0    0    0    2   32   46  138   631
1905   78   50  139   56   19    0    0    0    2   32   20  109   505
1906   71   59   75   43  100    0    0    0    1  163   37   40   589
1907  218   84  140   18    4    0    0    0    2   53   59   44   622
1908  151   86  260  175   11    0    0    0    2   11   48   77   821
1909   66   32   17  175   17    0    0    0    4   56   29   39   435
1910   76   11  186   23   29    0    0    0    2   24   42   36   429
1911   95  136   72   59   11    0    0    0    2   32   62   73   542
1912   68  128   24   10   48    0    0    0    1   54   29   77   439
1913   33  119   52   18   93    0    0    0    2   34   64   81   496
1914   27   31   24  123   20    0    0    0    1   14   65   79   384
1915   49   23   83   22    7    0    0    0    2   11   28   36   261
1916  151   95  283   29    5    0    0    0    2   11   38   57   671
1917  191  155   58    6    5    0    0    0    2   18   33   69   537
1918   68   89  226   53   46    0    0    0    3  190   53   65   793
1919  223   44   47   21   38    0    0    0    1   13   37   76   500
1920   73  265  189   14   25    0    0    0    2   13   39  114   734
1921  114   69  177   11   70    0    0    0    2   13   22  250   728
1922   88   59   96    8   21    0    0    0    3    9   29   75   388
1923   36   60   33   24   90    0    0    0    2  190   29   67   531
1924  108   78  183    4    9    0    0    0    1   37   73   65   558
1925   78   14   42   46    6    0    0    0    2   38   61   42   329
1926   78   50  158   37   11    0    0    0    1   11   19   58   423
1927   34  120   15   37    5    0    0    0    1   25   72   35   344
1928  123  100   16    4    3    0    0    0    1   10   40   43   340
1929   76   78   17   87   18    0    0    0    1   11   73  360   721
1930   86   54   58   34   12    0    0    0    3   13   33  296   589
1931   49  171   25   22    3    0    0    0    2   50   21   43   386
1932   81   56    7    9    4    0    0    0    8   24   49   18   256
1933   50   44   24   17    7    0    0    0    3   12   18   30   205
1934   89   64    5   22  100    0    0    0    1   13  163   55   512
1935   46   93   14   20    5    0    0    0    9   38   38   19   282
1936   24   46   14   10   37    0    0    0    1   12   88   91   323
1937   79   45    5   71   12    0    0    0   10  190   42   67   521
1938  360   71   47    8   38    0    0    0    2   13   91   96   726
1939   24   88  109   13    2    0    0    0    1   16   62   25   340
1940   75   23   56   95    2    0    0    0    2   44   41   46   384
1941   30   66  117   20    1    0    0    0    2   13   13   93   355
1942   51  139  112    4    7    0    0    0    1  144   27   22   507
1943   72  110  146   38   36    0    0    0   10   58    8  255   733
1944   79   20   21   16  100    0    0    0    1    9  168  360   774
1945  204   75   50    7  100    0    0    0    1   37   45   48   567
1946   15  239   40    5  100    0    0    0    2   45    9   25   480
1947   76   12   62    8   11    0    0    0    1    9   65   40   284
1948   50  101  134  175   10    0    0    0    2    8   52   72   604
1949   69   83   78   60   88    0    0    0    3    6   65  126   578
1950  105   61   27   29   64    0    0    0    1   27   18   21   353
1951   37   42   24   13    2    0    0    0    4   17   19  150   308
1952   37  131   37    6    4    0    0    0    1   63   15   29   323
1953   70   82  133   72    7    0    0    0    1    4   73   85   527
1954   34  201   56   73    2    0    0    0    1   18   62  239   686
1955   18   15   32   15   12    0    0    0    1   12   68  127   300
1956   54   34   52   11   12    0    0    0    1    5   10   67   246
1957   67   69   77   18   75    0    0    0    4   44   53   46   453
1958   72    8    8    7    8    0    0    0    2   11    7   25   148
1959   46   62   36   12   16    0    0    0    9   12   11   72   276
1960    0    0    0    0    0    0    0    0    0   86   56    3   145
1961   22   26    0   30   14    0    0    0    0   85   25  216   418
1962   87    0    0   81    0    0    0    0    0    0    0   22   190
1963    5   94   13  158    2    0    0    0    0    2   20  115   409
1964  113   46    0   72    0    0    0    0    0    0    0   44   275
1965  337    6   76   37    0    0    0    0    0  299    9    2   766
1966   76   55  124    0    9    0    0    0    0   41  109   19   433
1967   33   43   93    0  254    0    0    0    0  132  524    5  1084
1968   25   61    0   32   43    0    0    0    0    0  138   12   311
1969   98    0  150   11   22    0    0    0    0  141   17    0   439
1970  107   16   29    0    0    0    0    0    0    0   21   44   217
1971  140    0   20  200   10    0    0    0    0    0    0  180   550
1972   20  120   90   90    0    0    0    0    0    0  140   10   470
1973   30    0    0    0    0    0    0    0    0    0   10   10    50
1974  220  140  130   20    0    0    0    0    0    0   70   80   660
1975   20  460    0   40    0    0    0    0    0    0    0   70   590
1976    0   10  110    0   20    0    0    0    0   10    0    0   150
1977   80   10    0  130    0    0    0    0    0    0    0   70   290
1978   10   10   60    0    0    0    0    0    0   30    0   80   190
1979   40  130   10    0   80    0    0    0   20   10   10  110   410
1980   20  280  100    0    0    0    0    0    0    0    0  410   810
1981   10    0    0   30    0    0    0    0    0   10   10    0    60
1982   50   38   40    0   80    0    0    0   50  180   60   60   558
1983   80   90  100    0    0    0    0    0    0    0    0    0   270
1984   30    0   90    0    0    0    0    0    0    0   10   29   159
1985    0   30   90   20   50    0    0    0    0   60    0  300   550
1986   10   90   50   80   10    0    0    0    0    0  100   20   360
1987    0   10  160    0   30    0    0    0    0   40    0   80   320
1988  310  220  410   22    0    0    0    0    0    0    0  210  1172
1989   80  190   40    0    0    0    0    0    0    0   25   18   353
1990   70   20   70   80    0    0    0    0    0   80    0    0   320
1991  190   10  280    0    0    0    0    0    0   10    0   70   560
1992  150   90   20    0   90    0    0    0    0    0    0   30   380
1993   50    0   30    0   30    0    0    0    0  370   20  185   685
1994  280   90  110    0    0    0    0    0    0  280  150   40   950
1995    0   40  100   70   10    0    0    0    0   10   10  120   360
1996  210   30   30    0    0    0  380    0    0    0   38    0   688
1997  170    0   10    0    7    0    0    0    0  530  300   23  1040
1998   30   32   50   40   58    0    0    0    0    0    0    0   210