1900  -10  -10  -10  -10  -10  -10  -10  -10  -10  -10  -10  -10   -10
1901  -10  -10  -10  -10  -10  -10  -10  -10  -10  -10  -10  -10   -10
1902  -10  -10  -10  -10  -10  -10  -10  -10  -10  -10  -10  -10   -10
1903  -10  -10  -10  -10  -10  -10  -10  -10  -10  -10  -10  -10   -10
1904  -10  -10  -10  -10  -10  -10  -10  -10  -10  -10  -10  -10   -10
1905    0  260  149  292 1256 3944 9398 7427 4651 3965 1410   24 32776
1906    0  260   70 1216 2802 5177 8208 7025 7839 2544 1244 1961 38346
1907    0    0   69  239 4740 4473 7529 8618 6751 3175 2987  315 38896
1908    0    0  124  249 2858 4493 8722 9309 7554 2131  843    0 36283
1909   41    8  828  808 2634 5344 7313 9896 4064 3205 1448  218 35807
1910    0  122   71  130 2329 19351098310305 5029 2250  582  157 33893
1911    3   18    5  168 1016 3942 6617 9164 8392 3614 1524  231 34694
1912    0  160    0  488 1643 5446 8562 8717 4592 1958 1326  145 33037
1913    5    0    0   33 1636 3807 8087 9200 6187 1621  818  224 31618
1914    0    0    0    5 1783 3449 6863 4295 4686 2563 2014  366 26024
1915    0    0  130 1768 2306 2624 8308 8250 6297 1664 1011    3 32361
1916    3   13  569  503  820 469414130 7023 6835 2235  668  406 37899
1917    0  178   25  279 1905 3249 6289 9754 7803 2009 1232  503 33226
1918  396    0  213 1405 2718 4270 7742 3312 3096 2243  307  328 26030
1919    3    0 1471 1130 3043 3645 6739 5786 5286 1651 1146   69 29969
1920    0    0    0   79 1440 353310168 2926 6434 1953  572   36 27141
1921    0    0   28  368 1577 3889 567912334 5931 1349 2375  549 34079
1922    0    0    0 1130  970 4028 9571 8329 9749 3094 1808  409 39088
1923    0    8  157 1306 2073 3366 8829 5542 6276 2997 1219   48 31821
1924   18  142  236  691 1910 6736 7455 9246 8273 1910 1400    0 38017
1925    0    0   38  701 1443 4158 7803 8733 5812 5014 1880   38 35620
1926    0    0   30 1278 1783 5474 5481 8654 6439 2096 1509  107 32851
1927    0    0   56 1753 2418 5197 8677 5593 6223 3208 1138   58 34321
1928  523    0  427  673 1930 2819 8420 9525 7729 4168  919  594 37727
1929    0    0  135  160 2144 688311458 7366 6916 2715 1605   25 39407
1930    0   38  234  145 2512 2570 7475 5865 7188 2342  681   25 29075
1931  411    8  462  493 2593 335310325 8547 6927 2611 1283  396 37409
1932  267  950  328 2212 1935 5222 8125 4079 6055 2090 1694  645 33602
1933    0  145   53  945  927 7623 8067 9512 3970 1976 3332  312 36862
1934    0   18   15  531  671 45591355912098 8090 3218 1105   69 43933
1935  203    0    0  208 2751 83461046513373 8733 4181 1956  343 50559
1936    0    5  262 1730 4539 4643 6358 6972 6713 2563 2771  122 36678
1937    0    3 1527  554 2055 27081152710102 6370 1930  749  544 38069
1938    0    0   23  196 2433 3386 7343 8410 6320 3259 1295    5 32670
1939  310   56    5  404 2271 3543 6548 6528 6314 4572  828  234 31613
1940    0    0    0  384 1138 2814 7419 9797 3840 3147 1628  942 31109
1941  450    0    0   28  775 6002 890011260 4638 1834 1669  384 35940
1942    8    0    3  490 1521 232210592 9131 4811 2837 1303  683 33701
1943    3   61    5  475 2245 2842 961410218 8258 1854 1354  889 37818
1944    0    0   28 1214  889 2614 8367 7831 7252 2835 1697  137 32864
1945    0   28  396 1090  691 29821257811049 7325 1976 1687   23 39825
1946    0    0   51  178 1537 215910693 6970 5474 4392 1306  937 33697
1947    0   25  889  792 1074 3381 906311138 7623 3653  191  643 38472
1948    0    0   71  589 1956 4925 857010206 5933 1689  998   15 34952
1949    0    0    3  879 2250 2850 8811 8885 3594 2489 1194  363 31318
1950    0    0  104  528 1956 1280 8354 458510048 3289 2235   10 32389
1951  680   40   30  330 1460 4370 6030 8460 5930 6380 1660   90 35460
1952    0  190   10   30 3750 2870 594011380 5360 2760 2020  140 34450
1953  100   50   10  830 3420 5680 7030 7230 4670 2840  780 1430 34070
1954   10  130  380 1070 2450 3650 854011800 3440 2890 2600  160 37120
1955    0   10 1270 1700 1830 3500 7460 8370 5270 3190 1300 1870 35770
1956    0   20  400 1180 2500 2870 7220 5410 4430 2980  700  730 28440
1957    0    0    0  360 1720 3900 9980 6910 5530 3130 1330  270 33130
1958   20   40  950  750 1830 4530 4700 4280 7230 2340 3070  490 30230
1959  690   10  180    0 2860 4440 7900 8490 4900 1770 2630    0 33870
1960  220  300    0  240  820 3060 8220 7650 6080 1860  990  200 29640
1961    0    0    0 1700 1300 430012000 8000 4200 1700 1200    0 34400
1962    0    0    0  700 2500 4200 3700 8000 4600 2600 2100    0 28400
1963  200    0    0  400 1800 3600 700011000 5200 3100 1100    0 33400
1964    0    0    0  100 1100 2300 7010 8820 6290 2280 1100 1100 30100
1965  180    0    0  600 2400 4380 7000 7630 6000 1910 1250    0 31350
1966    0    0  360    0 2160 3270 2980 8560 8000 3370 1630  690 31020
1967    0    0    0   20 1420 3210 680010710 6800 3470 1530   10 33970
1968    0  260    0  250 2040 4680 8310 5870 4170 2680 1930  740 30930
1969    0    0  900  490 3280 4330 6240 6730 6370 2470 1200   60 32070
1970    0    0  130  290 2340 4140 8600 5940 5560 3170 1440  350 31960
1971    0   10    0  890 1270 2810 6620 6760 4580 3510 1580  450 28480
1972    0    0   90    0 1550 4170 4640 7140 3930 4240  450   50 26260
1973    0    0    0  880 1460 2500 4640 5450 5000 3500 1200    0 24630
1974    0    0   30  500  950 1950 7600 7150 4350 1350  650  100 24630
1975    0    0    0    0 1300 1950 9650 7600 6500 2900  750    0 30650
1976    0  150  650 1500 1960 4320 3800 4880 5850 3600 1850  500 29060
1977    0    0   10  140 1600 3980 762010690 6250 2080  100   20 32490
1978  110    0  240  770 2120 3570 7230 7310 7370 3750  990   40 33500
1979  120    0   10   10 2330 3340 714011610 4940 2590 1380   40 33510
1980   70  310    0  790 2700 3800 8020 7670 3740 1770 1730  320 30920
1981    0  210  140 1090 2840 311010860 5140 4020 3110  750  260 31530
1982    0    0    0  740 1960 4980 650010410 3370 3080  990    0 32030
1983    0  130   70   80 1600 4700 5260 7600 3140 2890  840  360 26670
1984    0    0  350  670 2660 4120 4630 4310 3360 1650 1200    0 22950
1985    0  240   50    0 1530 3090 5470 6140 3040 3290 1370   30 24250
1986    0    0   30  150 2200 2200 5460 6870 4470 2720  490    0 24590
1987    0    0  130  790 1450 3800 4930 8680 4650 1700  120    0 26250
1988    0   70   10  440 1320 2800 790010190 7320 2060  610   10 32730
1989    0    0    0   10 1840 3050 4950 9560 3150 2480  800   30 25870
1990    0    0    0   30 1150 2830 5600 7610 4020 3020  570  980 25810
1991    0    0   10   80  810 1980 7178 8590 3600 2960  570  282 26060
1992  142    0    0   40 1160 4160 6950 6290 4507 2180 1610    0 27039
1993    0    0  390  940 1710 3720 7440 7800 3670 2860 1025    0 29555
1994    0   60  205  420  770 282012420 7219 6227 3760 1290    1 35192
1995   35    0  785  340 1344 2410  670 7732 4287 2380  540  170 20693
1996   27   50  290  690 1690 4010 6220 5530 6350 2790    0  260 27907
1997  100  -10    0    0  -10  -10  -10  -10  -10  -10  -10  -10   -10
1998  -10  -10  -10  -10  -10  -10  -10  -10  -10  -10    0  -10   -10