1900  300 1090  940  650   50    0  180    0  910  490   20    0  4630
1901 1570 2240  790  590  300   20   30    0    0  150 4790  880 11360
1902  560 2320  330  950   70  140   90  310   60  250 1200 1000  7280
1903 1450  430  300   10  320  210    0    0  280  440  760  770  4970
1904  270  650 1000   40   40    0   80   30  120 1560 2320 1180  7290
1905  130  100   30  200   90  620    0    0  310 3890  570 1400  7340
1906  380  100 1480  480  290   10   10    0  310 1030  470  290  4850
1907  520  670  100  160  270    0   20  270  190  400  630  740  3970
1908 1720  220   20  440  150  380   40    0  310  970 1350  200  5800
1909  410  450 1250  140  390   50    0    0  250   70 2440 1210  6660
1910  230  150  390  410  120  260  140  220  450  930 1450  490  5240
1911  160  610  320 1220    0   10    0    0  280 1180  760  720  5260
1912 1280 1950   90  220   30    0  240   10  830  860    0 1250  6760
1913  240 1050  260  970   30    0    0   70  930 2810  450  290  7100
1914  560  370  180  210   90   90   20   30  500 1360 3330  300  7040
1915  660  140 2060   40  460   70   10   30   40  550 2260  800  7120
1916  280  360 1170  100 1250    0   10    0    0  240  160 3150  6720
1917 1960 1740  790 2470  390   50    0    0   10  120    0  960  8490
1918 1490  100  200  470  420   60    0   10   70  370  620  360  4170
1919   90 1190  200  680    0    0   10    0 1110 2520 2360  270  8430
1920  470 4440 2060  360  300    0    0    0  310 1310  610  460 10320
1921    0 1240 2690  550    0   40    0    0  140 1380 1170  280  7490
1922 1410  640   30   30   70    0    0    0    0 1390 1330 2040  6940
1923  110  350 1170  360  250   60   20    0   70   90  820    0  3300
1924  260 3200 2510  150  170    0    0    0  110  120 2550  160  9230
1925 1080  580 2220    0    0    0    0    0    0  360 1290 1570  7100
1926 1160  370  910  120  440  250    0    0    0 2030   60 1850  7190
1927  160   40    0  180  460    0    0    0   60 1000  750 1620  4270
1928    0  380  490  970  260  350    0   50  740    0    0    0  3240
1929  440   30  250   40    0    0    0    0    0  100  840  300  2000
1930 1110  170  720  410    0    0    0   60   30 1380  720  810  5410
1931  240    0 1700  870  100  130    0   20   30 1460  170 2050  6770
1932   40 1980  920   30  290    0    0    0  920    0  550  260  4990
1933 1070  520  340   20  220    0    0    0  100 1420  180  950  4820
1934  240 1780  150  120   40   40    0    0  300 1500 2480  330  6980
1935  290   50  110   90  110    0    0    0  160  160  490  620  2080
1936 1490 1400 1100  510  530  460   20   30  290  310  960 2170  9270
1937 1530    0   40   20    0  240   10   10  360 2110 1610   80  6010
1938  130 1220  310  900    0    0    0   30  170   90  390  890  4130
1939  770  510  360  230   10    0    0   30 1110 1060  120 2470  6670
1940 1140 1280  250  140  220   30    0   40  100 1060   60  380  4700
1941  750 1330  540  470  250   40    0    0 1070  830 2040  700  8020
1942  560  870 1530  570   30    0    0    0  480 1340 2120  920  8420
1943  520  120 1140  550   10    0   80    0  370  770  400  160  4120
1944  290  770 1050  940  110    0    0   30  110   10  750  190  4250
1945  660    0  170  550  430    0   10    0   20 1470 1930 1630  6870
1946  660   30  680   90  350    0    0  110   30  890  960   10  3810
1947 1440 1730  610    0  320   40   20   20  180   90   50   30  4530
1948  220 1240   60  160  190    0    0    0  520  190  320  760  3660
1949  220  250 1360  430  360    0    0   40  420  180 1120 1800  6180
1950  620  120   70  630  480   20   20    0   10  420  240  310  2940
1951  170  280  370  770   40  380    0    0   30  750  460 1220  4470
1952  290  600 1380  170  200   70    0   30    0  360 2140  150  5390
1953 2290  530  140 1220   90   20    0    0   40 1540  500 2200  8570
1954  560  230  440  800   40    0    0   40   20  340 1060  410  3940
1955  560  940  680   90    0   10   10  240    0 1050 3420  450  7450
1956 1520 3340 1070  840   50    0    0   10   60  240 2320  280  9730
1957 1170  200 1060  130  440   20   50   10   90 1340  730 1320  6560
1958 1160  930  250  180  130   70   10   70   40  170  340 1800  5150
1959 2140  340  970  250  100    0  300    0  220  360  360    0  5040
1960  750 1760 1010  110  190    0   10   10   50  720  620  300  5530
1961  500  300  200  100  300   20    0    0    0  100 1300 1300  4120
1962  300  200 1000  400  100    0    0    0  310 1200  100 1200  4810
1963 3000  780   60  600  190  200    0  160  170   50  670 1530  7410
1964 2010  530  840  110    0  680    0   10  780  370  310  270  5910
1965 1210 2340  490   50    0  540    0   70  130 1920  830   80  7660
1966  420  830  940  200   70  500    0    0  120 2340 1300  510  7230
1967  100  280   10  260  570    0    0    0  220  400 3060 1000  5900
1968   60 1470 1290  530  140   20    0    0   20  800 1240  830  6400
1969 2480 4380 1480   60  100  100    0    0   20 1000  270  130 10020
1970 2440  830 1270  340   80   20    0   30    0  260 1600 1680  8550
1971  660  770  740  520   40   40    0    0   90  140  490  190  3680
1972 1680  880  580  120  120    0   20  170 1920 1950 1100 1010  9550
1973 1320  310  600  820  500   20   10    0  100  720 2090  130  6620
1974  140  550 1160  740  750   10    0    0   30  200  130  890  4600
1975  640 1360  300  940   80  210   10   40   60  280  600 1740  6260
1976  490  550  270  320  250    0  120  140  160   20  710 2400  5430
1977  680  520   80  170   10  210    0   10   50  540  850 2780  5900
1978 1560 1750  120  250   90   10    0   40  200  980  940 1210  7150
1979 5250  620  380  120   30  241  320    0   50  990   76  119  8196
1980  870  230  980  650  220  377   10    0  530  830 1300  100  6097
1981  150 1551   58  277  177    0    0   30  225  820  720  300  4308
1982  374  706 2473 1049  157    0  130   23    0  534   64  242  5752
1983   97  365  768   77    0  223    0   23    0   76 1754  276  3659
1984  495    0  703  156  212  560    0   23  913   12  955 1714  5743
1985  860  502   14  924   47    0   18   23   12   27 1788  178  4393
1986 1440  865  369  396   91    0   49   23  245  118   30  801  4427
1987 2210  500  930  370  140  920    0    0  310 1400 1230 1820  9830
1988  240  470  546   70  300    0   18   20    0  800 2090  670  5224
1989  430  370  160  120  120   70   10  510 1370 2470 1220 1950  8800
1990  220    0  210  420  130  670   40   30 1670  290 1440 2550  7670
1991 2340  940  840  350    0    0    0   40  110 1120  600 1240  7580
1992  540  760   30   50   60  110    0   20 6510 1210   30  780 10100
1993  260  220  840    0  140    0    0    0   40 2270  480  380  4630
1994  470  430    0   80 1080    0    0   40   10 1230  340  680  4360
1995  -10  240  620  130    0  260   70    0   20  400 1410 2140   -10
1996 2490  480 1880  320  890    0    0   48  865  -10  140 1980   -10
1997 1440  420  400  480  370   60   30  150  340 1030  610 1160  6490
1998 1270 1390  280   20  390   70    0    0   20  240  790  210  4680