1900 4105 2059 1205 2020 2544 2858 2956 3150 3390 3080 3419 4416 35202
1901 2725 2208 2683 2109 1867 2881 2441 3497 1725 2958 3976 3652 32722
1902 3736 2718 2197 1813 1562 1246  704 1870 1692 1263 1508 2819 23128
1903 2734 1723 1965 1918 2024 2396 2072 3322 2758 3743 2587 3485 30727
1904 4508 1596 1509 1724 1650 1612 2058 2342 2516 3777 4381 3335 31008
1905 2055  698  384  845 2549 1683 1909 1130 1242 2692 3387 1286 19860
1906 1328  607  900  847 1927 2283 1749 2745 1762 2241 1461 4070 21920
1907 3223 3114 2772 1271 2220 1639 1862 1464 3440 2844 3806 3515 31170
1908 2037 2286 1696 1793 2244 3064 1952 1291 3074 3343 3117 3002 28899
1909 3657 1242 1102 1978 2848 2807 2632 2635 3169 4274 2658 2239 31241
1910 3722 2573 1390 1548 2633 3798 2240 2298 2919 2472 1954 2635 30182
1911 2809 2015 1188 1574 1165 1541 1540 2015 3100 2206 3256 4594 27003
1912 1335  982  776 1873 1673 2200 1273 1900 2698 2123 2623 2561 22017
1913 2818 2293 1922 1525 2388 2345 1925 2679 2307 3628 2644 3954 30428
1914 2539  471 1082  858 1376 1943 1218 1072 1251 1914 2041 1671 17436
1915 2708  473  965 1286 1455 1971 2087 1884 2813 3798 4556 3497 27493
1916 1968 1351 2915 1735 2501 2645 3272 2711 2082 3630 3438 4242 32490
1917 2847 3396 3177 1077 1776 1849  836 4763 4194 2884 2767 3171 32737
1918 7553 3268  892 2316 1310 3217  907 1857 1386 2387 3910 3096 32099
1919 1346  325  840  686 2198 1897 2743  109 1131 5232 3973 7462 27942
1920 4016  589 1214 2785  705 1615  405 1910 3668 3022 3669 3673 27271
1921 1236 3168 3890  873 2331 2519 3002  916 4070 2511 3680 1279 29475
1922 3290  931  516 2361 3064 1046 2012 2964 1505 4043 2361 3080 27173
1923 4144 1802 1201 1981 1999 2773 1932 1699 1960 2470 3807 3765 29533
1924 2602 1834 2186 1662 3437 2977 1842 2864 3001 2681 4337 3913 33336
1925 3444 4561 1397 2455 2447 1532 1094  879 2914 3571 4038 4079 32411
1926 3141  339  693 1355 2474 2067 2716 1398 2780 3486 3031 2676 26156
1927 2600  759 2421 2025 2537 2938 2287 2793 2941 3015 2552 3430 30298
1928 3929 1357 2074 1647 1511 1119 2590 1277 1941 4490 3666 2707 28308
1929  888 2202 2414 4720 2964 2146 1657 1768 2502 2212 5329 2145 30947
1930 3276  140 1407 1649 1192 3735 1758 1210 1229 3393 5457 2550 26996
1931 3111  908 1643 1788 2708 3207 1639  670 4649 2492 3606 2599 29020
1932 2634  388 2526 2358 2018 1654 5205 1396 2941 4274 5326 4829 35549
1933 2998  976 1231 2831 1777 4933 1354 1791 4169 5233 6929 4667 38889
1934 4730 4815 3068  916 1402 2803 2051 1798 3189 2992 3169 6381 37314
1935 2033 1647 1785 2103 2329 3341 1846 2865 3546 4404 3697 3229 32825
1936 2831  852 2112 2300 4762 2145 2604 1114 4179 3712 2194 3332 32137
1937 8029 1281 1045 4268 1344 2802 3092 1072 3433 5219 5567 4585 41737
1938 3106  183 3157 1535 5409 2783 3362 6330 2603 2935 5854 4501 41758
1939 4877 2915  615 3089 2896 3019  707 2674 2663 3232 4614 9463 40764
1940 2231 2127  961 1225 3653 1859 1363 1711 2096 1568 2260 3023 24077
1941 1230  499 1374 1588 1239 2493 1993 1025 3006 2713 2883 3700 23743
1942 3290  445 1555 2283 1096 5534 1626 2473 2048 3236 3838 3204 30628
1943 3599 2405 3055 1755 1119 1161 1708 3758 1877 5402 3499 4301 33639
1944 3122 1710 1497 1533 2826 2408  986 1348 1888 2714 2487 2580 25099
1945 4597 3333 1810 1083 1201 1508 1603 3247 3552 6036 3636 4189 35795
1946 3989 1883 1099 1153 1632 1837  805 1210 1972 3114 3438 5201 27333
1947  438 1418 1557 1302 2255 2869 3245 4204 3757 4836 2528 1434 29843
1948 1627 3049 1038 1313 1302  403 2185 2485 2560 2907 3653 2650 25172
1949 3458 1350 1770 2265 2212 2926 1807 3166 3997 5128 4060 2784 34923
1950 1651 1471  896 2385 2491 1292 1269 2045 2801 2819 2818 1900 23838
1951 3631 2728 1632 1702 1831 2233 1873 1602 3828 3234 1739 2981 29014
1952 1463 1091 1949  935 2063 1449  981 1663 4165 3837 3109 6007 28712
1953 2226 1958 1001 1125 3102 1905 3133  761 4175 2382 2691 2080 26539
1954 2121 1538 1968 2630 1204 2953 2412 4128 3008 5312 2774 4120 34168
1955 2111 2418 1180 2340 2324 2298 1629 2948 3888 3106 4181 3616 32039
1956 3740 4580 2230  840 1785 3927 2123 2429 4906 4036 4803 2993 38392
1957 4824  799 1072  520 3242 3586 2517 1130 3012 2405 2157 2909 28173
1958 4017  228 1225  205 2016 2781  193 5587 2050 4876 3999 1866 29043
1959  558  551 1469 1018 2589 5863 1576 1608 2789 3670 4482 3803 29976
1960 1699 3125 1322 1217 1779 2318 2496  531 4062 1930 4218 2423 27120
1961 1365 1937  991 1951 1349 3726 2017 1755 1535 2363  719 3159 22867
1962 5126  224 2158 1360 2533 3059  566 2744 3342 3538 5014 4324 33988
196314988 1961 1772  180 2256  897 2507 1183 1314 1319 1692 2474 32543
1964 2362  408  236 2045 1926 1477 5407 2508 2304 2287 5086 2923 28969
1965 6209 2350 3000 2493 1854 1859 1303 1416 1275 2694 3031 3793 31277
1966 1684 1173 3129 3352  538 1822 3000 3407 1517 3224 3717 5731 32294
1967 4289 1784 2592 1643 2531 2345 1995 2011 1760 1733 2829 3846 29358
1968 2226 1153 1505 1646 1498 2950 2594 2437 1731 2855 2064 2514 25173
1969  974  710  469 1843 3641 1498 2064 2851 1827 4701 6820 3593 30991
1970 3182 1171  949 3040 1804 2113 2649 3085 2436 4723 3065 2630 30847
1971 3641 2151  515 1714 1271  680 2482 3582 1664 4405 3072 4932 30109
1972 3827 1702 1622 1258 1017 2433  863  571 3543 1863 2969 1815 23483
1973   98  234 1661 4160 2125 2780 2446 1797 2961 3128 4715 6130 32235
1974 3600 2792 1320  932 2617 2561  890 1608 3655 2779 3092 3648 29494
1975 2513 1311 1479  731 1443 2186 1904 1638 3718 2995 2836 3206 25960
1976 4660 1544  955 1445 1022 1684  560 2855  765 2577 1870 2883 22820
1977 4311 3916 1620 1306  921 1609 2367 1720 1464 3225 3934 3177 29570
1978 1300 1082 2268 1169 3511 2402 1663 1113 2212 2889 3286 2616 25511
1979  508  749 1743 2402  394 4146 1706 1520 3016 4308 4338 1954 26784
1980 3882  331  699 2138 1700 2816 2913 3340 1646 2055 3381 6226 31127
1981 6591 1908 1227 2240 2029 2114 2802  955 3346 3034 3498 2675 32419
1982 4154 1206 1627 2259 2380 1703 1106 1803 1571 2020 1991 2584 24404
1983 2910  227  319 1200 2353 1898 2496 2953 4301 2328 3768 4949 29702
1984 4579 2899 1481 2507 3345 1704 3732 1463 2218 3541 3652 2963 34084
1985 2453 1827 1930 2680 2003  907 2314 1668 2210 2832 4225 3247 28296
1986 3906 3117 1811 1768 1623 2734 2083 2369 3540 3906 3803 2271 32931
1987 1220  810  704 1049 1974 2880 1506 2558 2084 2958 3813 5390 26946
1988 2875 1878 2172 1875 2303 1303 2597 4861 3505 3059 5654 4041 36123
1989 3735 2526 1407 1902 1944 1449 1391 2388 2935 4487 4735 2321 31220
1990 2501  810 1811 2058 1735 2445 1194 1355 2939 2858 3461 2343 25510
1991 1826 1105  331 1485 2309 1848 1043  -10 2931 2401 2555 2617   -10
1992  605  195 1100  913 3380 2500  867 1556 2608 2976 2478 4464 23642
1993  613  254 2110 1451  -10  -10 2636 1486 1885 3368 3714 3861   -10
1994 3449  937 3722  991  -10 1308 1030 3636  666 2163 1532 2137   -10
1995 1539  -10 1291 1082 3524  711 3240  -10 4144 1866 2840 4805   -10
1996 4099 2306  -10 1753 1399 1984  -10 3363  -10 4358  -10 5399   -10
1997  906 3667  765 1348 1459 1801  -10 2294  785 2401 3479 2099   -10
1998  310   28   89 1603 1056 3109 2390 3703 2225 4605 4356 5558 29032