1900 3898 1050 2386  588  103    9    2    4    6  140 2088 3456 13730
1901 1932 2591 3272 1137   38    7    2   17  221  416 1706 3552 14891
1902 2838 1486 3882  961   49    4    1    1   80  313 1552 1434 12601
1903 2259 1165 1710  616  220    2    1    5   33  324 1545 2098  9978
1904 3476 1784 2910  611  202   18    3    1   20  601  640 2525 12791
1905 2207 2314 1812  259  120    2    4    1   46   83 1988 2032 10868
1906 2856 2387 1995  462   55    2    2    1   94  520 1463 1405 11242
1907 1966 2924 1618 1470   72    2    4    8   13  391 1852 2553 12873
1908 2198 2497 1350  644   82    1    1    1    5  240 1763 2724 11506
1909 2602 1920 2472  585  277    2    2    1   56  240  415 1505 10077
1910 2088 2086 3127  654   11    2    1    1    3  325 1104 2186 11588
1911 2275 2526 2007  452  282    2    1    4    8   96 1391 1843 10887
1912 2622 2261 2224  336   61    3    1    1  189  183  658 2194 10733
1913 1996 2035 2970  824  203    4    0    1  233  347 1296 1885 11794
1914 1906 2391 1676 1428   74    2    4    1    2  144 1218 2434 11280
1915 2378 1757 1949 1240   16   11    0    0  175  262 1370 2377 11535
1916 2105 1522 1875  465  502    1    0    2   41  266 1733 2786 11298
1917 1900 1919 2360 1310  102   72    1    2    3  235 1819 2673 12396
1918 2124 1690 2068  578   40   15    3    3   16  180 1642 1673 10032
1919 2155 2326 1590  782   56    3    0    0   27  360 1473 2304 11076
1920 1990 1810 2566  496  114    1    2    0    2  459 1593 2719 11752
1921 2057 2147 2398  631   69    2    1    0  107  456 1640 2763 12271
1922 2000 2203 2795  386  128    4    0    9    5  708 1685 1832 11755
1923 1849 2130 2333 2170   93    0    1    6   17  235 1283 2779 12896
1924 2093 1636 2009  439   30   51    0    3    1  587 1413 1889 10151
1925 1931 2261 2695  764  458   12    2    0  228  595 1818 2408 13172
1926 2200 2090 2637  613   89    3    0    0   28  323 1439 2181 11603
1927 2682 2124 2517  928  187    0    0   47    0  220  736 3066 12507
1928 1598 2514 2479  509   44    0    0    0   79  301  976 2539 11039
1929 2337 1991 1870  673    1    0    3    2   61  527 1247 2474 11186
1930 2757 1868 2333 1594    8    0    0   13  186  419 1369 1915 12462
1931 2689 2104 3313  938   31    0    0    0   82  130 1732 3001 14020
1932 1520 2507 2351 1270  322    0    0   20   38  191 1061 2253 11533
1933 2079 2058 2096  891    5    3    2    0   77  275  862 3206 11554
1934 2335 1845 2347  775   36   27    2    4    1  551 2020 1986 11929
1935 2929 2417 1567  903  179    6    0    5   39  135 1426 2581 12187
1936 2506 2175 2736  950   33    7    3   63   11  268 1195 3035 12982
1937 2644 2349 2506 1591  128    0    1    1   49  376 1472 1755 12872
1938 1874 1692 1842  967   33    1    0    0    1  383 1397 1955 10145
1939 2136 1807 1823  831  235    0    4   12  239  313 1718 1642 10760
1940 2978 2407 2660  613   84    1    0    0   46  644 1412 1640 12485
1941 1554 2274 2845  696   74    0    0    2   27  520 1858 2841 12691
1942 2768 1999 2623  674   62   13    0    9    7  904 1409 2184 12652
1943 2206 1785 2483  914  546    0    0    0    4    1 1102 1824 10865
1944 2254 1720 2678  910  320    4    0    0   27  356 2166 2439 12874
1945 2493 2302 1786  869   93    0    0    0    0  232  888 2754 11417
1946 1723 1647 1932  725  181    0    0    0   96  125 1950 2366 10745
1947 2766 2303 2273 1186   62    0   45    0   73  567 1075 2128 12478
1948 2470 2348 2568  628  326    0    0   29   26  648  813 1226 11082
1949 1490 1947 1763  605  206    0    0    0    0  169  862 2379  9421
1950 2674 1995 2471  624   18    0    0    0   22 1063 1248 1970 12085
1951 2477 2352 2070 1090  102    0    0   19   64  405 2182 2863 13624
1952 1993 2625 2303 1160  181   21    0    0   11  335 1743 1649 12021
1953 1946 1445 2332 1220   43    0    0    0   36  158  864 2675 10719
1954 1820 1834 1696  344   64    0    0    0    8  191 1712 2357 10026
1955 2552 1936 1507  998   38    4    0    0   12  216 1427 2389 11079
1956 3154 2053 2735 1794   94    0    0    5   98   70 1594 2223 13820
1957 2527 2639 2398 1515  360    0    0    0   20  445  401 2602 12907
1958 1912 1758 2603  546    4    0    0    0   69  148 1465 1992 10497
1959 1978 2310 1738  533    6    0    0    0   58  508 1516 2181 10828
1960 2311 2674 3033 1078   24    4    0    0   40  234 1296 1569 12263
1961 2830 2312 2546 1183   99   25    1    0    7  529 2431 4106 16069
1962 2901 2660 2983 1282    8    5    0   69   16  474 1962 2057 14417
1963 2880 1833 2719  922   11    0    2    0  190  483 3038 3107 15185
1964 2569 2287 2050  242    9   12    0    3   56  229 1680 2128 11265
1965 1935 2250 2534  479   24   30    0    0  163  315 1478 3510 12718
1966 2326 1890 2979  532  283   18    0    0  123  354 1251 1976 11732
1967 1616 2124 2569 1610  124   23    3    6  221  588 2115 3180 14179
1968 2524 2364 1954 1104   99   97   12    1   87  350 1127 2589 12308
1969 2311 2277 2003 1083  187    0    0    9   18  884 1486 2053 12311
1970 2822 2636 2062  574   62    4   14    0   98  460 1836 2966 13534
1971 1995 2435 2043 1118   15    3    0    0  138  276 1937 2571 12531
1972 2134 1707 1875  887  177    0    0    3  148  604 1457 2985 11977
1973 2426 1854 1979  938  135    0    0    0  115  257 1529 1886 11119
1974 2468 1515 2418 1307 1140    1    9   62    0  326 1872 2582 13700
1975 2643 1990 2361 1098  194    0    0    0   24  346 1087 2434 12177
1976 2029 2755 2561 1603   69    0    0    4  105  475 1198 1685 12484
1977 2882 1820 1691  993  118    0    0    1  212  344 1759 2552 12372
1978 2319 2074 3215  872    4    0    0    0    0  830 2156 2788 14258
1979 2547 3034 3115 1785  113    0   26    0    0  694 1739 2746 15799
1980 1993 1518 2259 1637   20    0    0    0  188  677 1466 2493 12251
1981 2432 1685 2654  524   59    0    0    2   34  390  718 1606 10104
1982 2064 2062 1932 1063  324    8    0    0   49  793 2720 2848 13863
1983 2531 1728 1772  865  135    6    8   70   21  428  911 2468 10943
1984 2564 2134 1762  327   60    0    0    0    5  294 1804 3030 11980
1985 2013 2157 2003  803  126    0    0    0   30  274 1344 2685 11435
1986 1983 1735 2226  744  104    0    0    1   94  937 1237 2923 11984
1987 1548 2472 2139  719   21    0    0    2   78  405  838 1700  9922
1988 2521 2036 1904  265    0    0    1   13   44  629 1532 1821 10766
1989 2496 2096 2456 1365   44    0    0    1    1  457 1792 2659 13367
1990 2008 2546 1399 1412  294    5    0    1   61  245  644 2118 10733
1991 3053 2008 2718  912  154    0    0    0   29  865 1197 2044 12980
1992 1606 1872 2151  843  403    1    1    0    0  402 1312 1810 10401
1993 2274 1771 2118  797   39    0    3   31   57  205 1821 1109 10225
1994 2043 2376 1988  482    5    0    0    1  135  747  557 1951 10285
1995 2875 2558 1958  235    8    0    0    6  197  439  856 1929 11061
1996 2518 2666 2636  821  371    1    0    0   32  145  838 2316 12344
1997 1821 2095 1922 1321    3    0    1    0  169  552 1607 3416 12907
1998 3146 2252 2068 1034    7    0    0    0   76  286 2415 3453 14737