1900   21   36   15    3   16   21   84   91  160   45   14    0   506
1901   17   10   16   13   13   21   84  181  181   72   13    6   627
1902   19   15   16    4   46    7   55  120   85   95   10    2   474
1903   17    6   15   11    5   18   45  227  103   47   10    3   507
1904   12    2   16    3    5   14   52  170   98   54  154  137   717
1905   11   54   57    3    5   11   86  199  166  253   26   24   895
1906   11   35   12    4   15   10   95  212  143   68   58  229   892
1907   13    9   48    1    6    7   70  137  139   56   35    2   523
1908   22    1   21    1    4    6  101  213  161   40    9  189   768
1909    9   10   53   13   15   11   74  776  178   77   13   15  1244
1910   16    5   87    3    5    6   64  211  176   52    6    7   638
1911    8    3   11    1   39    6   58  154  118   64   16   30   508
1912    8    5    9    1    3    4   41  212  158   60   12    7   520
1913   48    1   13    1    5    7   33  147  105  143    9  229   741
1914   10  112   10    1    3    8   44  144  148   87  139   26   732
1915  119    4   17    5    9   11   83  214  158   57   26    3   706
1916    9   14   17    3    5   12  187  238  150   49   11  213   908
1917   41   18   16    3    3   42   37  223  251   41   30   99   804
1918  108   76   31   12   52   18   70  393  318  255   10   17  1360
1919    9   24   14    7   23   10   76  125  135   61   36    1   521
1920   20   83    9    3    6   18   53  167  200   39    4    0   602
1921    3   39   24    4    4   61   39   95   79   30   21   71   470
1922    6    0    8    1   15    2  127  100  116  103  212  102   792
1923   73    0   15    1    1    2   36  115  141   59    3   24   470
1924  110   46    1    0   11   43   46  105  292   14  181   44   893
1925  108    0   20    0    2    4   70  276  225  105    0    0   810
1926   11    0    5    0    2   29   25  170   63   13    3   82   403
1927    0    1    1   18   69   95   44  334  267   81  218  137  1265
1928    4    1    1    6    1    3   50  182   81   63   21   36   449
1929    1    0    3    0   10   17  139  256  215   43    0    9   693
1930  115   18    2    0   35  136   50  232  210   62   16   94   970
1931    0    0    0    5   15    0   45   11  240    1    0    0   317
1932    0    0    0    0    0    0    0  424    2    0    0    0   426
1933  155    0    0    1    1   45   54   51  101  100  131   31   670
1934    1    0    0    0    0   66    3  248  172    3    2    0   495
1935    0   45    0    0    0    1  173   85   35    0    0    0   339
1936    0    0    0    0  329   28  166   24    2   18    2   62   631
1937    0    0    0    0    0    0   54  574   54  177    3    0   862
1938    0    0  178    0    0    0   93   70  148  113    0    0   602
1939    0    0   30    0    0   70   84  244   21    0    0   18   467
1940    0    0    0    0    0   18    0  369   55    0    0    0   442
1941    3    0    0    0    0    9    0    2   60    0    0   17    91
1942    0    0    0    9    0    3    0   38   28    0  198    0   276
1943    0    0   36    0    0    8  359  178  206    0    0   52   839
1944    9  137    0    0    0    6    0  147  436  441    0    0  1176
1945    0    0    0    0   58    0   79  156  360    8    5    0   666
1946   28    0    0    0    0    0    0   99  140   14   32    1   314
1947   10    0    0    0    0   15    9  381   64    0  181    0   660
1948    0  143    0    0   10    1    0  465   30    2    0    0   651
1949    0    0  121    0    0    7    1   89    0    9  143   31   401
1950    0    0    0    0    0    3   43  517  161    4    2    0   730
1951    0    0   36    0    0    0    2  153  178  956    1    0  1326
1952    0    0    0    0    0    0   22  250  697    0  126    0  1095
1953   97   48   74    0    0    3   19  490  367    6    0    0  1104
1954    0    0    0    0    0    7   47  110   26   18  516   22   746
1955    0    0    0    0   27    2   11  339  273   10    0    0   662
1956   75   12    0    0    0    0    0  163  150    6   20 1090  1516
1957   72   72    0    0    0    0   13  289   59 1014    9   78  1606
1958  216   52    0    0    0    4    9  194   33    0   12    0   520
1959    0   91    0    0    0    0    1  155   18    1   54    0   320
1960    0    9    0    0  119    0   75  114  145    0    0   80   542
1961    9    0    0    0    0    2  109   30  173    0    0    0   323
1962    0    9    0    0    0  185   72  258   12    0    9    0   545
1963  161   18    0    0    0    0    8  151  101   10   18    0   467
1964    0    0    0    0    2    0   64   52  229    0    0    1   348
1965    0    3    0    0    0    5   82   37  472  264  182    0  1045
1966    0    0   11    0   20    0   11  162  184  355    0    1   744
1967    0    0    0    0    2    3   13   61  115    0  205    0   399
1968    0  290    0    0    4    3   49  109  164    3   93    0   715
1969  111    0    0    0    0    2  225  227  160  281    0   51  1057
1970    0    0    0   18    0    0    2  270   14   20   27   54   405
1971    0    0   54    9    0    0    4    9  163    0    5    0   244
1972   23    0  224    0    0    2    0    1   82    0    0   38   370
1973    0    0    0    0    0    2    0  112    0    0    1    0   115
1974    0   22   79    0    0    0   66  403    0   17    0   28   615
1975    0    0    0    0    0    0    0   57  106   14    0  134   311
1976   12    0   34   85    0    0    0  295  159    2    0   24   611
1977    0    0    0    0    0    0   25   26  207    2    0   38   298
1978   34    0    0   12    0    0  183  133   91   24   56   10   543
1979   40    0   78    1  201    0  258  117   92  234    5    0  1026
1980    0  154    0    3    0   10  174   81  263    2   66    0   753
1981    0    0    0    0    0   20   21  299  451    0    0    0   791
1982    0   14   50    0    0    0  190   15   14    0    0    0   283
1983    0    3    0   19    0    5   22   52    3    0    0    0   104
1984    0    0    0    0    0  108    5   31  468    2    2    0   616
1985    0    0    0    0    0   14  271  162  294    0    0    0   741
1986    0    1    1    1    1    0   13  232  349   27    4    2   631
1987    0    1    3    3    1    2   15  105  255   74    8    0   467
1988    2   31    2    1    1   11   31   90  221    5   22    0   417
1989    0   60    4    0    1   14   94  238  112   23   96    0   642
1990    0    0    0    0    0    0   23  239   48   24    0    0   334
1991   14    0    1    0   45    8   65  196   91   30    1    1   452
1992  109   58    3    0    3    1   14   77   84    9   26    6   390
1993   10    1   18    0   42    3   19  245  107   42   22    1   510
1994    1    1   15    1    5    2   44  134  127  142    4   24   500
1995    2    1   73    1   20    3   78  143  209   11   21  258   820
1996    2   25   30    1    5   11   40  194   94   85    0   42   529
1997    0    0    7    0    4   10  -10  225  160   31    0    0   -10
1998   14    0    4    1    4   18   17   98  262    8    0   41   467