1900  -10  -10  -10  -10  -10  -10  -10  -10  -10  -10  -10  -10   -10
1901  -10  -10  -10  -10  -10  -10  -10  -10  -10  -10  -10  -10   -10
1902 6500 4760 2730 4880 1580 1620 3070 1170 2300 3370 1730 2890 36600
1903 1284 1300  959 1169  814  990 1940  803 1243 2614 442811306 28850
1904 7993 5449 1263 1688 2623 3966  676 1006 3297 6197 2280 1680 38118
1905 1253  414  230  398  879  872 2210 2878 5890 3115  890 2326 21355
1906 5252  491 2549  619 1599 2585 2594 2101 5090 3962 3958 2755 33555
1907 6266 2742  930 1152 1013 1689 2873 2990 1769 1361 5026 7536 35347
1908 3034 4361 3455 1312 1417 2595 2375 1454 4275 2387 4145 6465 37275
1909 2643 4627 2071  377  863 1349 4477  403 2304 4527 5661 6489 35791
1910 6365 3709 3488 2183  513 2142 1993 1839 2535 4205 5368 6535 40875
1911 1688 3784 1365 3870 1165 1545 3111 1456 1932  944 1844  717 23421
1912  778 2526  760 1056  320 1006 2559 3157 1600 3326 3324 5745 26157
1913 2263 1826  919 1823 3146  560 3446 1951 1194 4954 3191 3593 28866
1914 2105  426 1194 1410  677 2718 1917  839 2281 1505 2110 1698 18880
1915 1439  454  553  581  623 2838 1862 1781 2610 3647 3463 7869 27720
1916 6067 1683 1039 1211 4779 2163 1734 1462 3182 4532 2685 4749 35286
1917 7886 7368 4597  641  635 1058 2009 1124 3514 4019 4778 5485 43114
1918 3895 2558 2074  742  305 5098 1134 2349  922 1140 2650 3206 26073
1919  654 1342  742  446  803 2585 2592 3582 2660 3823 6342 3479 29050
1920 3170 1937 1139  844  915 1793 1052 2968 2171 3302 4451 4717 28459
1921 6854 6865 6884  811 1074 1776 5034 1563 2843 289710501 4307 51409
1922 3447 1364 2326  883 1418 1487 4842 1317 2186 2369 646910584 38692
192310155 3015 3127 2013 2543 6827 3422 1831 3235 2722 4854 1760 45504
1924 1491 2467 1573 1172 1485 1688 1812 2765 2554 4461 7141 4553 33162
1925 2834 7515 3031 2411 1516 3030 2817 1296 2120 3556 6394 4046 40566
1926 2913 3579  549  405 1307 1118 4051 2417 3752 4547 4466 6597 35701
1927 4112 2123 2944 1636 2213 1503 2467 4034  905 2546 8046 2615 35144
1928 5801 6307  357 2650  847 1591 3355  402 3528 4263 4967 6786 40854
1929 5693 1459 2851 2005 2715  747 4557 3554 5157 3105 3624 3242 38709
1930 2569 1012 2181 1941 3196 3066  806 1006 1958 1991 8111 9161 36998
1931 4132  394 1025 1131  815 1050 1588 3980 3811 3030 2568 5030 28554
1932 3660  905 3118  728 3074 1141 3048 1062 3562 2995 7737 7773 38803
1933 5285 2018  505 1024 2403 2138 3368 2985 1171 5686 555810819 42960
1934 2633 5335 3188 2197 3041 2298 1410 2621 3700 2991 7421 5470 42305
1935 1587 6003  617 2752 1357  867 2050  482 2314 3584 4464 3558 29635
1936 5134 1081 1875 2813 3008 1512 2469 3552 1307 1626 3254 7368 34999
1937 2124 2259 2499 1063 2089 1400 2739 1917 2024 2261 3818 2441 26634
1938 2554 1938 2261 2188 2640 1502 1847 1189 2143 4149 4858 5231 32500
1939 4310 4454 2353 2360 4136  990 1169 2577 1609 1712 2992 5706 34368
1940 3624 1999 1048 2119 1514 1132 2842 4734 2256 1859 3723 4688 31538
1941  -10  -10  -10  -10  -10  -10  -10  -10  -10  -10  -10  -10   -10
1942  -10  -10  -10  -10  -10  -10  -10  -10  -10  -10  -10  -10   -10
1943  -10  -10  -10  -10  -10  -10  -10  -10  -10  -10  -10  -10   -10
1944  -10  -10  -10  -10  -10  -10  -10  -10  -10  -10  -10  -10   -10
1945  -10  -10  -10  -10  -10  -10  -10  -10  -10  -10  -10  -10   -10
1946  -10  -10  -10  -10  -10  -10  -10  -10  -10  -10  -10  -10   -10
1947 2301 1781 4910  711 2154 1275 2009 3470 1709 4468 6160 4138 35086
1948 1956 1293 1201  373 1356  406 2210 1890 2154 1105 6716 2268 22928
1949  991  292 1773 1702 1532  927 1796 1201 2372 3106  508 7074 23274
1950 5791 2281 3947  815 1072 2593 1374 1412 5337 2220 4161 2220 33223
1951 2550 1520  870 2460 3530 3210 1240 2320 1910 1880 5940 5400 32830
1952 4990 3090 2120 1860  460 1330 2600 3600  930 2790 2890 6840 33500
1953 2610 2180 2010 1000  630 2390 1490 1760 1760 4700 5100 5220 30850
1954 2390 1330 6510  970 3060 1410 1490 2580 1060 2270 5730 8920 37720
1955 4700 1120 1820 2250 1370 2990 1710 2800 2120 2990 8560 2840 35270
1956 2670 2200 3250 4980 2590  870 1740 2620 5160 2110 4930 8300 41420
1957 3640  990 1690 1920 1640 1960 1910 2210 2400 3370 3330 2460 27520
1958 3430 2360 3110  750 1450 2000 2350 3200 1870 7690 4330  970 33510
1959 2540 2920 4110  730 3380  730 1570 1940 1770 2470 5110 6130 33400
1960 1970 2520  830 3100 2960 3960 1930 1970 3090 4830 5160 2360 34680
1961 1019  488 1179 1306 1801 2840 2070 3454 1610 3000 3190 2764 24721
1962 2802 1821 1636  917 4049 1425 3929 3429 4623 1748 4102 1732 32213
1963  838 1580  447  419 1463 3841 2477 4790 1207 1428 4059 3683 26232
1964 3050 2533  966 4352 1661 1512 2470 2572 2953 2101 3592 6362 34124
1965 3072 1981 2427 1584 1896 2815 4844 3084 2555 3181 4282 5476 37197
1966 5921 1048 1559  878 2163 1675 4245 2091 2668 4003 4520 8145 38916
1967 4905 1489 2153 1395  472 1222 1240 3882 1937 2198 7234 2811 30938
1968 4033  785 1183  494  194 1366 1059 2351 3213 1711 2694 1816 20899
1969  482  241  731 1437  316 1497 2033 1681 4435 1585 3337 5444 23219
1970 2696 3032 2922 1722 1345 2035 3583 4246 2194 5402 7581 5592 42350
1971 3910 3080 4230 1380 4090 1930 3940 1690 1730 4740 3220 8370 42310
1972 6590 1330 2670  960 1510 3930 1750 3010 2250 1860 6120 3330 35310
1973 1690 1010  830 1080  990 1830 3170 3170 1850 5110 7740 9780 38250
1974 2340 3690  660  650 2590 5190 4380 1610  750 4590 5660 5180 37290
1975 3570 2110 1230 4350 1510 1590 1970 2280 3190 1390 3730 1550 28470
1976 6690 1610 2520 1050 4140 1660 1550 3910 1350 2830 4100 7950 39360
1977 2390 2170 1420 1140 2540  -10  -10  -10  -10  -10  -10  -10   -10
1978  530  930 1530 1250 2070 1770 1930  326  350  408 2550 4950 18594
1979 1350 2320  730 2860 1290 2970 2450 1480 4590 2310 3260 2490 28100
1980  220 2880 2980  860  561  510 2990 3510 2830 6520 3130 2880 29871
1981 3940 1330  620 1560 1390 3490 2380 2240 3530 4910 8630 4780 38800
1982 2280 3460 2490 1220 2090 1360 3870 3027 5690 2460 3860 3950 35757
1983 1470  110  330  540  570 2840 5330 1130 2630 2480 5040 4050 26520
1984 3380 1910 2200  360  870 3670  670 3590 1700 4440 5570 1700 30060
1985 3060 1820 1810 1820 1410 2640 3730  690 3364 3870 4180 2310 30704
1986 2260 1520 2103 3300  800 1672 2670 2170 2740 3850 3390 1610 28085
1987 1110  660  430 1060  420 1370 2470 2750 2000 2180 6490 6040 26980
1988 2600 1200  860 2860 1190 1870 1730  930 2520 6940 1470 2950 27120
1989 5500 6770 3310 2520 2610 3940 1630 2120 3280 2200 2320 1250 37450
1990 4420  140  390  640 2660 3850 1990 2760 3610 4430 3960 3580 32430
1991 1810 1440  230 1050 2720  -10 3150 2930 1700 2120 4890 1960   -10
1992  -10 1010  540  470 1280 1210 3280 2760 3180 1840 2760  -10   -10
1993 1610 1120 1500  360 1190  -10 3940 3650 2940 3670 7020 8480   -10
1994 5900  760 1680 2780 1340 1960 3770  650 2540 1710 1280 6430 30800
1995 2750  930  450 1130 1370 1980 3480 3720  -10 3225 8440  -10   -10
1996  -10  -10 5700  -10  -10  -10  -10  -10  -10 2850  -10  -10   -10
1997  -10  -10  930  442 3361  -10 3540  -10  -10  -10  -10 1462   -10
1998 1610  -10  -10  -10 2001  620 1850 2610 2527 5560 3060 9763   -10