1900  -10  -10  -10  -10  -10  -10  -10  -10  -10  -10  -10  -10   -10
1901  -10  -10  -10  -10  -10  -10  -10  -10  -10  -10  -10  -10   -10
1902  -10  -10  -10  -10  -10  -10  -10  -10  -10  -10  -10  -10   -10
1903  -10  -10  -10  -10  -10  -10  -10  -10  -10  -10  -10  -10   -10
1904  -10  -10  -10  -10  -10  -10  -10  -10  -10  -10  -10  -10   -10
1905  -10  -10  -10  -10  -10  -10  -10  -10  -10  -10  -10  -10   -10
1906  -10  -10  -10  -10  -10  -10  -10  -10  -10  -10  -10  -10   -10
1907  -10  -10  -10  -10  -10  -10  -10  -10  -10  -10  -10  -10   -10
1908  -10  -10  -10  -10  -10  -10  -10  -10  -10  -10  -10  -10   -10
1909  -10  -10  -10  -10  -10  -10  -10  -10  -10  -10  -10  -10   -10
1910  -10  -10  -10  -10  -10  -10  -10  -10  -10  -10  -10  -10   -10
1911  -10  -10  -10  -10  -10  -10  552  546 1225 1027  626  268   -10
1912  136   13  208   45 2090 1098  635  865 2122 1445  273   42  8972
1913  147   17  207 1101 3089 1580  869  695 1683  801  322   49 10560
1914   44   10   27  495 2923 1870  451  -10  -10  -10  -10  -10   -10
1915  -10  -10  -10  -10  -10  -10  -10  -10  -10  -10  -10  -10   -10
1916  -10  -10  -10  -10  -10  -10  -10  -10  -10  -10  -10  -10   -10
1917  -10  -10  -10  -10  -10  -10  -10  -10  -10  -10  -10  -10   -10
1918  -10  -10  -10  -10  -10  -10  -10  -10  -10  -10  -10  -10   -10
1919  -10  -10  -10  -10  -10  -10  -10  698  -10 2609  221   50   -10
1920  224    2  127  122 1356 2346  964  -10  -10  -10  -10  -10   -10
1921    0   32  -10  885 1452 1459  -10  735 1763 2850  236  -10   -10
1922   93   25   12   32  785 1387  516  548 1455 2120  212  -10   -10
1923  218   24   72   96  720 1405  611  447  571  942   44  -10   -10
1924  -10  -10  -10  -10  -10  -10 1061 1059 2000 1615  237   69   -10
1925  148   23  122  431 1544 1396  729  445 2133  738  480   88  8277
1926   31    3    7   97 1161  768  799  687 1740 1767  564  143  7767
1927   77   20   41  406 1813 1639  725 1292 2467 1638  316   27 10461
1928   47   25  129   95 1116 1812 1015  744 1168  676  579  107  7513
1929   37   14  456   86 1509 1667  633  560 1606  756  303   64  7691
1930   32   15  112  423 1043 1439  475  563 1258  712   70   73  6215
1931   25   15   70  133 1821 1761 1216  468 1982  888  274  146  8799
1932   70   16   89  264 1483 1804  988  999 1258  992  360  108  8431
1933   66   11   40  166 1912 1436 1349 1373 2985 1062  231   82 10713
1934   95   21  162  263 2268 1282  754  937 3584 1357  258   34 11015
1935   93   29   61  346 1629 1456  941 1224 1470 1526  268   97  9140
1936   17   21  105  356 1639 2421 1076  684 1585 1241  322   47  9514
1937  176   13  316  399 2088 1614  681  676 2820 1582  299  147 10811
1938  100   11  251  250 1907 1459  715 1099 2203 1237  588   31  9851
1939   11    5  121  140 1017 1536  694  550 2049 1012  326  146  7607
1940   54   17  120  143 1292 1513  567  536 2061 1030  342   79  7754
1941   41   13  108  424 1788 1233  985  727 2263  787  421  103  8893
1942   32   23  157  266 2057 1591  763  840 2168 1168  376  224  9665
1943   93   30  113  385 1789 1489  724  811 1738 1398  442   87  9099
1944   86   22  174  336 1201 2186  807  985 2025  959  454  120  9355
1945   63    9   90  230 1779 1510  843 1046 1923 1151  361   68  9073
1946   37    9   29  147 1047 1210  776  744 1894 1134  361  132  7520
1947   49   17  188  237 1125 1861  887  574 1703 1475  541  213  8870
1948   74   21   75  237 1553 1383 1069  559 1626 1033  547   74  8251
1949   37   19   57  374 1554 1466  782  705 2030 1552  335  162  9073
1950   66   27  126  142 1218 1819  782  901 1706 1477  335  159  8758
1951   60    0    0   80  960 1460  430 1150 2410  780  180   20  7530
1952   30    0  490 1310 1680 3550 1120  340 1880  800  260   40 11500
1953   20   20    0  770 1700  900  750  390 2770  810  110   80  8320
1954   90   50   30  160 2080 3300  710  610 3370 1250   50   50 11750
1955    0  110   20   60  650  950 3000 2940 2680 2010  250  100 12770
1956   20   60    0   80 1350 1770  750  610 1320  390  410  100  6860
1957   50    0   20  340 1620 1390  900  610 2150  390  130  170  7770
1958   50    0   20   70 2220 2010 1690  620  770 2130  120   20  9720
1959  210    0   10  720 2940 1450  310 1260 1030 1070  420   30  9450
1960  280    0  110  370 1430 1730  650 1430 1380 1910  270   50  9610
1961  100  100  100  400  700 1500 1100  600 1500  700  800   30  7630
1962  100    0    0  442 1436 1800  600  806 1600 1900   50    0  8734
1963   50   50   10  100 1500 1400  945  600 2129  900  900    0  8584
1964   10   10   20    0 1000 2600 1600  700 1800  600  400   30  8770
1965   80   60    0  200 1500  900  400  654 2600 1100  293  200  7987
1966  110   30  300  300 2700 1800 1300  500 1300 1900  100   50 10390
1967  120   40  150 1040  550 1440  610  350 1550  400   80   60  6390
1968   50   30    0   30 2990 2430  260  820 2580  870  300  130 10490
1969  170   20  190  270 1770  260  530 1680 2620 1790  220   50  9570
1970   90   10    0  900 1130  670 1430 1010 2930 2770  530  220 11690
1971   50   50    0  100 1510  380  400 1290 1590 1740  330   70  7510
1972   40   40    0  150 1360 1010  330  210  390  580  260  150  4520
1973   10   10   49  282 1350 1370  910 1040 2270 2620  200  130 10241
1974   10   20    0   20 2120 1690  820  770 2010 1040   60   20  8580
1975  110   30   50  200 1890  100  550  840 3420 1960  770   30  9950
1976   30    0    0  250 1270 2960  290  380  330 1610  240  190  7550
1977    0   80    0  580 2200 2110  280  410 1080  420  460  180  7800
1978   24   29  142  241 1776 1066  955  736 2076 1020  260  103  8428
1979   29   15   41 1044 1206 1744  879 1106 2085 1189  298   88  9724
1980  165   38  127  222 1541 1456  926  794 2159 1131  421   90  9070
1981   61   22  168  455 2066 2130  785 1167 1649 1399  294   84 10280
1982  164   22   68  310 2617 1461  799  340 2017 1214  120   60  9192
1983   37   85  170  119  170 1960  847  980 2038 1227  425  101  8159
1984  140   80   71  300 1490 1730 1710  942 2240  892  214   40  9849
1985   18   20   66  226 1215 1461  884  370 1638 1069  259   66  7292
1986   51   15  159    0 2660  510  569  619 1393  945  204   34  7159
1987   83   10  117  309  930 1526 1250  710 1530  250  126   67  6908
1988  117   22  136  169 1507 2280 2280 1355 2720 1300  320   20 12226
1989   40   20   60  510  970  960  570  752 3340  790  290   10  8312
1990  200   40 1700   40 1465 1140  340  510 1020  520 1370  113  8458
1991   50    0   20  200 1169 1136  720  718 1712  960   30  340  7055
1992   81   10  240  390  730 2270  410  210 1780 1131   60  140  7452
1993   70    0  180  310 2720 1820  590  789 2281 1350  150  110 10370
1994   60   50    0  260 1500  550  380  260 1740 1010  300   90  6200
1995   70   27  272  540  288 1120 1100 4330 1530 1555  163  151 11146
1996   30   10  140  360 2339 1422 1474 2410 1641 1350  791   30 11997
1997   50   50  -10  -10  -10  -10  -10  -10  -10  -10  -10  -10   -10
1998  -10  -10  -10  -10  -10  -10  -10  -10  -10  -10  -10  -10   -10