1900  -10  -10  -10  -10  -10  -10  -10  -10  -10  -10  -10  -10   -10
1901 1121 2055 3756 3500 1308 1700 1906 1798 2240 2841  706 4635 27566
1902 2134 3135 5440  515 1147 1364 3167  832  957 1494 1309 2513 24007
1903 2592 1874 6328 3745 2600 2786 1788 2955  -10 1196  727 1625   -10
1904 4342 4145 5803 1533 2041 3309 2029 1360 1607  -10  -10  -10   -10
1905  -10  -10  -10  -10  -10  -10  -10  -10  -10  -10  -10  -10   -10
1906  -10  -10  -10  -10  -10  -10  -10  875 2423 1352 1203 2517   -10
1907 1225  -10  -10 5702 2122 2684 2267 1697 1294  276  305 2014   -10
1908 5456 4650 3152 3786 2983 3723 4545 1470 2093  985  571 2319 35733
1909 9254 3173 4576 1385  452 1699 1432 1675 2013 2089  655 1157 29560
1910 1796 2818 5795 2106 1289 3165 3352 1652  650  518  985 3282 27408
1911  -10  -10  -10  -10  -10  -10  -10  -10  -10  -10  -10  -10   -10
1912  -10  -10  -10  -10  -10  -10  -10  -10  -10  -10  -10  -10   -10
1913  -10  -10  -10  -10  -10  -10  -10  -10  -10  -10  -10  -10   -10
1914  -10  -10  -10  -10  -10  -10  -10  -10  -10  -10  -10  -10   -10
1915  -10  -10  -10  -10  -10  -10  -10  -10  -10  -10  -10  -10   -10
1916  -10  -10  -10  -10  -10  -10  -10  -10  -10  -10  -10  -10   -10
1917  -10  -10  -10  -10  -10  -10  -10  -10  -10  -10  -10  -10   -10
1918  -10  -10  -10  -10  -10  -10  -10  -10  -10  -10  -10  -10   -10
1919  -10  -10  -10  -10  -10  -10  -10  -10  -10  -10  -10  -10   -10
1920  -10  -10  -10  -10  -10  -10  -10  -10  -10  -10  -10  -10   -10
1921  -10  -10  -10  -10  -10  -10  -10  -10  -10  -10  -10  -10   -10
1922  -10  -10  -10  -10  -10  -10  -10  -10  -10  -10  -10  -10   -10
1923  -10  -10  -10  -10  -10  -10  -10  -10  -10  -10  -10  -10   -10
1924  -10  -10  -10  -10  -10  -10  -10  -10  -10  -10  -10  -10   -10
1925  -10  -10  -10  -10  -10  -10  -10  -10  -10  -10  -10  -10   -10
1926  -10  -10  -10  -10  -10  -10  -10  -10  -10  -10  -10  -10   -10
1927  -10  -10  -10  -10  -10  -10  -10  -10  -10  -10  -10  -10   -10
1928  -10  -10  -10  -10  -10  -10  -10  -10  -10  -10  -10  -10   -10
1929  -10  -10  -10  -10  -10  -10  -10  -10  -10  -10  -10  -10   -10
1930  -10  -10  -10  -10  -10  -10  -10  -10  -10  -10  -10  -10   -10
1931  -10  -10  -10  -10  -10  -10  -10  -10  -10  -10  -10  -10   -10
1932  -10  -10  -10  -10  -10  -10  -10  -10  -10  -10  -10  -10   -10
1933  -10  -10  -10  -10  -10  -10  -10  -10  -10  -10  -10  -10   -10
1934  -10  -10  -10  -10  -10  -10  -10  -10  -10  -10  -10  -10   -10
1935  -10  -10  -10  -10  -10  -10  -10  -10  -10  -10  -10  -10   -10
1936  -10  -10  -10  -10  -10  -10  -10  -10  -10  -10  -10  -10   -10
1937  -10  -10  -10  -10  -10  -10  -10  -10  -10  -10  -10  -10   -10
1938  -10  -10  -10  -10  -10  -10  -10  -10  -10  -10  -10  -10   -10
1939  -10  -10  -10  -10  -10  -10  -10  -10  -10  -10  -10  -10   -10
1940  -10  -10  -10  -10  -10  -10  -10  -10  -10  -10  -10  -10   -10
1941  -10  -10  -10  -10  -10  -10  -10  -10  -10  -10  -10  -10   -10
1942  -10  -10  -10  -10  -10  -10  -10  -10  -10  -10  -10  -10   -10
1943  -10  -10  -10  -10  -10  -10  -10  -10  -10  -10  -10  -10   -10
1944  -10  -10  -10  -10  -10  -10  -10  -10  -10  -10  -10  -10   -10
1945  -10  -10  -10  -10  -10  -10  -10  -10  -10  -10  -10  -10   -10
1946  -10  -10  -10  -10  -10  -10  -10  -10  -10  -10  -10  -10   -10
1947  -10  -10  -10  -10  -10  -10  -10  -10  -10  -10  -10  -10   -10
1948  -10  -10  -10  -10  -10  -10  -10  -10  -10  -10  -10  -10   -10
1949  -10  -10  -10  -10  -10  -10  -10  -10  -10  -10  -10  -10   -10
1950  -10  -10  -10  -10  -10  -10  -10  -10  -10  -10  -10  -10   -10
1951 5350 9320 6870 1780 2910 3210 2850 2690 1880  440 4710 2940 44950
1952 2620 4730 6900 5070 9910 4220 2230 2530 1110  890 1780 1890 43880
1953 2430 3040 1950 2350  840 3590 2930 1990 1470 1230 1170 3830 26820
1954 4200 2540 3380 2580 2580 3370 1340 1680 1020  550 1820 2020 27080
1955 2810 3170 3000 1760 2340 3610 1650 1230 1250  540  600 3850 25810
1956 605012610 6830 3100 4640 1810 2490  980  600  370 1270 3030 43780
1957 3240 2260 4710 4270 1200 2200 2610 1340 1110  240  340 4680 28200
1958 2830 4460 6640 5030 2660 3060  910 2520 1160 2250 1320 1850 34690
1959 7220 420011270 1660  990 2110 3050 1540 1080  810 4730 1110 39770
1960 6290 2080 2660 1390 2580 2050 1960 1190 2400  670  780 1010 25060
1961 2010 1430 2060 4220 1860 2850 3890 3270 1240  250 2080 6690 31850
1962 2220 4240 2780 1200 3540 1540 1570 2730 1700 1420  780 1060 24780
1963 3900 696011940 1890 2310 1160 2630 1240  720  490 2880 6880 43000
1964  780 4800 4360 2030 1730 4100 4380 2090 1620 1700 1730 2940 32260
1965 3890 1870 8370 1470 1990  820 4160 3150 1170 1180 3170 4990 36230
1966 2880 6310 3290 3360 1540 3220 2740 1990  630  570 1710 2880 31120
1967 3020 2070 3780 2320 3410 3620 2760 2720  750 2150 1570 5490 33660
1968 4500 5070 3900  650  700 1550 2690 1560 1090  530 1760 2780 26780
1969 5340  910 1090 3370 1180 2790 2850 3270  650  330  650 1400 23830
1970 5160 1240 4130 5010 3260 2400 2220 2800  760  490  460 1430 29360
197110150 1690 2340 5170 2340 2480 3060 1640  700 1050 4190 1870 36680
1972 3100 6350 6170 1590 2520 1950 3820 1300  440 1257 3100 9090 40687
197310130 8670 5160 3330  690 3270 4630 2700 1220  700  320  680 41500
1974 7150 5100 3500 5060 1810 5340 2910 3120 1040 1340  750 1810 38930
1975 4190 1160 7590 3940 1120 3090 1890 1680 1670  690 2410 5310 34740
1976 4520  -10 5730 2370 1870 3890 3140 1340  840  960  890  930   -10
1977 5420  530 3160 1950 3860 3020 1950 1420 2340 1050 1430 1470 27600
1978 2740 2810 7410 2410 1720 2700 4230 1600 1940  890 2540 3050 34040
1979 4720 3220 2610 1510 1360 1430 3260 1570 1530 1890  710 2850 26660
1980 5700 4620 1660 2850 2720 1210 3290 1620 1030 2140 1940 3340 32120
1981 1580 3100 4040 3560 4130 1320 1580 2380  247 1930  610 2180 26657
1982 2780 5710 7630 1760 2420 3810 5250 3590 2150 3540 1570 4350 44560
1983 2650  940 4150 5090 2500 4280 2150 1660  920 1300 2530 5810 33980
1984 3240 2630 5900 9780 2300 2190 2370 2010  520 1660 1690 1690 35980
1985 2810 6110 4760 4900 1940 2970 3320 2190 1290 1490 1750 4900 38430
1986 3640 2720 6980 3570 2220 2530 1660 1630  560 3950  990  -10   -10
1987 2010 3940 5632 3070 3000 1540 1700 1790  970 1640 2170  180 27642
1988 5360 2530 5060 2358 3560  -10 1590  617  172  980 2110 4100   -10
1989 5180  -10 8610 2390 2970 3030 3020 2860 2850  200 1570 6240   -10
1990 1920 3790 1460 3920 1970 2220 1890 1530  690 1230  -10  -10   -10
1991  -10  -10  -10  -10  -10  -10  -10  -10  -10  -10  -10  -10   -10
1992  -10  -10  -10  -10  -10  -10  -10  -10  -10  -10  -10  -10   -10
1993  -10  -10  -10  -10  -10  -10  -10  -10  -10  -10  -10  -10   -10
1994  -10  -10  -10  -10  -10  -10  -10  -10  -10  540  117 2520   -10
1995 5963 1690 3063 3260 3120  -10 1210  -10 1430  -10  680 3150   -10
1996 8364 7760 2670 1753  382 2290 2020  -10  -10  -10  160 2860   -10
1997  -10 5980 3400  -10 2670 4020 2670 1440  760  250  -10  -10   -10
1998  -10 3730 1470  -10  -10 1330 3290 2740 2500  360  -10  -10   -10