1900  894  467 1048  691 2074 1558 1762  934 3067 2227  358  489 15569
1901  303  237  434  416 2386 4361 2272 2402 2691 1915  141  339 17897
1902  209  801  118  608  292 1850  822 1664 1826 1495 1107  649 11441
1903 1443  714  804  176  886 2874 1118 1450 3288  724  695  173 14345
1904  260  240  546  434 2411 2062 1011 1695 1874 2985  594  171 14283
1905  761  153  489  583  917 1845 2740 2490 2908  760  403 1518 15567
1906  819  610 1197  297 3752 2755 1659 1865 1028 1604 1214   75 16875
1907  388   88   64  193 1086 2752 1812 1263 1507  404  447  319 10323
1908  631  281  179  427 1448 3719 1252 2014 2367 5299  429  374 18420
1909  716  102  370 1347 2271 1618 1301 2263 2033 2115  277  203 14616
1910  153  239  160  318  423 2655 1494 1328  968 2352  300  113 10503
1911  216   85  369  956 1462 1406 1732 1980 1241 1529 1064  316 12356
1912  430  337  601 1278 1351 3189 1399 1104 2256 1388  562  210 14105
1913  614  492  747  644 1068 1619 1316 1405 1729  867  873  236 11610
1914  677  555  222 1194 1044 1441 1264  980 1917 2153 1885  557 13889
1915  861  960  388  704 1022 3094 2117  763 1934 2363  514  316 15036
1916  217  806   57  485 2044 2134 1690 1412 1284 2617 1247   78 14071
1917  154  102  782  806  988 2117 1215 1493 2410 1575  340  357 12339
1918  260  234  590 1176  756 2671 1954 1354 2461 1299  428  624 13807
1919  584  492 1024  676 2076 2361 2032 1662 1766  485  652  488 14298
1920  198  875  203 1151 2935  512 2005 1412 2679 1546 1043  440 14999
1921   68  447  758  640 1278  836 1524 1309  899 4247  800  107 12913
1922  239  410  129  343 2461 2271 1189 1514 2510 4105  909  470 16550
1923   82  378  420 1015 2438 2026 1599 1332 1909 1280  201  158 12838
1924 1214  453   61  841  903  612 1991 1905 1735 2757  179  152 12803
1925  817  913  396  916 2421 1317 1431 1497  989  880 1169  692 13438
1926  659  160  311  910  727 1089 3578 2425 2320 1441 1113   44 14777
1927   75  270  242  460  529  765 1821  755 1961 3007  534  121 10540
1928  225  473  765  919 1250 1770 1556 3338 3591  778  301  184 15150
1929  524  111  630  557 1174 1927 2787 1745 4572 2366  406  646 17445
1930  629  612  943 1058 1139 2557 1736 1217 1390 1495  619  187 13582
1931  936  567 1004 1355 1045  330  541  866 2212 1788 1240   74 11958
1932  498  519  637  629 2555 2512  676 1700  792 1524  828  378 13248
1933  153   78  340  816 1046 1155 1683 1425  775 3142  524  166 11303
1934  224  581  243 2176 3508 1754  948 1488 2465  407  123   82 13999
1935   61   60   96 1188  765 2489 1942 1326 2615 2120  630  312 13604
1936  354 1043  963  621 1097 4476 1150 2830 1201 1141  964  330 16170
1937  159  345  589  442 1368 1202 1749 1834 2653 1095  140  104 11680
1938  354  176  163  141  682 1985 2121  387 1548  826  816  433  9632
1939  130   83   91  560 1798 1692 2222  971 1098 2283 1598  690 13216
1940  229  566  377  352  755 1439 1442 1541 4379  658  161  970 12869
1941  999 1454 1288 1931  366 1996 2046 1079 1917 1405 1814  745 17040
1942  652  621  717 1059 1453 2538  936 1396 1496 1385  644  476 13373
1943  500  198  842  685 1443 1247 1976 2423 1987 1623  618  319 13861
1944  332   16  373  292 1067 1055 2763  875 1818 1637   90  212 10530
1945  415   73  207 1355  587  504 1645 1651 2500 1787  700  553 11977
1946  216  641  538  424 2225 1249 1476 2051 1931 1186 1127 1064 14128
1947  277  738  616  584 1330 4023 2143 2161 2914 2613 1202  343 18944
1948  612  123  309 1426 1347 1207 2026 2128 3556 1894  358  342 15328
1949   67  211  343 1455 1126 3384 1990 1864 1481 2172  562  391 15046
1950  180  262  418  483 1458  759 1449 1410 1932 2762  776  733 12622
1951  158  342   67  605  499 1175 2083 1881 1072 3050  245  154 11331
1952  162  577  603  566 1078 1500 2004 1824 2258 4366  821  373 16132
1953  978  254  324  950  398 3207 2041 2117 1640 2697  627  309 15542
1954  382 1123  686 1346 1878 2739 2108 1852 2128 1424  996  145 16807
1955  117  391  154  332  892 2098 1703 1324 2085 1027  176  368 10667
1956  206  391   52  459  912  999 1274 1589 2210 2434  212  146 10884
1957  107 1117  516 1385 1572 1606 1730 2389 1213 2113  451  622 14821
1958 2314  185 1707  170 3831 1165 1288 1106 1094 1611  967 1318 16756
1959  225  349 1181  378 1489 2189 3121 1860 2944 1811 2012  464 18023
1960   91  348  128 2345 1795 2149 2588 1651 3955 1684  985  419 18138
1961  661  183  448  130 2140 1974  650 1289  991 1475  268  426 10635
1962  435  275  618  433  730 4050 1248 1814 1910  686  445   41 12685
1963  337  586  219  196 1372 1811  899 1420 3145 1313  359 1264 12921
1964  456  411  309  738 1220 2401 1347 1711 1637 2139  423  585 13377
1965  322  277  355  163  213 1436 1841 1736 2875 2222  329  107 11876
1966  984  822  774 1002 1681 4529 1467 1161 1294 3615  488  117 17934
1967  542  197  596   86 1143 3615 1124 1126 2078 2054  426  363 13350
1968  249  478  108   59 2628 4442 1978 3225 3274 2520  192   75 19228
1969  770  468  333  606 1631 4694 1646 1782 2137 2827  278  119 17291
1970  668  618  492   26 1149 2692 1476 1259 1829 1389  874   84 12556
1971  225  156   69   44  463 1827 1030 1561 1591 1928 1305  672 10871
1972  252  802  613  803 2059 2238 2356 1550 1355  579 1070  540 14217
1973  458  510  294  145  700 2078 2764 4469 1831 1498  400  463 15610
1974  312  132  123  436  745 1843 1645 1924 1208 1204  483  156 10211
1975  501  286   43   58 2276 2253 1977 2023 1376 1398  600  400 13191
1976  265  869  131  627 1940 3598  451 3105 1701 1425  707  570 15389
1977  264  376  195  377 2331 1161  871 2049 1729 1444  425  461 11683
1978  505  941  820  587 1664 2439 1252 1940 1419 1612  694  585 14458
1979  485  203   55 1617 1231 1302 1468 2267 3683 2580 1253  763 16907
1980  366  553  251 2968 1172 1996 2946 2154 1214 2771 1531 1641 19563
1981  286  638  305  157  444 1566 1412 3487 3057  902  558  944 13756
1982  166  518  756 1146 1214 1775 1789 1579 1554 1231 1332  320 13380
1983 2230 1438 1004  662  875 2861 1152 1936 1842 1386  595  791 16772
1984  306  728 1137 1318 1512 1262 1381 1831 3461  598  505   84 14123
1985  202   60  767  629 1790 1453 2377 1490 2251 1482  611  814 13926
1986  613  241 1486  148  703 2144 1228 1368 1148  769  473 1603 11924
1987  367  607  792  356 1243 1322 1628 1913 2239 2950  755  880 15052
1988  715  261  200  423 2422 3719 2238 3124  816  941  678  153 15690
1989  348  134  575 1160  591 1337 1506 2680 1361  957  964  197 11810
1990  254  255  487  943 1603 1515 1822 3760 1197 1048  390  170 13444
1991  506  606  604 1240 1124 2497 1609 2150 2747 2882 1029  216 17210
1992  221  608  548  680  530 3442  530 2107 1392  625 1380  122 12185
1993 1543  570 1135 1026 1421 2010 1716 1505 1800 2515  647  140 16028
1994  690 1101  429 1273 1263 1608 1244 2113 2399  951 2092  771 15934
1995  468  246  737 1186 1249 4043 2175 3076 2227 2211 1346  341 19305
1996  516  121  925  511 1720 2913  957 2107 1349 2792  513  326 14750
1997  624  375 1632  814 1349 4794 2239 2035 2535  421 1102  919 18839
1998  119 1478 1692  130  491  933 1209 3027 2303 1340  662  298 13682