1900  -10  -10  -10  -10  -10  -10  -10  -10  -10  -10  -10  -10   -10
1901  -10  -10  -10  -10  -10  -10  -10  -10  -10  -10  -10  -10   -10
1902 1343 1544 1327 1801 1675 1222 6550 2155 2023 1602 1290 1185 23717
1903  901  367  461  334 1034 2104 2275  920 1641 1780 1363 4773 17953
1904 3331 1644  902 2085 1316 4380 2012 3711 1722 2466 2786 1148 27503
1905  375  312  214  440  845 1047 3267 2108 2440 2708 1233 1755 16744
1906 1185  634  404  263 1130 1779 2666 1786 2507 2586 1891 2265 19096
1907 2185 2313 4301  422  532 1998 1952 2668 1532 1089 1720 3348 24060
1908 1292 2635 1694  859 1202 2382 2253 1665 3292 1469 3131 1722 23596
1909 1130 1243  737  394  979 2702 2362 1115 2703 1818 3615 4458 23256
1910 2092 2501 1106 1477 1590 1501 1007 1540 3234 2668 4275 2779 25770
1911  707 1433 1147  873  783 1937 4032 1952 1876 3235 2134 1493 21602
1912  812  740  388  477  170  723 2264 2788 2401 4079 3768 1255 19865
1913 1446 1276  474 1459 1445 1816 2915 2400 1646 3083 1257 1425 20642
1914  489  199  773  759 1737 2742 1673 2196 2613 1162  896 1563 16802
1915 1495   72  316  431  773 2216 1959 1307 1810 2490  894 1896 15659
1916 4349 1841 1942 1067 2590 2269 1982 1679 2279 2805 2635 2549 27987
1917 2625 1905  832  405 1869 2063 1760 2081 2288 2702 2370 1504 22404
1918 4734 1841 2424  873 1113 3066 1750 1915 1309 1961 1872 2861 25719
1919 1056  572  341  723  951 1717 3135 2363 2240 3686 2427 3050 22261
1920 2624 1484 1314  837  604 1467 1822 1025 2735 1721 3696 1822 21151
1921 1761 2147 2262  818 1879 2332 2437 3036 2593 1773 3558 2395 26991
1922 3683 1278 1327  831 3019 1985 4044 1014 1974 1813 1614 2761 25343
1923 3870  619 1962 1448 1609 2174 1893 2990 2023 2210 2178 1042 24018
1924 1747 1783 1212  299 1461 2523 2220 1985 1860 3227 3644 5869 27830
1925 2100 2907 2115 2097 1482 2013 2276 2898 1957 2671 2203 2163 26882
1926 2136 1174  953  123 1188 2493 3020 3393 2863 3230 3233 4147 27953
1927 2284 1027  986  874 1713 1377 3683 2453  660 3247 2248 2381 22933
1928 2726 3311 1403 1581 1777 1763 4143 1313 1476 1931 2501 2535 26460
1929 2617 1175 2130 2130 2271 1504 3029 3753 1306 1746 2427 2389 26477
1930 1467  664  613 1132 1767 2063 2622 1983 1338  690 2151 2674 19164
1931 2222  443  708  424  699 1032 2225 2613 2531 2766 2390 2762 20815
1932 2567  957 1142  755 1868 1494 2673 1375 2352 2197 2926 2409 22715
1933 2532 1668  769  534 1158 2522 2563 1943 2807 3730 3671 2073 25970
1934 1949 3985 2365 1324 1602 1301 2446 3133 2575 2055 3613 3565 29913
1935  314 1343  916 1041 1085 1819 3562 1091 2978 2096 1924 1597 19766
1936 1978  330 1342 1129 1638 1925 2481 2862 2153 2587 1292 2602 22319
1937 1664  770 1223  767 1539 1135 3302 2831 2634 2650 2722 1383 22620
1938 1369 1465 1360 3085 1866 3562 1528  886 2448 3793 2423 2200 25985
1939 4517 2457 1607 1012 2747 1811 2185 2140 1504 1755 2409 3543 27687
1940 1588  810  654  514  913 1579 2591 2891 2265 2287  868 1462 18422
1941  -10  -10  -10  -10  -10  -10  -10  -10  -10  -10  -10  -10   -10
1942  -10  -10  -10  -10  -10  -10  -10  -10  -10  -10  -10  -10   -10
1943  -10  -10  -10  -10  -10  -10  -10  -10  -10  -10  -10  -10   -10
1944  -10  -10  -10  -10  -10  -10  -10  -10  -10  -10  -10  -10   -10
1945  -10  -10  -10  -10  -10  -10  -10  -10  -10  -10  -10  -10   -10
1946  -10  -10  -10  -10  -10  -10  -10  -10  -10  -10  -10  -10   -10
1947 3188 1895 3087 1613 1717 1787 1477 1620 1365 2580 1850 3438 25617
1948  985 1674  743 1073  752 1080 2202 3110 2031 1334 3151 1451 19586
1949 1983  592  847  728 1605 1771 2210 1408 1830 3581 3097 4311 23963
1950 2820 1460 2873 1435 1390 2144 1867 1715 2389 1870 1680 1885 23528
1951 1524 1799 1015  683 2272 2361 1922 1703 2249 2253 1880 4629 24290
1952  831 2033  824  905 1350 2291 3290 3806 2216 4164 1693 3524 26927
1953 3063 1839 1111  902  775 2067 1983 2187 1472 1945 2464 2845 22653
1954 1305  587 2196  607 1979 1726 1971 2114 3201 1719 2008 3544 22957
1955 3269  722  912  895 1128 2365 1434 1801 1556 2600 3339 2295 22316
1956 2464 1068 1763 2705 3178 2044 1961 2791 2436 2057 2157 4757 29381
1957 1828 2102 1032 1173  366 1680 2557 2858 1783 1638  977  889 18883
1958 1217  996  612  710  926 1175 2121 2086 1379 1849 2523 1788 17382
1959 1689  801 2367  474 1921 1422 2420 2399 1721 2511 2549 2153 22427
1960 1605 1331  867 2139  880 2004 1918 2029 2837 1912 2723 1690 21935
1961 1630 1110  509 1160 1794 2524 2566 2375 1391 2671 2323 1944 21997
1962 1622 2589 1626  530 1924 1123 3342 3059 2948 1417 2032 1703 23915
1963  881 2007 1816  719  568 1772 1962 2888 2205 2137 1779 1016 19750
1964 1577 2564  898 1402 2113 2065 1620 1551 2066 2113 4579 1103 23651
1965 2404 2188 1688 1143  623 2311 1969 1863 1470 2219 2040 2691 22609
1966 1276  761  587  582 3280 1474 3176 1435 1630 1980 2783 2826 21790
1967 4543 2576 1368  463  773 1662 2077 2185 1070 2456 2024 1186 22383
1968 1684  871 1134  512  444 1302 1095 2077 1852 1266 2460 1543 16240
1969  457  356  479 1022  663 1564 2627 1350 1538  969 1288 2093 14406
1970 1403 1649  977  431 1102 3271 1920 1969 1604 2483 2476 2199 21484
1971 2597 1560 1565 1330 1498 2406 2223 1314 1507 3638 1898 1872 23408
1972 4302  949 1651  925 1144 1869 3013 2134 2546 1406 2342 1343 23624
1973  267  704  617  667  389 1187 2803 2754 3365 1999 6034 2983 23769
1974 1533 3069 1372  854 1676 1540 1838 1491  766 4121 1641 3153 23054
1975 2680 1688  787 1851 1181 2696 1647 1775 2613 2372 1303 3242 23835
1976 3000 1283 1044  494 2051 1939 3482 2559 2587 1743 1294 2523 23999
1977 1873 3017 1944  347  636  -10  -10  -10  -10  -10  -10  -10   -10
1978 2498 1033  935 1322 1120 1403 1092  228  295  204 1690 2820 14640
1979  679  502  637 1440 1164 2623 3226 2793 2222 3587 1402 2292 22567
1980 1913 2003 1227  957  350 3891 1807 3319 2133 2693 3084 1898 25275
1981 2129  822  585  735  797 2096 1768  891 1887 2273 2415 2177 18575
1982  718 1436 3174  408 1054 1994 1670 2421 2569 1778  949  975 19146
1983 1089  192  489  111  209 1302 3465 2531 2749 2397 2993 2432 19959
1984 3221 3142 1421  828 1149 3410 1880 2328 2474 3541 3454 2230 29078
1985 2482 1976  784 2298 1298 2728 2405 1040 2838 3342 1943 1581 24715
1986 3359  850 1716 1905  869 1748 2120 4138 2126 2666 2854 1208 25559
1987 1159 1257  654  179  344 1461 2866 2235 2457 1604 3329 1155 18700
1988 1011 1060  816 1050 1331 2185 2270 2246 2362 4338 2025 2435 23129
1989 3210 1634 1468  528 2334 2649 2002 3430 1557 1733 1344  730 22619
1990  890  560  468  376 2462 3655 2332 2392 2347 2285 2803 1063 21633
1991 1345  990 1418  763  700  -10 2956 3517  874 1224 1738 1500   -10
1992  -10  423  275  567  448 1841 2342 2507 1485 2344 1310  -10   -10
1993 1170 1737 1012  650  594  -10 2015 3875 1224 2094 2607 3447   -10
1994 1653 1371 1340 3104 2100 2977 5114 1851 2501 1569 1990 2640 28210
1995 1576  761  866  574  569 2119 2578 2525  -10 2581 2277  -10   -10
1996  -10  -10  -10  -10  -10  -10  -10  -10  -10 2151  -10  -10   -10
1997  -10  -10 1289  305 1577  -10 3392  -10  -10  -10  -10 1410   -10
1998  557  -10  -10  -10 1689 1185 1575 1376 2010 2669 1940 2090   -10