1900  916  611  916  764  877  754  499  663  208  868 1770  431  9277
1901  338  606  700  219  568  549  267  298  984 1161  578 1017  7285
1902  387  808  692  555  740  341  113  139  544 1219  870  521  6929
1903  374  297  534  571  261  910  234   75  314  655  707 1189  6121
1904  856  677  741  469  190  396  284  419  875 1047  503  621  7078
1905  503  758  758  481  743  599  403  275  400 1258 1033  331  7542
1906  726  735  601  432  550  601  302  400  524  600  692 1056  7219
1907  620  713  282  987  401  379  188  205  391  911  524  881  6482
1908  375  326  889 1092   91  158  387  260  201  674  703 1223  6379
1909  415  539  907  518  614  426  239  893  818  777  892  783  7821
1910  684  813  670  767  456  641  378  151  920 1124  830  879  8313
1911  509  208  420  543  884  321  284  322  683  493  766  795  6228
1912  602  373  551  549  436  375  381  200  663  668  861  313  5972
1913  538  419  409  498  475  355  433  442  436  401  360  678  5444
1914  571  373  686  358  585  447  297  522  268  622  791 1176  6696
1915 1225  828  793  581  369 1165  474 1030  779 1219  873  692 10028
1916  212  387  759  464  323  173  210  492  978  630 1049 1504  7181
1917 1293  464  764  390  255  220  400  239  129  825  848  833  6660
1918  216  204  589  790  615  452  211  378  302 1491  672  560  6480
1919  895  683  658  775  548  267  322  279  498  732  829  405  6891
1920  532  301  463  532  215  531  192  402  305  771  861  847  5952
1921  416  451  676  741  599  949  320  533  592  415  924  623  7239
1922  785  324  637  676  231  322  313  150  726  970  631  556  6321
1923  523  762  475  722  126  377   90  328  423  282  995 1098  6201
1924  624  855  694  608  288  460  273  398  258  671  492  612  6233
1925  170  568  714  521  702  296  328  217  617  694 1185  563  6575
1926  478  313  458  376  467  769  488  259  493  475  911  888  6375
1927  778  263  781  210  630  162   75  158  534  730  541 1414  6276
1928  494  242 1005  768  498  101   89   92 1066  750  910  732  6747
1929  599  576  269  517  267  446   68  629  373  743 1316  528  6331
1930  781  735  536  666  534  428  326  253  443  722  378 1005  6807
1931  681  827  572  802  410  104  124  223  476  607 1215  483  6524
1932  270  403  801  605  366  354  714  291  342  834  979  623  6582
1933  870  598  504  274  417  651  335  302  532  639 1032 1457  7611
1934  547  355  985  446  414  567  223  476  540  769  901  939  7162
1935  593  439  477  281  242  145  285  476  413 1135  984 1135  6605
1936  581  736  478  594  742  524  251  244  494  833  660  642  6779
1937  525  625  874  735  336  390  237  467  850  872  935  985  7831
1938  490  683  153  490  461  146  167  761  500  624  622  786  5883
1939  746  315  878  429 1148  571  115  392 1076  840  530  903  7943
1940 1128  394  226  651  614  674  358  353  410 1461  600  572  7441
1941  817  887  406  699  531  333  200  164  594  777  802  450  6660
1942  796  822  534  474  194  369  243  195  357  291  685  851  5811
1943  544  367  614  282  466  488  183  177  447  616  963  824  5971
1944  272  617  579  488  221  343  274  912  645 1015  717  914  6997
1945  926  112  216  280  177   78  170  202  601  314  732  773  4581
1946  603  167  489  335  330  207  189  202  169  781  883  994  5349
1947  608  882  405  192  594  243  108  551  419  756  488  879  6125
1948  841  419   68  559  451  484  324  317 1031  788  486  400  6168
1949  545  165  360  121  623  355  272  500  498  869 1358  536  6202
1950  666  469  404  552  135  199   93  229  491  646  594 1211  5689
1951  834  647  814  341  682  235  416  215 1105 1360  724  376  7749
1952  555  459  135  164  358   58  272  137  608  371  693 1021  4831
1953  795  519  209  485  614  853  287  403  251  706  435  865  6422
1954  862  804  597  735  783  326  344  299  145  583  976  635  7089
1955  581  620  561  209  106  158  343  419  902 1349  885  552  6685
1956  497 1118  635  515  310  601  217   47  183  421 1316  882  6742
1957  958  395  264  580  657  204  614  413  414  592  605  583  6279
1958  592  353 1205  809  302  432  245  128  452  610 1220  779  7127
1959  622  100  613  741  549  886  140 1122  518  308  738 1027  7364
1960  613  530  744  614  405  256  305   28  510  489 1114 2061  7669
1961  979  350  287  533  424  227  345  196   95 1445 1224  604  6709
1962  552  619  990  430  211  221  200  100  471  621 1123  755  6293
1963  655  880  363  431  468  344  393  209  429 1304  598 1078  7152
1964  177  744  667  235  492  740  275  487  294 1173  820 1115  7219
1965  599  571  279  806  289  231   26  501  801  104  565  377  5149
1966  912  220  459  293  700  219  609  427  434  933  906  459  6571
1967  381  339  369 1287  256  910  440  298  593  123  438 1443  6877
1968  808  378  214   80  544  605  251  579  531  329  906 1165  6390
1969  364  736  967  571  240  341  481  628  850  152  682 1607  7619
1970  934  388  553  371  315  174  250  362  897  730  367  990  6331
1971  745  483 1090  627  166  250  254   29 1378  237 1016  338  6613
1972 1285  744  414  650  344   54  821  964  710  924  324  488  7722
1973 1096  809  834  522   53  262  296  508 1064  888  248  929  7509
1974  661  830  350 1072  320  245   61  634  706 1013  750  236  6878
1975   62  459  366  262  519  270  197  841  237  850  917  801  5781
1976  333  502  512  832  462  838  997  706  304  743 1528  919  8676
1977  510  308  219  312  256  569  245  663 1119  232  273  809  5515
1978  971  494  783 1289  810  438   68  569  670  987  284  662  8025
1979  706  867  454  745  205  404  293  712  414  979  909  623  7311
1980 1473  195 1005  407 1568  541  133  254  131  779  913  890  8289
1981  570  479  637  335  237  396  204  243  749  385  443  741  5419
1982  185  363  906  125  132  109  326  684  587  693  624  904  5638
1983  225  669  505  190  312  888  116  557  284  541  461  676  5424
1984  538  965  672 1267  643  286   65  476  513  664  666 1070  7825
1985  462  286 1029  605  271  188  493  205  170  880 1737  292  6618
1986  493 1241 1044  348  253 1026  516   67  332  456  712  368  6856
1987  766  665  455  173  742  219  373  190  255  368  949  710  5865
1988  455  473  521  329  453  377  113  220  548  469  539  457  4954
1989  113  157  311  332  308  659  678  336 1045  784  684  319  5726
1990   82  107  273  600  433  137   91  433  207  518  948 1069  4898
1991  245  465  416  834  523  320  291  248  488  831 1051  390  6102
1992  383  153  409  781  239  828  337  141  285  988  545  654  5743
1993  168  304  537  312 1249  230   60  196  698  626 1559  814  6753
1994  682  489  363  773  279  456  234  442  640  637  437  525  5957
1995  552  436  661  550  400  456  314  896 1060  197  546 1138  7206
1996  627  835  673  599  516  588  195  696  980  893  778 1006  8386
1997  651  172  176  489  241  508  178  665  558  796 1014  879  6327
1998  543  210  248  497  463  160  465  255  835  710  720  640  5746