1900 1226 1110 1052  416  575   71    1   36  289  693  727  334  6530
1901 1539 1224 1401  623  169   43    3    5  344  758 1005 1589  8703
1902  190 1492  636  888  282   76   74   72   88  845 1538  851  7032
1903  438   82  450  567  414  160    0    1  115  314  377 2256  5174
1904 1019 1326 1269  743  126  187    6    4  612  357  843  867  7359
1905  465  213  261  390  419   76    8    0   77  995 2332  656  5892
1906  260  295  702  657  553  138    5   10  255  486  984  840  5185
1907  398  615  396  381  474    3    9    6  468  890 1610  857  6107
1908 1005  439  635  360  107  213    3    4   41  214 1420  873  5314
1909  646  580 1378  641  408   30    0    1  109  572 1754 1015  7134
1910  245  198  475  440  882   53    0    2   58  598  576 1980  5507
1911  844  393 1229  861  324   52    1   43   58  696  954  829  6284
1912 2176 1615  413  718   59   78   22    3  285  666  324  722  7081
1913 1017  663  859  356  215   14    0    3  436  836  291  679  5369
1914  987 1059  553  725   68   15   22    2   18  516 1614 1484  7063
1915 1246  475 1157  308  233   37    1    0   52  413 1100  875  5897
1916  159  735 1642  321  285    2    1    1   85  278 1429 1352  6290
1917 1945  921  913  324  265   71    0    0    9  166   59 1357  6030
1918 1050  243  823 1029  323   36   11    2   28  401  917  271  5134
1919  756  778  582  439   50  191    3    1  224  567 1787  777  6155
1920  577  772  671  188  207   12    1    1  101  484 1701 1157  5872
1921  239 1562  649  501  301   76    2   12  195  418 1035  703  5693
1922  659  689  845  101  211  398    1   95   54 1044  328  940  5365
1923  232  572  645 1524   69  194    2   11  203  433 1794  119  5798
1924  659 1326 1275  535   88   38    4    4   65  330 1007  713  6044
1925   33  852  847  206  135  213    5    3   27  457 1725  767  5270
1926  347  857  557  370  256    5    2   11    4 1304 2360  733  6806
1927  563  681  324  308  127   75    9    7   34  637 1704 3004  7473
1928  328  499 1014  626  629   25    3    5  163  335  845 1196  5668
1929  281  958  510  485  275   34    3    3  187  523  462  476  4197
1930 1180  751  523 1166  204  899   23   24   92   97 1125  759  6843
1931  562  472 1084  543  108   19    0    4  233  989  420  231  4665
1932  339 1016 1109  734  193  148   10    0  201  327  744 1216  6037
1933  841  558  817  228   24   25    1    0    5  873 2445 2581  8398
1934   86  326 1145 1081  240   32    0    0    0   47 2038  671  5666
1935  483  324  147   94  803   57    1    1  241  630  636  922  4339
1936 1572 1665 1554  815 1249   10    0   15   26  515 1346  761  9528
1937 1038  222 1136  358  248    7    0    2  206 2314  495 1685  7711
1938  652  127  211  983  689   27    0    3  267  558  287 1874  5678
1939  702  645  476  497  180  143    0   35  304 1112  954 1835  6883
1940 1585  991 1036  136  257  223    1    0  280 2337  770  364  7980
1941 1690 1319  859 1030  223   22   23   22   45   72 1179  187  6671
1942  847 1244  688  835   96   35    3    2  152 1101 1405 1347  7755
1943  596  355  786  473  385   37    7    5   76  901  550 1508  5679
1944  314 1063  525  399  269  304   66   25  275  317  788  766  5111
1945 1031  262  377  211  142   58   11    3   64  372  942 1312  4785
1946  833  415 1247  993  670   56    1    1   54  652 1086  706  6714
1947 1420 1846 1274   44  545   10    3    2  122  301 1264  587  7418
1948 1493  666  198  770  342   22    0    3    1  399   30 1323  5247
1949  849  324  442 1109  242  159   15    2  250   12 1123 1375  5902
1950  608  197  350  141  237    3    0   17   44  350  177 1595  3719
1951 1128 1465  796  180  272   10    2    0   94  320 1538  463  6268
1952 1226  193  575  729  445    7    0   30  134  226  663 1326  5554
1953 1336  649  345  177   25   43    4    0  410  482  204  648  4323
1954  762  903 1726  338   11    9    0    1    0  206  414  847  5217
1955 1862 2260 1215   93   76   54    0    4    0 1051  870 1059  8544
1956  958 1809 1328 1173  104   63    2    0  223   24  832  622  7138
1957 1036   72  357 1107  257   64    0    8   48  567  913 2099  6528
1958  572  199  515  449  266  136    0  153   15  258  387 2348  5298
1959  557  655  723  649  432   33   12   32   30  227 1133 1099  5582
1960 1683  712 1530  184  388  143    1   30   31 1304  994 1727  8727
1961  506  160  356  236  449  181    0    0  104  137 1976  922  5027
1962  512  246 2155  295   95   73    0    1   77  531 2364  854  7203
1963 2128 1936  204  320  319   71    3    0   59  130 1216 3045  9431
1964  281  824  943  845  148   61    1    3   42  118 1085 1600  5951
1965  691  726  686  469   33   50    0    0  469 1488 1013  781  6406
1966  446 1141   85  277  154   52    0    0   44 1106  816  274  4395
1967  335  755  201  498  305  195    0    0   39  650 1798  489  5265
1968   63 1717  555  325  366   98    0   50   75   59 2624 1000  6932
1969  969 2025 1030  835  246  210   66    0  422  732 1556 1389  9480
1970 2315   34  609  371  347  195    0    0    3  466  462 1285  6087
1971 1218  267 1219 1887 1152  145    1   15    7   14 1213 1020  8158
1972 1193  923 1233  354  521   30    0    0  225 1216  497  752  6944
1973  590  386  591   34  424    8   17   42    6  129  214 2064  4505
1974  306  737  701 1687   80  241    0    0    3  285  192    0  4232
1975  770  589 1130  517  182   12    0    6  122   30  532 2064  5954
1976  485  524  524 1311  507   44    4   54  334 1895  159 2145  7986
1977 1815 1146  115   12   60   67    1   21    6  528  946  898  5615
1978 1130  964  415  931  420  102    0    2   15  139  372 2093  6583
1979 1231 1531  652  340   25    8   19    0   66 1453  230  405  5960
1980 1100  135 1066  432  443   37    1    2   68  540 1249  184  5257
1981  175  193  376  871  317   29    2    6   69   49    3 1628  3718
1982  961  616  338  907   71    5   13    3   43  384 1157  720  5218
1983    2 1446  364  392   97    1    0    6    6   59 1267 1314  4954
1984   50   60  142  378  599   57    3    3   25  241 1683  283  3524
1985 1437  802  181  642  293   38    2    2   24   97  972 1635  6125
1986  501  979  516  480  108   79    2    2  139  519  699  289  4313
1987 1232  968  259  352  122   68   22   72   98  730 1153 1721  6797
1988 1268  950  413  275  346  118   12    0   14  450 1403   92  5341
1989  777  778  410  794   97   26    5   54  110  258 1706 2203  7218
1990  817    5  537  645   97   14    5    2   33  766  617 1228  4766
1991  409 1412 1304  351   32   47    2   11  383  970  305  437  5663
1992   77  489  483  662  101  262    6    7  111  832  216  587  3833
1993  402  320  723  708  464   31    0    7   82  808  936  251  4732
1994  717 1043  183  233  349   22    0    1  180  343  548  247  3866
1995  576  471  383  332   13  101    9    6   86  124  911 1921  4933
1996 3615 1152 1268  674  877   38    1    1  253  378 1048 4101 13406
1997 1553    3  109  621  106   77   40   41  273  535 1542 1645  6545
1998  758  797  224  277  271   64    0   11  219   62   70  822  3575