1900  -10  -10  -10  -10  -10  -10  -10  -10  -10  -10  -10  -10   -10
1901  -10  -10  -10  -10  -10  -10  -10  -10  -10  -10  -10  -10   -10
1902  -10  -10  -10  -10  -10  -10  -10  -10  -10  -10  -10  -10   -10
1903  -10  -10  -10  -10  -10  -10  -10  -10  -10  -10  -10  -10   -10
1904  -10  -10  -10  -10  -10  -10  -10  -10  -10  -10  -10  -10   -10
1905  -10  -10  -10  -10  -10  -10  -10  -10  -10  -10  -10  -10   -10
1906  -10  -10  -10  -10  -10  -10  -10  -10  -10  -10  -10  -10   -10
1907  -10  -10  -10  -10  -10  -10  -10  -10  -10  -10  -10  -10   -10
1908  -10  -10  -10  -10  -10  -10  -10  -10  -10  -10  -10  -10   -10
1909 2823 3579 3465 1061 1702  613  742  756 2115  412  403 1042 18713
1910 4369 3643 5678 2670 1123 2594  993  331  214  599 3195 2049 27458
1911 1218 2193 2081 1158  856  535 1465 1303  237  448   57 1512 13063
1912 3308  992 3420 2013 2270  194  623  942  241  324 1158 1334 16819
1913 3766  511 1666 1481  226 1115 1446  691 1218  501  133  212 12966
1914 2931 3668 1492  159  899  151 1242  258  140  125  231 1218 12514
1915 1023 1286  795  482  282 2736  897  338  829 1681 1398 2899 14646
1916 2140 1579 1419  599 1407  559  855  482 1913 2571 2863 1476 17863
1917 1565 3930 5174 2283 2093 1462 1959 2047  825 2300  345 1908 25891
1918 2666  893 3367 1116 1162  139  303   69  867  -10  -10  -10   -10
1919 1969  645 1665 1185 1103  297 2572  311  772  814  340  487 12160
1920 1234 5842 1658  989  510  480  720  301  360  380 1827 2484 16785
1921 2167  642  943  384  660  313  522  495  385  614   91  815  8031
1922 3100 2921 1100  202 2218  896 1067 1517 1440  163  271 2197 17092
1923 5032 1868  249 2507 1041  720 1398  971  547   29  147  616 15125
1924  881  875 1122 1458 1685 2050  939  502  344  996 1152 1358 13362
1925 2437 1654 2297 1967 1941 1074 1568  302 1194  370  324 1134 16262
1926 3402  894  413 2817  823 2103 1577  167  567 1336  209  953 15261
1927 1243  718 2604 1875 1262  472  693 1171  600  197   79 1640 12554
1928 1097 2227 2521 2625 1015 1286 2687  276  896  500  419 2032 17581
1929 2478 2892 2150 1807  117 3277  977  295  355   35  112  580 15075
1930 2342 2743 5730  684  303  912  547  660  315  155  114  504 15009
1931  929 2126  964  702  425  970 1440 1257   29  403  557 2421 12223
1932  637 2344 1639 1770  598 1747  574  517 1563 1487  243 1182 14301
1933 1919 1702 3301  795 1741  853  880  865  903 1296 1236 2886 18377
1934 2616  860 2966  672 1241  853  200 1223  630  846  669 1508 14284
1935 1582 2209 5665 3574  652  260 2348  277  172  308  108 1187 18342
1936 2088 1377 1748  849  434  494  313  629  240 1140  529 1131 10972
1937 2057 2202 3287 1020  630 1163  667 1346  228  378 3676 2415 19069
1938 2721 2829 3890 3442 1129 2050  948 1590  352  734  812 2115 22612
1939  293 3102 1984  746 1016  687  620 1198  371  226  222   69 10534
1940 2229 3220 3653  159  398  535 1438  592  115  606  119 1290 14354
1941 1174 2733  907  772  916  791  417  284  241  173  530  484  9422
1942  302  776 2529 1220  585  440  315  647  196 1064  385  919  9378
1943 2213 1651 4435 1915  370  992  917  368 1167  817  750 2606 18201
1944 2367 2295  581  206  561  610 1269 1174  558  426  212  499 10758
1945 2319  708 2350 2758  918  568  850  185 1495  236 3360  736 16483
1946 1407 2007 5361 3533  273 1739  667  669  245  309  204  655 17069
1947 2427  939  727 4376  866  395  470  208  564 2084 1758  959 15773
1948 6662  398 5058 1822  358 1585  307 1464  750  267  470 1697 20838
1949 2271 1109 5554 2728 1836 1262  593  485  274  218  367 1023 17720
1950 2615 1709 3713 1297 2235 1483  942  939 1370 1042  935 3984 22264
1951 1867 3920 2637  402  427 2205 1082  660  731  505  539 2813 17788
1952  842 2271 2010 2145  801  625 2672 1104  288 1582 1600 2113 18053
1953 1215 2167  651 1805  946  344  680  524  632  311  222 1277 10774
1954 2940 3014 1991 1305 1871 1781  396  145  774  501 1888 2242 18848
1955  837 1554 2862 1072 1045  189  350  383 1384  266  605 4050 14597
1956 4789 2365 3013 2469 1737  538  462 1172 2779  588  953 1572 22437
1957 3311 2504  960  654  284  183  119 1495  142    2  339 1913 11906
1958 4275 1070 2114 1461  380 1042  659  350 2081  288  840  455 15015
1959 3909  971 2893  525 1045  624 1359  261  283  260 1165 1937 15232
1960  909 1499 2390 1611 3580  759 1116  780  344  576  794  322 14680
1961 1810 1421 1979 1104 1324 1589  945 1936  504 1114  683 2041 16450
1962 2577 1440 1278 2662 2155  918 1311 1088  446  638 1292 2561 18366
1963 3176 3326 1453 1575 1920 1929 1255  774  359  526  232  940 17465
1964 2376 1206 2756 2470  722 1916  306  958  180  432 1671  679 15672
1965 1917 6388 1971  624  250 1341  580  530  673  170  315 1899 16658
1966  581 2851  979  459  484 1648  856  133  108  745 1086  510 10440
1967 5644 3376 5139 2655 1248 1089 2771  421 1531  905 1394 1131 27304
1968 2787  642  830 1141  456  761   81  298   57  135  316 1051  8555
1969  740 1839 2250  232  624  854  298  772  253  183 1048  774  9867
1970 2021  959 1920 1010  685 1528  852  928  391 1083 1227  364 12968
1971 2952 1860 2167 2204 1009 2094 1438  246  728  277 1244  669 16888
1972 2620 2946 3403  539  441 1611   73  168  455  446  882  326 13910
1973 1270 1303 1120  170  635  363 2055  529  423  649  698 1392 10607
1974 3221 3072 2328  371  913 1476  550  136  298 1760 1052  357 15534
1975 1680 1973 5851 3532 2245 1706  419  852  367  617 1269 2982 23493
1976 5246 2194 3566 1040  824  742  567  808 2042 1674  668 1467 20838
1977 1036  680  721  333  335  501  463 1104  720   95 1814 1781  9583
1978 1236 1207 2034 1265 1013 1097 1338 1403  123  254 1068 1929 13967
1979 2063 1720 1615 1335  685  908  504   27   32 1099  812  454 11254
1980 1626 2991 1117 1019  927  557  983  155  911  204  296  994 11780
1981 1377 1810 2776  367  831  396  143  463  379  709  983 3616 13850
1982 1892 2842 3376 1031  211  913 1245  288  124  523 1168 1333 14946
1983 2005 1561 1562  953  237  626  155  649  178 1241 1519  816 11502
1984 1149 2015  161  863 1707 1775  332  535  394 1823 1672  632 13058
1985 1095 1671 2843 1779 1036  899 1104  584 1727  541  618  900 14797
1986 2007 1218 4033  287 2222 1039  281  460  112   38 1510  -10   -10
1987  432 1007  983  498  597  726  712  819  224 1406 1422 1221 10047
1988 3599 1945 1491 1025 1984 1309  826  405  941   83 2810 1770 18188
1989 7091 2330 2896 1847  878 1438  968 1196  735  132  360 2334 22205
1990 6265 2833 2774  361  171  993  527  964  369  454 2204 2416 20331
1991  845 2030 4114 1190  636 1903  356  185  260  258  152  925 12854
1992 1679 3602 5044 1987  269 2680  159  468  490  198  161  444 17181
1993  585  915 2642  -10  -10  203  263  155  161  112  676  -10   -10
1994 3082 1942  879  724   75  808  406  710   33    3  205  551  9418
1995 1310  455 3920 2878  -10  339  -10  -10  197  -10  164  -10   -10
1996 3345  847 5542  929 1105  818 1516 1061 1224  248 1091  -10   -10
1997 2540 1216 1007  511 1377 1342 2974  241   66  325  191 1491 13281
1998  576 1160 1842 2318 1444  628  358  549  704  177 1550 1883 13189