1900 2164  228  660  785  123    1    1    4    0   86  174 2960  7186
1901  689 1175  981  468   12    0    1    5   19  183  579 2810  6922
1902 1486 1147  982  239    3    0    1    2   97   41  469 1719  6186
1903  418 1630  477   64    3    0    1    5   72   70  298 2910  5948
1904 4046 1229  508  207   22    0    1    2   48   63  212  181  6519
1905 2182 1262  555   45   11    0    3    4   21  447  342  653  5525
1906 3513 1045  594  208    3    0    1    1   30   44  419 1302  7160
1907 2425 1295  851  920   28   14    2    1  130  261  139 1977  8043
1908  725 1260  259   28    5    0    3    1    8   18  483 3259  6049
1909 4317 2194 2095  574   77    3    1    4    2  175  594 1962 11998
1910 1613 1556  938  564    0    3    2    1    2  138  346  162  5325
1911  472  926 1246   30   42    0   20    7   12   45  383  567  3750
1912 3653 1820  424  113    4   19    1    0    9   46  164 1095  7348
1913  513 1060  520  785   22    0    1    1   40  117 1222  834  5115
1914 2845 1367  950  339   75    1    1   37    2  263  557 1041  7478
1915 1817 3015  266  179    8    3    1    1   91   35  280 1613  7309
1916  856  478 1100  150    6    0    1    1    1  379 1261 3217  7450
1917 2563 3245 1212  565   83    1    1   16    9   29  358 1049  9131
1918 1585 1481 2295   56   25    1    2    8   11  685  333 2139  8621
1919 1010  986  823  231    1    0    1   23  107  605  809  591  5187
1920  976 1619  461  500   52    1    1   49   10   85  917  986  5657
1921  908 2761 1588  261  165    3    1    0    0  132 1319  768  7906
1922  674  712  517   21    7    0    1    0    0  453  521  457  3363
1923 1773 1620 1912  289   38    0    1    0    3  109  561  611  6917
1924  578  755  971    5    0    0    1    0    2  570  725  773  4380
1925 1577 2386 1674 1458  191    2    5    0    8   17  291  805  8414
1926  716  678  861  822  209    1    1    1   27  192  642 2309  6459
1927 1052  581  708  576    1    0    1    0    0  293  928  470  4610
1928 1158  796 1571  188   31    0    1    0   63   44  428  331  4611
1929  879  820  669   12    0    0    1    0   10  220  593  711  3915
1930  727  608  447  861    0    0    1    0    0   17  192  746  3599
1931  739  909 1388  594    1    0    1    0    0  246  612  588  5078
1932  270  710 1064  193   11    0    1    0    6   96  107  404  2862
1933  233  111  123    6    0    0    1    1    0    6  470 1253  2204
1934 2763 2097 1451  446    2    1    1    5    1  137  686 1602  9192
1935 1465  583  630  194   30    0    1    0   16   18  309  827  4073
1936 1180  857 2275  104   97    1    1    1   15  123  395 1056  6105
1937 2104 1956  638  553    8    0    1    1    0  168  637 1354  7420
1938 2455 1475  283  566   56    3    2    2    6  322 1743  923  7836
1939 1174 1180 1325  167   19    3    2   20   50  376  520 1033  5869
1940 1698 1320 1434  585    5    4    1    2   52  153 1061 1044  7359
1941 1227  472  186  305    0    0    1    0    0  191  141  540  3063
1942  891 1112 1000  131    7    0    1    0    2  396  340 1500  5380
1943 1494  685  592  641    9    0    8    0    0   25  676  917  5047
1944 2278 2347 1115    2    0    0    1    0    1   43  577  978  7342
1945 1036 1405 1511    7    2    0    1    0    0   12 1260 1741  6975
1946  629  657  507  246    0    0    1    0    7  204  517  596  3364
1947 1026 1754 1070   40    1    0    1    0    3  224  356 1477  5952
1948 1027 2427  649  400   13    0    2    0    0  186  944  181  5829
1949  734  402 1293   80    0    0   10    1    0    3  274  580  3377
1950 1635 1583 1030  448    9    0    1    1    2   14  446 2209  7378
1951 1340  919 1000 1177  256    0    1    1    7  801  431 1209  7142
1952  845 1712   30    5    0    0    1    0    1  238  684 1052  4568
1953 1783 1761  420 1069   49    0    0    0    5  213  499  978  6777
1954 1281 1309 1759  715    0    0    0    0   29   87  376 1797  7353
1955 1900  302 1297  446    0    1    0    0    0  348  320  795  5409
1956 1762 2187 1119  851    0    0    0    0  182   21  408  419  6949
1957  940 2410 1186   32   13    0    3    0    5  357 1003 1355  7304
1958 2944 1036  903   46    0    0    0    0  102  142  830  991  6994
1959 1004 1218 1506  166   62    0    0    0   29  124  423  716  5248
1960  664 1705  186  719   83    0    0    0    0   46  906  553  4862
1961  868  768  990  707  118    1    7    0    0  120  817  750  5146
1962 1413 1138  215  147    0    0    0  186    0   65  663  885  4712
1963 1130 1320 1592  407    0    0    0    0   59  195 2234  834  7771
1964  860  366  718   71  106    0    0    0    0  220  424  893  3658
1965  762  812  564  513    0   47    0    0    6   76 1220  599  4599
1966 2242  832 1608   49    2    0    0    0   77  198  106 1082  6196
1967 2230 2000  850 1068    0    0    0    6    0  293 1420  703  8570
1968 2530  966 1728  383   74    0    0    0    7   88  835  642  7253
1969 1578 2357 1020   12    0    0    0    9   63  213 1039  499  6790
1970  915  950  513   23    0    0    0    0    1   23  572 1335  4332
1971 2667 1769  675  181    7   28    0    0    0   98  341  756  6522
1972 1455  436 2839  281    6    0    0    0    0  201   88  678  5984
1973  570  842 1016  196    1    0    0    0    0  414  519 1135  4693
1974 4045 1875  488 1555   29    0    0   13   57  178  565  846  9651
1975 1222 1330 1580  281   44    0    0    0    1   98  222  418  5196
1976 3158 1828 1206  158    7    0    0    0  110  323  382  695  7867
1977 1174 2102  909  816  128    0    0    8   35  337  363 2130  8002
1978 1857 2574 1430  400   23    0    0    7    3  273  552 1281  8400
1979 1680 1631  214   66   17    0    0   33    0  167  953  387  5148
1980  734 1246 1659  281    0    0   16   57   31   31  430  848  5333
1981 1551 2089  799  135    0   12    0    1    7   83  665  723  6065
1982  719 1598  670  304    2    0   21    0   26   54  615 1352  5361
1983 1544  491  119  256  106   14    0    1    0  162  793 1379  4865
1984  827 1098  964  449   29    2    0    2    5  256  587  517  4736
1985 1428 1295  774  175   19    1    0    1    0  293  500 1097  5583
1986 1152 1450 1173  232    4    1    1    1  116  619  677  538  5964
1987  529 1327  648  250    3    0    1    1    8  182  387  815  4151
1988 1839  895  610  518    3    0    1    7   13  144  568 1360  5958
1989 2184 1962  608  512    8    0    1    1    1   68  225  253  5823
1990 1797  735 1254  509    2    0    1    3    0  112  413  718  5544
1991 1920 1187  720   32    2    0    1    1   68  339  537 1201  6008
1992  617  437  842   91    5    1    1    1   23   59  292  523  2892
1993 1159 1729  636  490    7    0    2   16    6  498  608 1202  6353
1994 3079 1115  418  117    1    1    1    1    0   38  445  301  5517
1995  543 1404  627  103   40    1    1   24   43  198  315  480  3779
1996 1601  825  238   92    9    0    2    2   11   34  649 1067  4530
1997 3658  736 1518  133   47    1    1    1  108  310  332 1439  8284
1998 1050 1130 3034   66   36    0    1    8   26   97 1488 1838  8774