1900    0    3   13  156  613  991 2124 1091  723  154    3    1  5872
1901    0    3   21  104  525 1159 2756 3216 1783  237    2    1  9807
1902    0    4   23  140  596  935 1698 1771  799  136    2    2  6106
1903    0    3   10  131  394  858 1549 2127  974  148    3    1  6198
1904    1    2   26   96  613 1175 1645 1167  831  139    2    1  5698
1905    1    1   17   68  635 1634 1687 2181 1098  187    2    1  7512
1906    0    1    6   57  666  990 2253 2349 1144  277    2    2  7747
1907    1    1    6   67  368 1099 1561 2036 1092   75    1    1  6308
1908    0    1  124   89  274  799 1953 2656 1343  110    2    1  7352
1909    1    3   26  518 1114  972 2057 3344 1538  201    1   32  9807
1910    0    1    4   53  434  941 2046 2571 1227   84    1    1  7363
1911   13    1   81  212  857 1169 1689 1986 1485  204    1    4  7702
1912    1    1    5  180  177  727 1317 2192 1306  161    1    1  6069
1913    0    2    3   88  485  575 1658 1955 1079   74    1    1  5921
1914    0   78   23   38  246  769 1479 2181 1119  114    2    1  6050
1915    0    1    9  115  473 1295 2330 2015 1078  155    1    1  7473
1916    0    2   11  184  733  951 2041 2630 1920  119    6    1  8598
1917    0    3    4   69  733  661 2259 3484 1561  104    3    1  8882
1918    0    1   22  252  351 1511 1711 3085 1260   98    1    1  8293
1919    0    3   17   46  673  682 2015 1726 1412  168    3    1  6746
1920    0    3    3   76  688 1002 1998 2946 1487  110    6    1  8320
1921    1    1   43  140  689  893 1636 3382 1226  166    2    1  8180
1922    2    2    4  122  196  696 1953 3277 1938  355    1    1  8547
1923    0    1   21  231  540  836 1483 2800 1435  229    2    1  7579
1924    0    2    7   85  335  913 2390 2780 1505  171    1    1  8190
1925    0    1   91  211  688  821 1887 2772 1166  372    4    1  8014
1926    0    1    5  164  713 1609 1512 2102  715   41    2    1  6865
1927    1    1    1  111  547 1164 1624 3231 1516  293    3    2  8494
1928    9    1   47   83  614  913 1824 2930 1178  336    2    1  7938
1929    0    2   10   36  714 1145 1716 2808 1177  200    2    1  7811
1930    0    1   20   79  735 1107 2346 2206 1102  220    1    1  7818
1931    0    1    5  134  612 1166 2417 2334 1732   47    8    1  8457
1932    0   13   20   30  476  986 1894 2374 2101  567    2    1  8464
1933    1    2   15  169  859 1780 1643 3068 1240   26    3    1  8807
1934    0    1    9  267  670  942 1671 2821 1004  114    0    1  7500
1935    0    1   14   25  440 1400 1651 3732 1277   86    1    2  8629
1936    0    3   29  220  788  994 1932 2988 1774   64    1    7  8800
1937    0    1   14   15  641  918 2001 2501 1463   51    1    1  7607
1938    0    1   19   52  381  821 2260 3154 1633  105    4    1  8431
1939    0   20   15  150  855 1220 1754 2626 2289  154    2    3  9088
1940    0    1   10   40  899 1070 1922 2409 1038  298    1    1  7689
1941    0    1    5  180 1009 1097 1860 1982 1080   18    7    1  7240
1942    0   48    0  136  791  508 1204 2163  762   85    0    0  5697
1943    0    0  186    1  683  646 1562 2698 1739   65    0    0  7580
1944    0    0    0   10   99  910 1196 2308 1210  141    0    0  5874
1945    0    0    0   75  556  713 2395 4146 1293  156    0    0  9334
1946    0    0   58  228  986 1019 2610 2650 2073  380    0    0 10004
1947    0    0    0   62  419 1122 2178 2354 1514   43    2    0  7694
1948    0    0    0  384  534 1325 1897 2911  919    1    0    0  7971
1949    0    0   44   90  382  686 1581 2367  779   11    0    0  5940
1950    0    0    0   21  319  539 1985 4015 1702  151    0    0  8732
1951    0    0  143    0  738  861 1382 2038 2189  427    0    0  7778
1952    0    0    7  225 1208  992 2147 3203 1218  317    0    0  9317
1953    0   24   13    0 1080 1547 1980 2254 1252   34    0    0  8184
1954    0    6    0  151 1267 1075 2796 3560 1308  213   11    0 10387
1955    5    0    0  106  495 1217 2098 3028 1643  182    0    0  8774
1956    0    0   28   53   43  528 2422 2731 1306   94    0   61  7266
1957    0    0    2   35 1026 1348 2239 2764 1836  427    0    0  9677
1958    9    0    0   46  244 1559 2257 3439 1278    0   34    0  8866
1959    0    0    0   22  705  653 1634 4188 1619   16    0    0  8837
1960    0    0    0  142  520  945 2528 2404  927   53    0    0  7519
1961    2    0    0    5  235 1117 2186 3429  951   10    0    0  7935
1962    0    0   52  192  552 1429 2075 2790 1827  333   21    0  9271
1963    0   10   12  152  400 1113 1564 2685 1687  600    0    0  8223
1964    0    0  110   70  579 1095 2157 3085  977   10    6    0  8089
1965    0    0    0   11  329 1824 1858 2455 1134  164    0    0  7775
1966    0    0    0  275  683  988 1149 2898 1769  139    0    0  7901
1967    0    0  131   23  367 1147 2021 2713 1138    5    0    0  7545
1968    0    0    0  941  541 1421 1903 1265  748   29    0    0  6848
1969    0    0    0   85  385 1369 2136 1844 1073  473    0    0  7365
1970    0    0    0    0  216  604 2403 2617 1549    7    0    0  7396
1971    0    0    0    7  532  403 1383 2627 1438    2    0    0  6392
1972    0    0    0  209  849 1042  806 1847  604  154    0    0  5511
1973    0    0    0    0   25  645 1579 1748  774    6    0    0  4777
1974    0    0    0    0  436  656 1645 2253 1559  227    0    0  6776
1975    0    0    0  217  558  729 1729 2084 1527    9    0    0  6853
1976    0    6    0   93  337  934 1257 2008 1228  829    0    0  6692
1977    0    0    0    0  197 1049 1297 2983 1262   51    0    0  6839
1978    0    0    0  428  733 1036 2656 2071 1058  563    0    0  8545
1979    0    0   34  222  526 1382 2310 2438 1295  179   28    0  8414
1980    0    0    0  113  961  865 2825 2585  637  189    0    0  8175
1981    0    0    0  147  464  665 1669 1836 1177    0    0    0  5958
1982    0   29    0  121  483  776 1434 2097  881  118    0    0  5939
1983    0    0   25    0  282  783 1508 2034  980    0    0    0  5612
1984    0    0    0   18  485  751 1362  842 1282   73    0    0  4813
1985    0    0  221    2  452 1050 1403 2065  878    0    0    0  6071
1986    0    0    0   27  208  876 2224 1715 1439   36    0    0  6525
1987    0    0    0    0  427  671 1373 1358 1063  100    0    0  4992
1988    0   22    1  333  139 1390 1738 3493 1549  121    0    0  8786
1989    0    0    0   28  181  925 1597 2781 1066  394    0    0  6972
1990    0    0    0   23  438  699 2382 1440  571    0    0    0  5553
1991    0    0   81  236 1170 1205 1849 2723  532  381    0    0  8177
1992    0    0    0  131 1010  666 2180 2873 2180    1    0    0  9041
1993    0    1    5   31  318 1000 1696 1615  853   47    1    1  5568
1994    0    1    3  128  380  797 1720 2924 1841  247    1    1  8043
1995    0    2    7  159  295  787 1701 3282 1208   68    2    1  7512
1996    0    2    8  127  504 1179 1620 2079 1329   67    1    1  6917
1997    0    2   16  143  509 1056  -10 1739  825  193    2    2   -10
1998    0    2    3  123  410  863 3329 2854 2155  103    2    1  9845