1900  -10  -10  -10  -10  -10  -10  -10  -10  -10  -10  -10  -10   -10
1901  -10  -10  -10  -10  -10  -10  -10  -10  -10  -10  -10  -10   -10
1902  -10  -10  -10  -10  -10  -10  -10  -10  -10  -10  -10  -10   -10
1903  -10  -10  -10  -10  -10  -10  -10  -10  -10  -10  -10  -10   -10
1904  -10  -10  -10  -10  -10  -10  -10  -10  -10  -10  -10  -10   -10
1905  -10  -10  -10  -10  -10  -10  -10  -10  -10  -10  -10  -10   -10
1906  -10  -10  -10  -10  -10  -10  -10  -10  -10  -10  -10  -10   -10
1907  -10  -10  -10  -10  -10  -10  -10  -10  -10  -10  -10  -10   -10
1908  -10  -10  -10  -10  -10  -10  -10  -10  -10  -10  -10  -10   -10
1909  -10  -10  -10  -10  -10  -10  -10  -10  -10  -10  -10  -10   -10
1910  -10  -10  -10  -10  -10  -10  -10  -10  -10  -10  -10  -10   -10
1911  -10  -10  -10  -10  -10  -10  -10  -10  -10  -10  -10  -10   -10
1912  452  241  287  205   93   71  400  138  247  105  143  668  3050
1913  386  528  335  378   86   87  426   53  375  156  220  178  3208
1914  452  251  130  155  107  233    0  141  295  450  208  275  2697
1915  261  162   82  175   13   75  435   34   44  676  210  369  2536
1916  276  152  147  130   17   75  223  460  198  459  521  226  2884
1917  165  330  413   41   45   70   49  493  153  357  341  399  2856
1918  351  854  506  611  212  120   38   65  181  179  265  271  3653
1919  304  112   34   48  175  248  109  327  120   76  186  290  2029
1920  184  214  199   36  175  123   65  197  115  193  612  751  2864
1921  219  416  274  473  280  158   34  455   84  175  140  599  3307
1922  230  284  188  218  240  118   15  132  567  571   10  420  2993
1923  424  260  911  419  112  100  201  112  408  106    5  493  3551
1924  495  502  224  168   20   70  174  333  143  620  342  529  3620
1925  442  121   57  230  133  110  233   15  350  134  327  115  2267
1926  679  670  378  301   71   32    9  302  431  279  115  171  3438
1927  164  581  461   36  205  175  219  245  355   38  745 1318  4542
1928  647  993  544  851  394   40  148   70  480  286  136  596  5185
1929  446  797  350  206  341   21   96  263  316  355  307  381  3879
1930  107  752  181  692  157  129  188  151  -10  -10  -10  -10   -10
1931  126  240  101  176   42    8  148  193  281  254  341  230  2140
1932   21   78  121   19   21  112   13  188   14  175  153  115  1030
1933  615   85   43   21   25   89  104  396  320  348  416  248  2710
1934  237  178  122   60  209   17   91   33  328  231  261  195  1962
1935  136  189  195  194   36   54  114  194   29  230  670  141  2182
1936   64  274   59  214  543  318  119  198  310  533  277   75  2984
1937  822  154   32  657  555  394  494 1380  146  487  217  576  5914
1938  315   73  595   18   91   31  820  537  746  124  220  680  4250
1939  138  180  178   58  315  162  182  766  316  424  473  402  3594
1940  432  512   97  465  463  247  124  737  534  426  209  485  4731
1941  -10  -10  -10  -10  -10  -10  -10  -10  -10  -10  -10  -10   -10
1942  -10  -10  -10  -10  -10  -10  -10  -10  -10  -10  -10  -10   -10
1943  -10  -10  -10  -10  -10  -10  -10  -10  -10  -10  -10  -10   -10
1944  -10  -10  -10  -10  -10  -10  -10  -10  -10  -10  -10  -10   -10
1945  -10  -10  -10  -10  -10  -10  -10  -10  -10  -10  -10  -10   -10
1946  -10  -10  -10  -10  -10  -10  -10  -10  -10  -10  -10  -10   -10
1947  590  120   40   70   90  160  250  610  480  190   90   70  2760
1948   80  150  190  120  170   60  260  260  360  350  120  320  2440
1949  130  300  390  130    0   40  250  370  620  160  530   90  3010
1950  300  150  310   80  110  300   20  540  360  500   30   10  2710
1951  350  170   30  150  150  320  300  320  110 1010  160  110  3180
1952  100   30  180  130  260  310  470  200   80  630  520   50  2960
1953  150  480  280   90   40  360  190  590  320  660  580 1300  5040
1954  240  280  300   90  100  150  330  320  200  220  570  130  2930
1955  300  120  320  260   90   10  380  870  350  150  140   90  3080
1956  240  530  290   40  230  390  110  150  350  350  510  300  3490
1957  240   60   90  200  280   90  180  510  530  390  350  230  3150
1958  360  120  200  180   50  390   80  180  940  400 1050  320  4270
1959   30  840  910  190  530  480  640  220  170  390  620  400  5420
1960  190  500  490  250  380  300  490  250  700  230  510  630  4920
1961 1000  200  500  100  400  400  370  330  590  950  400  720  5960
1962  500  400    0  300  300  300  320  250  500  300  400  500  4070
1963  380  500  220  220  380  260  260  800  370  500  500  600  4990
1964  500  380 1170  100  300  100  700  100  200  400  400  300  4650
1965 1350  320  350  620  130  120  190  320  110  690  260  650  5110
1966  520   90  120  510  190  480  150   40   70  170  430  880  3650
1967  170  810  100  820   70  380  610  760 1020  240  810  170  5960
1968   70  340  140  110  170  280  360  570  660  170  440  230  3540
1969  -10  -10  480  250  120   60  160  -10 1060  480  260  770   -10
1970  -10  -10  -10   30  210  910  410  840  510  100  440  230   -10
1971   70  330  340  210  570  160  410  560  490  380   50  220  3790
1972 1220  530  610  200  200  290  880  860  710  850  180 1110  7640
1973  370  140  410  110  410  630  880  320  430  270  210  150  4330
1974  560  260  780  240   70  470  580  490  340  430  570  280  5070
1975  130  350  300  420  240   90  480  280  230  350  730   30  3630
1976  210  800  -10  360  120  -10  -10  -10  -10  -10  -10  -10   -10
1977  -10  -10  -10  -10  -10  -10  -10  -10  -10  -10  -10  -10   -10
1978  -10  -10  -10  -10  -10  -10  -10  -10  -10  -10  -10  -10   -10
1979  -10  -10  -10  -10  -10  -10  130  -10  -10  -10  200  -10   -10
1980  -10  -10  -10  -10  -10  -10  -10  -10  -10  -10  -10  -10   -10
1981  -10  -10  -10  -10  -10  -10  -10  -10  -10  -10  -10  -10   -10
1982  -10  -10  -10  -10  -10  -10  -10  -10  -10  -10  -10  -10   -10
1983  -10  -10  -10  -10  -10  -10  -10  -10  -10  -10  -10  -10   -10
1984  -10  -10  -10  -10  -10  -10  -10  -10  -10  -10  -10  -10   -10
1985  -10  -10  -10  -10  -10  -10  -10  -10  -10  -10  -10  -10   -10
1986  -10  -10  -10  -10  -10  -10  -10  -10  -10  -10  -10  -10   -10
1987  -10  -10  -10  -10  -10  -10  -10  -10  -10  -10  -10  -10   -10
1988  -10  -10  -10  -10  -10  -10  -10  -10  -10  -10  -10  -10   -10
1989  -10  -10  -10  -10  -10  -10  -10  -10  -10  -10  -10  -10   -10
1990  -10  -10  -10  -10  -10  -10  -10  -10  -10  -10  -10  -10   -10
1991  -10  -10  -10  -10  -10  -10  -10  -10  -10  -10  -10  -10   -10
1992  -10  -10  -10  -10  -10  -10  -10  -10  -10  -10  -10  -10   -10
1993  -10  -10  -10  -10  -10  -10  -10  -10  -10  -10  -10  -10   -10
1994  -10  -10  -10  -10  -10  -10  -10  -10  -10  -10  -10  -10   -10
1995  -10  -10  -10  -10  -10  -10  -10  -10  -10  -10  -10  -10   -10
1996  -10  -10  -10  -10  -10  -10  -10  -10  -10  -10  -10  -10   -10
1997  -10  -10  -10  -10  -10  -10  -10  -10  -10  -10  -10  -10   -10
1998  -10  -10  -10  -10  -10  -10  -10  -10  -10  -10  -10  -10   -10