1900  -10  -10  -10  -10  -10  -10  -10  -10  -10  -10  -10  -10   -10
1901  -10  -10  -10  -10  -10  -10  -10  -10  -10  -10  -10  -10   -10
1902 6443 1021  249  170 1294 3284 3590 5595 5478 1136 2167 2422 32849
1903 1237 1003  335  717 1451 1007 2628 4360 1836 5186 4053 3382 27195
1904 3070  670  200  100 1100 2630 4070 3770 1690 1510 1210 3640 23660
1905 1500  860 1550  890  210 1510 2680 2080 1860 3710 1230 2280 20360
1906 3280  130 1200 1080 6770  900 2020 1270 4240 6190 1910 3620 32610
1907 2010 2660  620 1400 2940 6190 2760 4080 5570  790 4370 2800 36190
1908 2180 2560  750 2520 3900  800 2330 5200 2010 3100 4170 5520 35040
1909 1720  930 2290 2700 1800  180 4660 2180 2370 3750 7110 2180 31870
1910 2250 1440 1590 1140 3570  470 2610 6830 5290 1340 3400 3620 33550
1911 2890  450  160 1170 1180  770 4440 5160 2460 1250 1690 4490 26110
1912 2330 1240  560  810 1090 1950 2170 1530 7770 4700 4220 3960 32330
1913 2810 1590 3710 1250 1620  590 2070 1290 4980 2690 2800 3390 28790
1914 2610 1590 1630  630 2540 1050 1190 6360 3550 1090 5050 3570 30860
1915 4000  760  860  610 5930  780 1940 1120 1470 4790 3700 2480 28440
1916 1440  870  370  170  420 2110  880 3610 4730 6930 4010 7390 32930
1917 3860 1390 2210 2010 2480 2640 6460 2810 1870 4070 5370 5360 40530
1918 1290 1110 1080  100  270 5510 3295 3850 1489 4892 2086 1880 26852
1919 1740  966 1555  584 1836 1609 2782 6570  480 4300 1870 5020 29312
1920 1520 1458 1280 2707  982 1700 6282 1490 2900 2100 2140 2260 26819
1921 2680 1450 1150  430  150 3540 2610 4110 2100 2320 5720 2070 28330
1922 1153 1511 2293  491  978 3881 2655 5325 7815 3269 5775 7362 42508
1923 3360 1130  820 1530 1460 2660  840 3850  560  380 2280 1530 20400
1924 1280  340 2130 1180  820  360 3580 1150 1040 4450 1070 1240 18640
1925 3656 2440  695 1793 1382 3123 3769 5419 5818 2345 1157 1384 32981
1926 1462 1761  879  942 2191 4100 4850  900 4380 3350 2440 1490 28745
1927 1611 1212 1273 2110 1070 4900 3850 4260 1190 1980  880 2700 27036
1928 1260  640 1260  390 1380 3950 3130 9010 5780 1550 3530 2610 34490
1929 1190 1200  350  560 3510 1030  690  560 1814 2043 5260 1097 19304
1930 1500  570 1500  560 3030  850 4840 2280 2580  670 6080 2550 27010
1931 1160  690 1040  270 3180 5800 1940 6230 6630  370 2780 1040 31130
1932  350 1220  940  640  740 1670 4340 1580 266016310 1520 2270 34240
1933 1556 1550 1810  990 1880 2600 2950 1370 3050 7670 3190  790 29406
1934 3170 2140  820  820 5490  330 3690 159011170 1730 6700  230 37880
1935  570  680  210  740  340 1350 3970 8690 3850 1550 8240 4880 35070
1936 3630 1480 3010   70 1240 1480 2390  280 3890 5100  670 5350 28590
1937 5170  710  630  120 1240 2970 1870 5590  550 1640 4570 7480 32540
1938 3400  400 3400  270  990  150  730 5740 3150  950 2530 3230 24940
1939 1170 1270  380 1110 5330 156011270 1900 236010290 4550 2510 43700
1940 1460  528  370  570 1740 1750 2820 4350 2815 2302 2255 1560 22520
1941  -10  -10  -10  -10  -10  -10  -10  -10  -10  -10  -10  -10   -10
1942  -10  -10  -10  -10  -10  -10  -10  -10  -10  -10  -10  -10   -10
1943  -10  -10  -10  -10  -10  -10  -10  -10  -10  -10  -10  -10   -10
1944  -10  -10  -10  -10  -10  -10  -10  -10  -10  -10  -10  -10   -10
1945  -10  -10  -10  -10  -10  -10  -10  -10  -10  -10  -10  -10   -10
1946  -10  -10  -10  -10  -10  -10  -10  -10  -10  -10  -10  -10   -10
1947 2158 1066 1348 3656 1398 4112 2354 3882 3599 3297 5025 3300 35195
1948  715 1026  225 1126  414 2696 2843 5086 3229 3659 2378 2645 26042
1949 2075  919  590  331  659 3160 2109 2582 5514 3355 1695 3499 26488
1950 2029 2200 1953 1384 3549 2911 1364 2261 5589 3433 1177 2077 29927
1951 2840 1610 1030  570  840 2440 2500 2870 2910 2620 1680 2560 24470
1952 2030 1540  810 1460  370 1060 3570 3220 5880 3570 2950 8470 34930
1953 1000 2220 1650 1360 1970 2190 1680 4250 4070 2330 4680 3460 30860
1954 2520 1910 4790  510 1800  850  810 3380 3010 3770 2910 1170 27430
1955 2720 1350 1940  990  500 2130 1280 7770 1270 3490 5040  500 28980
1956 2920  400  360  960  470 1070 2060 2440 6410 3260 2540 2240 25130
1957  760  350 1040  840 193010240  670 4270 4570 3060 7040 2730 37500
1958 3580 1770  480  360 2210 7510 4580 2140 5940 4580 2320 3380 38850
1959 1480  280 2430 2390  990 2350  980 5120 2570 1720 3760 5120 29190
1960 1850 1910  210 1590  420 1700 1140 4770 3530 2790  910 2260 23080
1961 1306  980  704  356 3238 1255 9223 7686 3460 1679 1524 2030 33441
1962 1382 1570  574  183   53 1138 2271 2952 2845 5474 3503  996 22941
1963  917 1473  160  480  455 5212 2169  693 2766 1074 1910 2441 19750
1964  780 2823 1050  249  434 4191  367 4171 5259 3711 9112 7348 39495
1965 1339  870 1138 2167 1537 2232 2807  609 1355  335 3305 1310 19004
1966 1622 1205 1184  565 2629 2316 2889 2533 3257 1523 6626 4327 30676
1967 1412 1536 1455  847  621 2351  794 5355 2133 1750 1277 3631 23162
1968 2156 1170  871 1697  457 1860 3600 1880 8893  959  340  278 24161
1969 1416 1874  555  125 1348 3576 3229  813 4709 2184 1623 2312 23764
1970 1336 1436 1521 1127 1531 2411 2514 3878 3764 2978 4099  236 26831
1971  870 1030  920  200  670 1866 3247 2640 2070 6240 2690 6580 29023
1972 2440  930  520  390 2960 1150 4270 5440 2540 2990 3390 1910 28930
1973 2780  660  680   90  190 4030 6550 5030 2380 5159 7181 2042 36772
1974  570 1390 1060 1230 3770 3360  780 13401780011930 8930 1760 53920
1975 2160 1380  820  350 2930 2500 266013180 2130 5300 2350 2060 37820
1976 1120  260  630  420 1250 4980 1100  630 2070 2280 1500  430 16670
1977 1880  320  140  170  640 4835 5516 2469 1566 3842 3910 3224 28512
1978  420  940  993   80 1570 2432 1070 2696 2998  560  910 1010 15679
1979  420  920  270 1840 2770 1628 1790 5500 1261 1360 3080  770 21609
1980 3300 2130 1180  530 2114  260 2070 1380 5110 5510 4120 3779 31483
1981 2480  473  690  280 1890 3928 3565 3721 5416 4540 2510 1520 31013
1982 1600  700  120  210 1110 4490 5650 8090 2490 1670 2080 3840 32050
1983 3610  860 1610  710 1480 1244 2340 4280 1290 4060 2720 1120 25324
1984 3180  438 2101 2207 3000 1470 1854 6110 1280 2380 2490 1760 28270
1985 1880  880 2330 1880 1560 5120 1120 5410 3450 5210 2890 3840 35570
1986 1570 1992  340  480 6460 5120 1580 5150 3640 2900 3290 1060 33582
1987 1070  310  150  107 1100 2600 6380  590 3980 2450 4900 3660 27297
1988 3720 2180 2710 1110 1510 1291 3131 2602 4430 2760 4430 1180 31054
1989 1050  730  730  730 2890 1569 2108 4490 4490 3860  900 1010 24557
1990 2320  590  360   90 1900 2900 2720 3130 3310 1090 1480 1780 21670
1991 1920 1850 2220  230  220 1835 3860 4769 5807 5393 1708  273 30085
1992 3306  700 1370  410 4190 1410 1070 5320 3150 5060  790 3432 30208
1993 1508 2000  730  100 1250  957 1560 1780 3100 4500 3130 3010 23625
1994 2180 1110  730  520 1650 2760 5420 5420 2230 1560  910 1150 25640
1995  956 1770  860   60 1733  670 2940 3340 3654 3334 1820 1083 22220
1996 1344 2107  488  715 3308 1165 3277  960 4149 3950 3115  929 25507
1997  -10  -10  680  210 5170  -10  490  -10  -10  -10  -10 2150   -10
1998  -10  -10  -10  -10 1280 2270 1670  -10  -10 8040  -10  -10   -10