1900  150  317  628  647 1138 1901 3127 1882 1062 2122 1067  308 14349
1901  207  169  520 1750 1880  851 2889 2093 2445 1223  306   75 14408
1902   57   48  177  413 2761 1644 4059 3589  552 1047 1312 1674 17333
1903  135  307  612  611 1810 3058 2459 2039 3454 1177  286   36 15984
1904   14    9  593 2498 2322 2307 3665 2492 4322 1869  882  329 21302
1905  128  108 1044  492 1149 3418 1378 2228 6365  930  578 1147 18965
1906  199  161  658 1627 3003 1693 1805  541 7427  322   59  342 17837
1907  420  133  230 1382 1725 1418 1778 2246 4989 7612  972  947 23852
1908  606  375  152  972 1158 2416 2824 2931 5645 4178  245 1144 22646
1909  208  246  262  539 2569 2313 2183 2346 2657 3597  839    1 17760
1910  250  345  299  860  856 2005 1153 2666 4400  354 2005  258 15451
1911  104  137  726  841 3270 1339 2527 2929 1130 1458 1157  398 16016
1912  510  328  532 1393 1412 2302 1358 2402 3132  331  461  888 15049
1913  144  208  570  955 2959 2276 2116 3809 5902 1813 1314 1132 23198
1914   63  554  236 1056 1695 2750 4933 1572 1926 3087 3359  643 21874
1915  100   59  456  341 1585 1875 3482 2549 1975 4620 2057  136 19235
1916  257  132  218  890 2261 3012 1447 1612 5763 1313   67  164 17136
1917  142  168  676  682 1140 1821 4368 3279 3103  793  338  515 17025
1918   40  112  597  653 2826 2293 3242 6704 4349  127 2018  490 23451
1919  120  271  465  787 1467 2016 2290 3228 2963  784 2243  300 16934
1920   57  566  366 1675 2192 2327 2518 2814 7396 1773 2773  544 25001
1921  214  429  272  563 3453 1906 2311 2885 4686  776  208  205 17908
1922  498  404  627  413 1430 2502 2761 4034 4945 1634  391  461 20100
1923    5  173  353 1826 1978 3048 5079 4683 2537 3573  827  464 24546
1924  349  413  129  698 1510 3594 3131 3078 2080 2109   13   37 17141
1925  427  187  689  833 2350 2445 1993 1435 2367 2351  846  469 16392
1926  198  564  772 1158 1842 2645 3988 3473 4279 5163  623  657 25362
1927   58  453  441  695 2687 2099 2921 2830 4545 2574  649  223 20175
1928  289  412  318  651 2545 1549 1724 3811 1134  969  696   33 14131
1929  103  461  181  733 1781 1582 3418 2411 4291  676  963  348 16948
1930  306  279  592  646 2807 1995 2613 2231 3703 1515  271  478 17436
1931   69   87  489 1176 1070 2196 2176 2462 3140  375  165  852 14257
1932   18  573  341  679  896 2496 2686 2291 4108 2168  866  722 17844
1933   93  245  377  706 1422 2014 1829 1811 3564 2128 1238  258 15685
1934  115  289  181  571 3104 3131 2958 2932 2404 4217 3680  402 23984
1935  396  414  439  663 2448 1788 3215 2345 2243 4152 1004  560 19667
1936   76  326  287  492 2147 1487 2326 3443 4581  544  288  751 16748
1937  378  133  265  771 2072 1780 2405 3609 4477  568  364  206 17028
1938  144  427  381  412 1760  844 2218 3222 2636 2683  893  352 15972
1939  160  263  392 1121 1856 2051 2894 2226 3598 1493 1490   16 17560
1940   56  229 1399  882 1545 2679 3443 3039 2016 2163 1230  198 18879
1941  423  483  657 1089 2067 2491 3583 3374 1297 2506 1491  634 20095
1942   28  113  752  954 1867 2049 5467 1848 1163 4733  543  555 20072
1943  147   82  459  762 1370 1847 2855 3698 4022 1578  333  168 17321
1944   68  324  367 1224 2329 2149 2714 3235 1656 2876 1488  352 18782
1945  118  450  265  935 1844 2442 1613 3649 3596  209 1610  515 17246
1946  100   71  472  754 2513 2325 3644 2534 2523  854  202  548 16540
1947  676  206  488 1044 1489 3784 3441 2682 6421  528  281  302 21342
1948   95  164  625 1269 2649 2158 3070 2378 4366 3165  171  476 20586
1949   43  620  238  964 1942 3170 1669 2622 5414 2745 2099  361 21887
1950  300  132  246  887 2245 2755 1863 2973 3284 1454 1122   99 17360
1951  338  153  386 1086 2007 3067 1784 4231 2909 2955 2080  590 21586
1952  127  193  523  872 2462 2573 2587 3044 4739  888   66  492 18566
1953  238  390  971  771 1110 3190 1372 3488 4376 2204 2586 1328 22024
1954  423  141  730 2218 1931 1079 1828 3062 6111 2724  256  204 20707
1955   85   94  192  854 1302 1973 1511  886 3535  449 1569   93 12543
1956  207  317   88 1729 1853 2223 2113 3506 2645 2242 1201  335 18459
1957  310  374 1059  472 1971 2848 2093 1866 1023 3653  498  137 16304
1958  587  603  462  325  938 3118 1021 2740 7248  746  102   14 17904
1959  108  744  414  993 1918 1171 1748 2345 1414  180  422  728 12185
1960  312   63  457  357 2537 2971 1538 3616 4930 4177  767  153 21878
1961  175  332  779 1813 2377 1666  924 2303 2798 1371  591  250 15379
1962  144  302  279  677 1754 1816 1548 2949 3204  874  872  183 14602
1963   55   93  354  350 2269 2794 3261 4351 6530  699  294  600 21650
1964  332  183  493  438 3760 1788 4000 3882 3005 4350  297  319 22847
1965   39  538  248 1841 2192 2606 1710 1107 2406  829 1844  334 15694
1966   78  570  581  701 1281 1092 3487 3150  764 1274  825  367 14170
1967  395  269  130 2470 1924 1852 1819 3403 4437  659  982  274 18614
1968   50  603  352  262 2111 1541  910 3056 2549  325  153   74 11986
1969  692  162  613  660  957 3288 3499 1264 1796 1180  109   58 14278
1970   79  205  312  708 1998 2230  636 1860 3173 3432 2631  730 17994
1971  175  115   41  313 3223 2240 2028 2466 2034 2570   47 1007 16259
1972  111  194  209  871 3514 2260 2331 5405 2631 2178 2575  476 22755
1973  216   58  103 1111 1308 1660 2370 4845 4870 2320 1051   45 19957
1974   46   92  609 1636 1894 2853 1479 2851 1152 2107  678  447 15844
1975  722  349  731  280 2927 3201 2409 4211 2852 1609  403  909 20603
1976   36  147  267 1152 1758 1949 3504 1687 4843 3480  345  214 19382
1977  323   60   59 1096 1752 1614 3433 2157 2126  361   87   80 13148
1978  141  201 1089 1032 2464 1606 2930 2408 4897 4045  522   24 21359
1979  271  426  184  976 2250 1677 2151 1997 3451  100  600   31 14114
1980   65  135   27  379 1391 3249 3687 3760 4455 2346  379  329 20202
1981   71   74  147 2944 1604 2216 2420 1969 2861 3754 1536   25 19621
1982   14  211   90  789  962 3602 2241 1027 4470 2372 2726  392 18896
1983  472  488  488  640 1396  904 3148 1969 3583 3190   11  137 16426
1984   66  166  458  795 2072 2767 1419 2774 3450 1264 1042  198 16471
1985  200  823  516 1498 1266 1725 1334 5291 5713 1818  529  131 20844
1986   16  527  153 1460 2269 2769 2771 1637 2433 1450  657  481 16623
1987   46   91  444 1090 2542 1502 3106 1576 2425 1684  735   27 15268
1988  112  260  279  873 2064 1826 1613 3967 1056 3766 1019  422 17257
1989  615   48  980  913 2291 1549 2116 2204 2182 2958  994  450 17300
1990  319  922  579  680 1863 2018 2362  935 2986 1882 2014   30 16590
1991  112   74  373  221 1105 3186 2474 2393  923 1960  384  377 13582
1992  283  766  396 1006 2346 2718 4016 1009 2726  285  288  627 16466
1993  137  217  294 1208 2388 2930 1371 3112 3885  933 1601  107 18183
1994   14  241  461  251 2083 3730 5082 3631 3977  417  172  959 21018
1995  294  169  466  401 1579 2392 2835 3260 2773 3559  722  122 18572
1996   62  374  561  551 1353 1207 1208 2556 7366  220  323  177 15958
1997  208  893 1094 2260 2463 2489 2463 3350 4539 1569   31  497 21856
1998  217  219  150  812 1486 2112 2718 4871 1750 1741  284  274 16634