1900    0   90    0    0    0  110 1030 1030 2500  270    0    0  5030
1901    0    0    0    0    0  380 1060 1270 1610   20   20    0  4360
1902    0    0    0    0  220   40  600 1840 1230  700    0    0  4630
1903    0    0    0    0    0   80   40 2830 1130   20    0    0  4100
1904    0    0    0    0    0   60  790 3400  840   30  140  200  5460
1905    0  130   50    0    0  170  860 1980  610 1660    0   50  5510
1906    0    0    0    0   10  160 1960 4690 1440  260   10 1010  9540
1907   30    0    0    0    0    0 1360 1090 1140  860    0    0  4480
1908    0    0    0    0    0   10  420 3650 1200  510    0  210  6000
1909    0    0    0    0    0  110 1320 4040  950 1480    0    0  7900
1910    0    0    0    0    0   50  810 1910  590   30    0    0  3390
1911    0    0    0    0    0   70  590 2460 1570  190   10    0  4890
1912    0    0    0    0    0    0  240 2240 1550  270    0    0  4300
1913   90    0    0    0    0   50  860  930 1090   50    0    0  3070
1914    0    0    0    0    0  200  460 1840 1170  200   80    0  3950
1915    0    0    0    0    0   30 2830 4570 1340  130    0    0  8900
1916    0   30    0    0    0  220  590 1390 1040  120    0    0  3390
1917    0    0    0    0    0  620  260 3310 2790    0    0    0  6980
1918   40    0    0    0    0  360  700 4160 2120 1610    0    0  8990
1919    0    0    0    0   50  260  750  980 1910  120    0    0  4070
1920    0   70    0    0    0   30  270 1840 1420  420    0    0  4050
1921    0    0    0    0    0  220   30 1320  650 1120    0   10  3350
1922    0    0    0    0    0    0   30 1580 1670 1080    0    0  4360
1923   10    0    0    0    0   20 1360 3210 1380  470    0    0  6450
1924    0    0    0    0    0   20  690 2480 1990    0   70    0  5250
1925    0    0    0    0    0  190  230 2130 1100  350    0    0  4000
1926    0    0    0    0    0  100 1220 2040 1420  190    0    0  4970
1927    0   10    0    0    0  380  860 4760 1780  570   90    0  8450
1928    0    0    0    0    0  160  650 2090  940  410    0    0  4250
1929    0    0    0    0    0  510  530 4000 1010   60    0  150  6260
1930    0    0    0    0    0  220 1130 2450 3180   80    0    0  7060
1931    0   20    0    0    0   60 1590  530 1640  110    0    0  3950
1932    0    0    0    0    0  170  820 4550  560   60    0    0  6160
1933   10    0    0    0    0  930 1070 2260 1500  180  290    0  6240
1934    0    0    0    0    0   40  230 2410 1680   10   60    0  4430
1935   20    0    0    0    0  330 2550 4050 1170   30    0    0  8150
1936    0    0    0    0    0  550  480 1780 1550  310   50    0  4720
1937    0    0    0    0    0  120  500 1620 1210  400    0    0  3850
1938    0    0   20    0    0    0  510 2510 2340 1380    0    0  6760
1939    0    0    0    0    0    0  680 2890 1790  930    0   30  6320
1940    0    0    0    0    0  680  440 3800 1100  730    0    0  6750
1941    0    0    0    0    0    7  158  381 1920   70    0    0  2536
1942    0  110    0    0    0    5   58 2527 1081   13  530    0  4324
1943    0  100    0    4   87   70 1023 2384 2259 1025    0 1120  8072
1944    0    0    0    8    0    7  454 2666  998  181    0    0  4314
1945    0    0    0    0    0   10  725  953 1603  877    0    0  4168
1946    0    0    0    0    0    0  261 2976 1827  139    0    0  5203
1947    0    0    0    0    0   20  230 1270 2200   90   40    0  3850
1948    0   20    0    0    0  250  300 3510  550  130  200    0  4960
1949    0    0    0    0    0   10 1110 1960 1250  220    0   20  4570
1950    0    0    0    0   40   60  800 4100 2600  500    0    0  8100
1951    0    0    0    0  200   50  900 2200 3000 2500  190    0  9040
1952    0    0    0   10  100   20  700 1700 3300  300    0    0  6130
1953    0    0    0   10    0  100 1400  700 1700  300    0    0  4210
1954    0  200    0    0    0  300 1400 3800 1500  100  220    0  7520
1955    0    0    0    0   10  200 2700 2400 1300  100    0    0  6710
1956    0    0    0    0   10   20 1800 1100 1000  200    0  580  4710
1957   70   10    0    0    0  100  200 1400 2200 2000    0   90  6070
1958    0    0    0    0   10   40  800 4900 1600  900   40    0  8290
1959    0    0    0    0   10   60  600 1200  800    0   40    0  2710
1960    0    0    0    0    0   20  980 2990 1300  500    0    0  5790
1961    0    0    0    0    0  340 2200 1380 2200    0    0    0  6120
1962    0   10    0    0    0  140  530 4130  570 1720    0    0  7100
1963    0    0    0    0    0   40  340 2010 1140 1000    0    0  4530
1964   40    0    0    0    0   40 1420 2770 1430    0    0    0  5700
1965    0   40    0    0    0   50  150 2050 1710  120    0    0  4120
1966    0    0    0    0    0 1250   30 1390 2670 1530    0    0  6870
1967    0    0    0    0    0   20  900 2580 3700 1830    0    0  9030
1968    0  120    0    0    0   20  390  200 1300  560    0    0  2590
1969    0    0    0    0    0    0 1760 2790 2330  620    0    0  7500
1970    0    0    0    0    0    0   60 1100  580   20    0    0  1760
1971    0   20    0    0    0  130  650 1960  680  260    0    0  3700
1972    0    0    0    0    0   90    0  350  660   60    0    0  1160
1973    0    0    0    0    0   50  590 1700  530    0    0    0  2870
1974    0    0    0    0    0    0  510 1360 1490  310    0    0  3670
1975    0    0    0    0    0    0 2060 1790 1610  180    0    0  5640
1976    0    0    0    0    0    0  170 1190 1910  440   80   86  3876
1977    0    0    0    0    0    0   80  487 1120    0    0    0  1687
1978    0    0    0    0    0    0  570 1500  760  200  200   10  3240
1979  510    0    0    0    0  760  810  820  520    0    0    0  3420
1980    0    0    0    0    0    0  260 1100 2270  140    0    0  3770
1981   30    0    0    0    0  240  720 1750  530  110    0    0  3380
1982    0    0    0    0    0    0 1050 1150  470  430    0    0  3100
1983    0    0    0    0    0  100    4  816  629    0    0    0  1549
1984    0    0    0    0    0   77  188  699 1335   45    0    0  2344
1985   10    0    0    0    0  135  724 2601 1439  155    0    0  5064
1986    0   20    0    0    0    0  235  950 2606   84    0    0  3895
1987    0    0    0    0    0   37  538 2473 1188  194    0    0  4430
1988    0  100    0    0    0  189   96 2049 2053  229    0   10  4726
1989    0    0    0    0    0  270  860 3390  920   40   10    0  5490
1990  120    0    0    0    0   34  244  995 1051  230    0    0  2674
1991    0    0    0    0    0    0  685 1020 1220 2330    1    9  5265
1992    0  400    0    0   10    0  390  860  490    0    0    0  2150
1993    0    0    0    0    0    0  650  840 1670   90    0    0  3250
1994    0    0    0    0    0   40  290 1544 1510    0    0    0  3384
1995    0   50    0    0   10  120  590 3060  570  220    0  190  4810
1996    0    0    0    0    0    0  760 1030 2400  426    0    0  4616
1997    0    0    0    0    0  232  -10  690  960   10    0    0   -10
1998    0    0    0    0    0    0   10 1910 1490    0    0    0  3410