1900 1020  550 1650  660 4510  630 1530  360  580 1550 1360  960 15360
1901  410  750  300 3090 4730 1270  880  470  410 1270  770  150 14500
1902    0  200  180 1340 1950  970 1600  720  490 2490 1440  630 12010
1903  290  220  680  960 1710  480  790 1290  580  200  860  370  8430
1904  230    0  990 2210 4010 2650 1390  570  580  540 1490  230 14890
1905   50   40 1460 3730 3260  790  250  990 1690  470  840  610 14180
1906  270  720  790 4920 5070 2600  480   90  230  200  970 2000 18340
1907  350  230  100  390 6100  230  700  340  300 2230  350  270 11590
1908   50    0    0 2680 5570 1140 1420  500  450  820  480  100 13210
1909  110    0 1080 3880 1590  580 2050  560  620 3050 1100 1020 15640
1910  360    0    0 1830 2820  630 1120  570   90  550 2060  530 10560
1911   40    0  270 2260 3180 1130  950  690  150  370 1480  150 10670
1912   80  810  530 3150  550  130  350  730  400  310 1490  830  9360
1913    0   90  850 2900 3120  620  710  430  870 1010   20   60 10680
1914  420   40  330 1280 2030  580  600  840  330 1050  400  380  8280
1915    0    0  870 1640 4640 3820  920  280  970  670  350  160 14320
1916    0    0 1110 3100 1390 1180  990  990  800  350  190  460 10560
1917  580  560  610 4280 1990  510  460  500  240  120  110  200 10160
1918    0    0    0  530 1680 1160 1730  900  870   40 1190  700  8800
1919   70    0 1550 1480 1170 1190 1020  610  450 1800  250  190  9780
1920  230    0   80 3870 3620  580 1420  260  550 2350  310  490 13760
1921  280    0  600 3960 1960  820  790  460  480  100  250   40  9740
1922   20    0 1440  74010270 1250  870  430  280   60 2110 1060 18530
1923  640  390  200  670  920 1380 1000 1240  900  700  680  250  8970
1924  140  280  650 1620 1520 2440  600  480  450   80  190  530  8980
1925 1180  150  160  140 1640 1470 2940  510  500 2270 1420  540 12920
1926    0   60 1110 1020 1810 1470 1000  590 2400  190  910  180 10740
1927   30    0 1290  730 3130 1290  530  330  590  690  860 1060 10530
1928  280  161  614 1805 2880 1018  811  651  646  911  960  646 11383
1929  270   10  450 4140 1460 1620 1040  220  570 1320  910  710 12720
1930  790  450 2620 1630  660  210  310  660  370 1500  900  670 10770
1931   30  180  150  220 6130  480 1780  600 1230  630  200 1450 13080
1932  200   30  630 1170 5000 1330  550 1240 1390  140  560 1220 13460
1933 1420   60  240  710 1250  840 1020  940  700  150 1450 1540 10320
1934  310   30  250  600 5520 3470 2600  740  390  820  280  790 15800
1935   30  260 1090 1120 3880 1430  650 1030  990  600  680 1190 12950
1936 1020  120  190 2680 1900 3460  320  590  910  690  470 2620 14970
1937   30  100  960 3510 2690  960  400  880  840 2480  790 1040 14680
1938  250   10 1130 1960 4860  900  630  570  320 1160 1410  720 13920
1939  100    0  600  370 4790 1180  220  610  530  700 1050  220 10370
1940  590  260 1050 5620 4250  770  520 1110  310 1070  280  490 16320
1941    0    0   50 1500 3470 2420  630 1510 1380  780  460  650 12850
1942  110  140 1740 2340 2290  720  770  700  140  380 1520   20 10870
1943   20  820  220 2570  860 1350  870  420  440  790  950   80  9390
1944  140    0  200 2680 3340 1010  770  840  240 2720  710  340 12990
1945  120   60  240 2810 4890  380  630  380  550  110 2150   20 12340
1946   10   10   10 1270 3830  500  490 1260 3230 1370  510  120 12610
1947  570    0 1000 249010000  850   70 2350  480  280  390  340 18820
1948   50  240  150 2440 1620 1200  960  900  370 1310  740 2230 12210
1949    0    0    0  610 1680  360 1370  630  970  180  470  970  7240
1950    0   10  500 1780 2730  470 1080  440  550  490  870  240  9160
1951   10  180  670 1170 4520  280  910  270  100 2560 1310 1190 13170
1952  250   90   90  600 1380  590  200  500  570  510  660  410  5850
1953  850  270  540 1880 3010   60 1100 1400 1170 2180  380  130 12970
1954    0  310  650 2520 1450  510  380  320  440  300  350  360  7590
1955  340  550   50 1750 2250  790  280  220  100  350  850  790  8320
1956 1100  340  590 1050 1510  770  260  100  400  560  810  470  7960
1957  930   10  480 1780 2590  810  750  590  940  550 2260  800 12490
1958    0  200 2520  820 2680 1350  370  280  390  150   90  290  9140
1959   80  120  350 6010 1690  730  600  670  140  390  100  940 11820
1960   50   90 1100 1730 3110 1070  320  250  150  880  420  290  9460
1961   76  900   50  682  360  627 2047  562 3000 1912 2170 1155 13541
1962  605    0 1397  721 1310  510  560  660  200  320  470  910  7663
1963  130   10 1140 4060 1770 1170  670  610  280  560 2050 1090 13540
1964 1300   70  150 1200 1750  350  270  400  320 1010  278 1510  8608
1965  530    0   50 1090 1930 1000  310  350 1080  890 2540   20  9790
1966  670  150  660 2000 3270  910  440  690  240 1770  830  420 12050
1967    0  280   80 1990 2230  890  800 2160 2641 2790 1950   30 15841
1968    0  200 2525 2510 4170 1190 1170 1240  670  750 3160  280 17865
1969   45  924  150  230  844  570  809 1149  220 1367 1120  140  7568
1970  730    0  719 1110 1301  290  521  819  400  311  611  797  7609
1971   10    0  388  520 1430 1240  400  180  230  100  100  840  5438
1972 1070  100  160  190 4700   30  764  940 1730 3283  840  560 14367
1973  180    0   10 2070 2660 1820  220  650  240  960 1030  330 10170
1974   10   20  120  310 1940 1050 1090  180  420  100  670  352  6262
1975  310   20  100 1800 2260  990 1100  110  440  230   40  580  7980
1976  117   91  387 1174 1840 1054 1191  651  707  443  107 1029  8791
1977  271    6  362  976  631 1018  811  651  973 2971 1822 1301 11793
1978  538  157 1005 2503 2411 1080  486  258  231  395 1676 1537 12277
1979 1945  216  521 1729 2880 1272  606  232  646  433  809  646 11935
1980   10  269  232 2385  788  232  539 2128  394  215  960  257  8409
1981  596   48 2019  876 1263  779 1304 1304  321 1663 1018 1249 12440
1982   16    0  482 1549 6648 1112 1408  349 1495 1997  856  555 16467
1983    0  156  147  810 5944 1100 1048  742  742  258  349  522 11818
1984    0    0  340 2466 1438 1987  773  247 1860 1849 1469  670 13099
1985  158  330   77 1370 1691  521 1074  222  370  169  584 1857  8423
1986   67    6  214 3273 1218  362  302  675  250  402  493 1248  8510
1987  168    0    0 1146 3529  273  885 1664  403  259  217  126  8670
1988   97   27  224 3221  545 1591  518  435  472  260 1085  840  9315
1989  197    3  884 1412 1788  564  511  794  380 1490 1445  902 10370
1990  315  527 1620  749 1164  970  214  317  396 1865  622 1429 10188
1991  185    4  371  267 4280 1401 1115 1142  202  899  252  579 10697
1992   91  119  165 1271 3113  542  891  695  280  354  778  647  8946
1993  381  106 1988 1116  782 1017  616  994  372 1300 1133  698 10503
1994  112   90  171 1760 2130  733  894  658  684 1198 1193  966 10589
1995  246  129  740 1423 2348  332  537 1436  752 1301  782  924 10950
1996  238  363  588 1414 2795  392  518  417  229  280  541  294  8069
1997  332    0  752 2364 8444 1849  321  322  582 4920  892 1643 22421
1998 1700  242  743 3421 1640 1830  655  289  769  413  867  124 12693