1900    0    0  239  152  307  193  617  180  135  305    0   61  2189
1901  236    0    0    0  615  206  371  175  665  810  122  320  3520
1902    0  140  419  579  366  523 1016 2598 1196   63   69   46  7015
1903    0  102  320  660  409   15 1021 2215  815  617  358  178  6710
1904    0    0  168  249  282  597 3698  808    0  317   89   86  6294
1905  130   13  295   86  635  178 3066  785 1427  535  135  465  7750
1906   99    0   38  130  836  561  666 1593  361  152  109  373  4918
1907   61    0   51  422  965  495 4445 1768  434  152   51    0  8844
1908   33  178    0   48  602  996 1702  353 1062 1603    0   74  6651
1909  122   38   69  556    0  450 1836 2322  198  264  406   76  6337
1910  109    0  119  183    0 1184 2347 1298  409    0 1262  117  7028
1911  297    0  444  163  328  749 1740  406 2080  190 1265  262  7924
1912    0  274   46  124  249  447 1247 1062  104  401   56  165  4175
1913   63    0   20  427  198 2367 2347  770  310   86   20    0  6608
1914  213  292  262  180  310  998 1582 1554 2131  795  678    0  8995
1915  185  165   74  234  221  823 1412  287  168  155  295    0  4019
1916  190  107   48  190  490  561  813  643  480   61   94  145  3822
1917    0    0    0    3  295  132  874 1443 1643  137  140   18  4685
1918    0    3  389  112 1110  597  404 1082  333   71  533   74  4708
1919  104   23   38  112  602  269   66  744  851  709   25  236  3779
1920  130   81   36  366   25  645  749  526 1615  272  155  124  4724
1921   30  102   38  234    0  345  993  442 1270  178   97   84  3813
1922    0   81  178  193  566  196 1041 1473 1443  351  406  160  6088
1923   79  114  556  528  221  439  973 1511  213  274  140  165  5213
1924    0  150  173  696  127  432  932  955  300  386    0    0  4151
1925    0    0    0   25  231  529 1080 1720  791  452   10   99  4937
1926   63    0    0  246  779  317 1348 2108  258  584  127    0  5830
1927   18    0  264   35  391   20  782  665    0  686   28  300  3189
1928  597    0  168   15   20  104  630  615  686  170  229   53  3287
1929  104    0   15   10    0  135 1384  887  163   31    0  470  3199
1930    0  203  537  543  219  558  600  531  624  236  607   29  4687
1931  130   17   67  306  315  423 1091 2686 1579    0  295  226  7135
1932   65    3  132  185  547 1240 1528 2453  335  319    0   15  6822
1933   14   64  109  323  743  656 1194  749  420  127   83  921  5403
1934    0    0  271  261  394 1101 1361  885 1299  490  254  275  6591
1935   82    0  124   46  765 1340 2744  684   53  954  316  116  7224
1936   26   10  172  603  316  208 1993  725 2295   18  171  118  6655
1937   48  208   12  757  112   35 1238  634 1073  333   86   83  4619
1938  201  118  648   43  988  625 1333  789  181  416   67  199  5608
1939   80   71  153  292  315  541 1148 1683 1057  546  595   50  6531
1940   70  112   81  259  272  683 1948 1641  578  432  789  240  7105
1941   93   79  194  194  459  879 1452 1485  558  318  360  216  6287
1942   66   58  229  562  397  288 1620 1380  848  315  202   79  6044
1943   57   60  175  245  467  577 1269 1257 1146  309  334   96  5992
1944  108   91   60  446  285  687 1285 1275  836  277  410   70  5830
1945   53   73  281  366  318  968 1816 1467 1265  562  257  117  7543
1946  112   51  286  313  499 1246 1743 1761  994  408  227  138  7778
1947  235   39  160  208  304  838 2551 1563  861  202  151  341  7453
1948  210   86  269  453  410  863 2275 1699 1091  260  106  388  8110
1949   91  146  171  317  333  533 2234 1701  988  305  306  281  7406
1950  339  121  120  607  423  772 1943 1600  503  567  214  128  7337
1951  112  171  142  372  629  552 1885 2228  727  454  341  242  7855
1952   12   30   37  847   61 1000  610  987  819  684  329   48  5464
1953   43   23  383   32  819  424 1591 3315   79  789   57  112  7667
1954  130  474   15  279  164  769 2001 1063  667  292  385  137  6376
1955   13    8   38  388  486  895 2597 1113 1555   82  189  121  7485
1956  136  164  447  170  244 1547 1157  600  991  183   37  142  5818
1957  138   49   62  304  129  648 1998  919   15  309  279  245  5095
1958  474    8  118  221   24 1136  296  743 1003  689  336  324  5372
1959  315  253  413  491  311 1555 2088 4311  995  496  459  118 11805
1960   72   32  280  424  454 1767 3558 1633  505  219  229   48  9221
1961   77   40  172  223  967  547 1678  788 1664  276  652  217  7301
1962   36   68    8  609   26  864 2744 1912 2461  339  488  171  9726
1963  152   13  297 1213 1003  185 9319  584  168  143  486  405 13968
1964  322   60  198 1357  813  630 2272 1330 1252  930  215   38  9417
1965  170   84   30  133  185  148 4417 2726  135  298  643   31  9000
1966   43  178  487  404  164 1724  861 1295 1926  877  522   68  8549
1967  301  251  265  399  500  650 2917  714  435  250  363  391  7436
1968   30   46  473  481  227   74  441 2455  155  574  155  171  5282
1969  224  367  296  612  203  231 1041 1815 1087  109  212  193  6390
1970    8  110   37   24  584  808 2546 2151 1379  336   58  150  8191
1971  146   76  404  364  135 1032 1877  905 2606  178   71  263  8057
1972  511   26  169  197  431  152 2151 1677  632 1057  398   66  7467
1973   68  109   15  362 1825  598 1023 1491  892  327   54   44  6808
1974   42   85   46  650 1152  340  478 2879  332  234  247  302  6787
1975  108  131  198  980  143  317 2227 3845 1664  828  474  258 11173
1976  103  323  106  231  208 1085  875 3800  336  426  136  142  7771
1977   47    5   22 1189  507  167 1024 1261  241  415  555  200  5633
1978   48   29  160   18   69 2620 1414 1603  831  132  218   61  7203
1979  182  165  311 1089  376 1095 1069 1288  251  729  247  279  7081
1980  104  106   44  495  351 1469  767  725  392  282  150  294  5179
1981  124  115  236  276  119  355 1870  807  524  455  103   67  5051
1982  155   77   49  170  838  274  147  564   31  318  696  110  3429
1983  119   62  168  404  374  192 2006  726  832  502  130   49  5564
1984   44   49   88  393  361 1004 1662 1599 1156  278  313  328  7275
1985  114   88  180  390  828  575 1911 2402 1185  691  285  244  8893
1986   53   47  195  196  293  917 1708 1271  665  418   95  259  6117
1987  246  127  192  609  379  791 1758 2170  782  554  429   37  8074
1988   71   33  107  200  456  526 1892 1047  617  202   45   82  5278
1989  381   86  350  224  265  863 1600  992  610  283  385   73  6112
1990  328  322  284  494  848 1142 2106 1586 1233  139  327  146  8955
1991  148  108  306  423  508  885 2325 1026  690  251  208  268  7146
1992  112  116  218  369  518  455 1496 1361  892  237  235  281  6290
1993  147  202  137  371  491  937 2153 2222  571  312  627  104  8274
1994   72   80  145  356  420  716 1764 1882  498  761  299  306  7299
1995  100   68  180  297  368  649 1948 1967  465  409   94   45  6590
1996  127   40  296  309  219 1106 2022 1669  472  612  347  114  7333
1997   85  138  168  388  634  349 1092 1700  341  224  630  325  6074
1998  244  149  243  673  797  775 1974 2576  483  377   89   77  8457