1900  619  591  498  530  522  785  296  422  917  269  874  285  6608
1901  401  340  641  668  442  556  857  406  884  610  256  382  6443
1902  138  509  245  676  953  711  371  707  510  372  805  596  6593
1903  388  156  416  431  641  680  220  163  600  341  376  791  5203
1904  614  401  535  330  320  733   89  308  504  266  302  383  4785
1905  440  190  212  449  724  548  344  425  785  330  908  246  5601
1906  387  581  439  895  294  219  466   47  421  746  501  735  5731
1907  341  307  193  574  717  221  368  167  714 1545  530  464  6141
1908  274  325  510  703  612  975  387  389  526  683  360  776  6520
1909  151  264  462  349  545  662  213  311  482  343  537  440  4759
1910  455  663  332  502 1051  588  336  391  536  558  454  487  6353
1911  249  121  580  232 1142  642  174  234  307  860  576  335  5452
1912  277  357  343  505  388  565  425  291  474  388  500   76  4589
1913  435  377  944  628  729  704  206  418  937  834  292  315  6819
1914  117  500  598  387  896  562  573  554  460  697  567  609  6520
1915  862  658  568  653 1292  675  440  336  465  660  662  415  7686
1916   78  823  521  518  517  200  445  220  527  288  575  700  5412
1917  449  582  479  558 1051  674  240  298  296  482  383  710  6202
1918  260   62  646  763  516  356  319  221  510  721  695  273  5342
1919  717  771  582  579  765  468  304   99 1006  989  676  277  7233
1920  290  166  678  302  485  831  429  285  608  896  607  467  6044
1921  171  550  366  472 1280  323  253  489  770  353  332  291  5650
1922  583  311  674  726  296  910  291  365  493  402  418  244  5713
1923  331  438  568  844  578  146  706  235  686  201  921  607  6261
1924  375  311  456  336  337  385  286  365  372  384  522  511  4640
1925   74  423  321  564  636  270  430  305  240  647  700  286  4896
1926  560  631  494  768  795  427  216  588  665  804  797  350  7095
1927  353  199 1168  209 1097  782  301  409  852  537  576 1070  7553
1928  361  258 1105  839  448  217  148  174  732  547  851  317  5997
1929   82  250  126  333  731  858  149  357  536  672  574  396  5064
1930  624  548  711  666  837  843  259  340  400  806  546  928  7508
1931  322  538  886  520  743  185  205  301  475  615  672  133  5595
1932  162  261  802  630  695 1010 1209  662  726  368  444  962  7931
1933  264  306  481  329  640 1110  230  100 1334 1363  790 1021  7968
1934  191  216  720 1250  499  402  238  645  452  293 1499  962  7367
1935  543  456  743  329 1463  341  367  598  528  613 1081  985  8047
1936 1023  794 1043 1105 1501 1015  816  312  908  991  809  285 10602
1937  512  728 1121  789  606  978  284  353  405 1475  538 1187  8976
1938  468  273  206  325 1197  423  330  832 1162  887  630 1140  7873
1939  637  485 1093  529  469 1152  355  775  747  590  881 1022  8735
1940  594  620  486  761  985 1063  569  643  440 1396  825  899  9281
1941 1561 1051  250  475  764  476  450  647  646  180  599  144  7243
1942  552  208  332 1641  212  436  136  627  688  650  248  316  6046
1943  494  286  451  492  442  272  687  548  790  646  482  577  6167
1944   99  506   89  386  830  646  191  579  679  397  336  486  5224
1945  831   38  351  126  446  283  292  702  371  201  575  891  5107
1946  311   46  250 1087 1439  457  108  527  408  350  319  694  5996
1947  279  850  640  129  824  255  375  515  656  529  269  485  5806
1948  769  221  288  474  743  317  288  373  282  319   99  306  4479
1949  156   79  376  227  900  366  262  442  771  210  648  401  4838
1950  138  335  419  379  703  228  194  476  290  244  279  870  4555
1951  566  640  735  649  885  625  329  550  624  761  613  409  7386
1952  382  296  590  598  545  362  738  359  288  622  393  451  5624
1953  223  221  115  462  198 1512  232  272  509  809  124  654  5331
1954  388  462  822  442  771  576  295  214  388  150  349  385  5242
1955  885  603  160   93  272  979  499  460  389  675  322  695  6032
1956  407  180  812  576  803  503  269  742  758  249  361  181  5841
1957  123  343  245  707 1110 1243  114  386  334  371  402  219  5597
1958  474  124  644  430  287  529  429  367  449  249  415 1312  5709
1959  219  494 1172  594  658  479  381  544 1432  872  869  936  8650
1960  551  475  814   79  431  556  717  381  690 1697  508 1240  8139
1961  568  203  111  898  689  452  428  475  723  643 1113  359  6662
1962  560  565  512  667  530  384  286  160  765  669  893  441  6432
1963  624  552  465  801  303  969  424  972  862  235  708  547  7462
1964   71  758  517  553  611  562  299  258  748  524  602  552  6055
1965  525  296  626  253  409  346  256  368  960  965  822  767  6593
1966  554  803  157  715  674  463  339  426  319 1128  848  358  6784
1967  302  283  399  491  411  234  217  297  303  590 1530  416  5473
1968  218  616  498  606  931  639  436  929  327  118 1066  638  7022
1969  433  517 1067 1284  628  753  468  300 1152  515  382  557  8056
1970  774  402  244  217  669  625  133  417   31  694  386  460  5052
1971  627  335  643  965 1192  654  537  252  761  330  723  817  7836
1972  887  727  416  543  892 1000  359  698 1183  554  573  449  8281
1973  399  344  149  430  454  836  424  385  575  181  269  761  5207
1974  318  470 1265  513  502  545  605  599  925  701  491  106  7040
1975  343  311  697  336 1082  562  114  840  650  209  636  468  6248
1976  162  431  303  782  515  219  456  711  513  817  426  657  5992
1977  729  306  315  518 1245 1092  752  492   48  710  329  472  7008
1978  700  506  641  786  581  637   84  243  303   96  114  660  5351
1979 1424  625  617  577  833  420  207  234  413 1051  460  388  7249
1980  257  310  598  340  932  516  248  409  242  597  821  427  5697
1981  280  434  331  742  570  565  276  226  518  401   42 1071  5456
1982  407  716  469  193  494  366  492  821  495 1014  758  548  6773
1983   26  536  273  673  331  413  305 1129  103  316  843  512  5460
1984  525  398  724  309 1262  374   82  374  411  411 1233  269  6372
1985  460  423  439  485  860  393  425  127   43  267  496  384  4802
1986  624  385  266  884  444  218  142  165  595  432  428  349  4932
1987  575  483  291  378  504  324  481  242  288 1267  531  528  5892
1988  897  321  383 1312  792 1143  344  117  222  449  271  179  6430
1989  148  528  307  932  357  236  189  791  504  128  834  295  5249
1990  234  219  102  659  804  726  262  374  413  778  608  460  5639
1991  269  481  590  694  483  316  196  218  826  520  755  229  5577
1992  167  147  403  359  715 1469  280  655  692 1252  217  470  6826
1993   11  197  233  920  734  491  168  484  999  800  341  574  5952
1994  252  412   73  619  575  290  147  108 1076  789  470  375  5186
1995  333  312  239  289  431  382  308  404  539  203  461  920  4821
1996  829  503  435  538  751  452  325  714  579  388  923 1079  7516
1997  854   86   86  560  835  903  502  950  429  289  879  731  7104
1998  394  201  181  674  758  180  137  299  647  387  423  562  4843