1900  113    4   75 2630  829 7190 5755 3532 1215 2375  713  218 24649
1901  248  365  674 1031 1974 7404 4333 2523 1540 1559 3975  229 25855
1902    2   20  540  715 1147 400610643 2399 3760 3304 1055  826 28417
1903    0  219   70  823 3535 6664 7407 3667 2964 3119 1830  507 30805
1904  441   14  881  630 2549 8866 5416 2633 1516 2844  158   20 25968
1905    0  165   64  486 2338 6526 3549 1626 1537 4388  587    0 21266
1906  301   55   10  315 1758 4461 9254 2934 1099 1912 1066  925 24090
1907  240    8  376 1261  960 7788 5714 8669 2177 3099 1332  433 32057
1908  133  180  265 1443 1539 6252 9339 3011 1660 2758  370  199 27149
1909  488  171  363  943 4046 7275 6996 2148 1655 1226 2154   97 27562
1910    1  153  165 1760 1621 7313 4711 3287 2103 4414 3482    2 29012
1911   32   94   92  812 3268 7878 6814 1685  510 3654 2002  935 27776
1912    9  102   85 1343 237311374 6766 4788 2071 6077 1099  142 36229
1913   52  232   34  518 2351 5075 7436 1758 1858 4417  883  325 24939
1914    0   19  136   37 1918 6482 7360 3993 1924 4157  836 1273 28135
1915  209  206  983 1083 2176 6105 8831 2863 3889 1790 3414  247 31796
1916    0  139  186  683 2599 7156 5181 3406 3282 3113  909  143 26797
1917    7  250  700  237 1305 7344 2874 3209 4676 2439 2271  477 25789
1918  485   40  168  295 6622 4915 1660 3411 1150 1905 3374  643 24668
1919  601  172  327  494 3537 5725 6320 4033 2308 2779 3803  597 30696
1920   86    8  170 1891  68811509 6868 1935 2142 4220 3262   86 32865
1921  682   56  200 2006 1628 5071 4946 6636 1377 3173 1155   67 26997
1922  180  266  585  953 4628 8496 9845 2892 2140 2481 3567  141 36174
1923  243    0  602  197  969 6423 7318 7385 3335 2411  786  243 29912
1924  200   47  763 1868 25251087211686 6817 2644 1574 1920  455 41371
1925    1   75  847 1080 3942 6695 5105 5287 2125 2683 3970  958 32768
1926  400   37  182  233 2786 7875 8107 3698 3528 2355  955  161 30317
1927  208  224  455  606 4823 7807 8223 2103 4701 1117 1263   89 31619
1928  185  845  453 1225  807 5683 3843 6073  936 3687 1637  497 25871
1929  343  421  467 2341 125410638 7546 2338 2940 4271 2186  463 35208
1930  145  123  538  852 4359 5971 3237 2639 3877 4780 1959 1600 30080
1931   21   16  223 1104 1590 5293 630210526 1415 1359 1216  854 29919
1932    0   98  118  792 6818 3428 4933 3673 2507 6912 2364  328 31971
1933    0  118  347 1927 8510 7119 5539 3561 3628 3579 1571  257 36156
1934  566   33  391 1476  992 9169 3176 2277  413 3877 1361   33 23764
1935  198   53  129  800  617 4297 5342 2364 2406 3517 1120  107 20950
1936    0  206 1076  324 5437 5491 6535 3153 3562 2126 2200   95 30205
1937   48   93  301 1458 1231 594110074 2869 1449 3582 1361  215 28622
1938    2  571  151 1346 1842 6891 6491 2704 1758 1643  904  202 24505
1939   89   36  242 2175 1959 9695 6508 3342 1731 3570 2697   47 32091
1940    7    0    6 1413 2745 623110195 6678  559 3830 2823  344 34831
1941  223   55   56 1022 5218 9015 3956 3570 2686 3237 2263  816 32117
1942    2   76  118 1379 2715 9016 6187 2326  901 4636  847 1195 29398
1943  444  178  434  963 525610113 7253 1653 1872 3657 2847  207 34877
1944  107  174  753 1025 2195 6221 5561 1623 1808 3024 1910  473 24874
1945   82  147  150  572  822 5851 7037 3452  823 2646 2886  111 24579
1946    0   45  971 1453  973 9650 5031 6115 2166 2304 3099 2137 33944
1947  120  702 1171 1207 1247 6279 5959 7613 3662 1089  116  520 29685
1948  234   97  682 1117 269710684 5445 3509 1356 1839 1727  154 29541
1949    7    4   85 1129 4598 5433 7270 3763 3612 2056 1020    3 28980
1950    0  700  307  723 2924 6430 7759 3487 3772 3365 1781   65 31313
1951   15   85  437 2329 1349 9472 3925 1546 2874 3428 2390  201 28051
1952   79  552  209  780 2340 6217 3367 3792  524 2617  287  534 21298
1953  108  232  297 1557  682 3023 9689 2270 1143 5110 1051   88 25250
1954  210   10  852 2083 3465 8172 5584 3374 2111 2225  326  518 28930
1955   20   95  299 1362 5497 8525 3709 1600 4934 5593 1796  145 33575
1956   34  412   61 1859 4900 6508 2893 2673 1688 3877 2054   20 26979
1957   33  392  136  937 498010200 7320 3132  301 3443 1615  114 32603
1958    3  491  391  930 5107 8481 4248 4053  709 1460 1932   55 27860
1959    0  143  123 1627 3654 8032 9286 4211 3427 1660  721  305 33189
1960  211   28  391 2384 6734 5205 6916 2984 4188 2297 3081   97 34516
1961  100  294   58  934 5340 8914 8968 5755 3883 2611 1080   64 38001
1962  192  716  281  432 5497 3064 8191 4380 3266 2673  143  236 29071
1963  235  235  566 1177 1197 4252 7347 5242 2934 1484 1194  309 26172
1964   31   23  620 1229 1468 4034 8811 2241 4570 4572 1217   50 28866
1965  165   33  332 1344 2086 5880 4699 3174 1691 1087 1351 1927 23769
1966   17   44  326  905  314 5452 6317 1406 3629 4373 3256  713 26752
1967  409    0  335  422 4281 6910 8805 6107 1632 1962 1292  600 32755
1968   61  350 1186 1750 1055 709113028 3650 2943 1461 1111  267 33953
1969  136   54   50 1035 2757 7273 8294 2375 2390 3542 1181  963 30050
1970  544   34  240 1139 3258 6533 6188 4564 3144 2237  710   28 28619
1971  305   82  112 1153 4877 8871 4277 3809 3374 1674  288  349 29171
1972  109  106    3  677 6508 4586 6669 2793 2209 4407 2127 1554 31748
1973    0    2   58 1341 1313 6563 5547 4839  933 3645 1127  290 25658
1974   24   21  111 2450 3397 360310047 4312 3473 1763 1105    6 30312
1975    7  184  795 1442 2159 9279 5191 7137 4260 4986 1919  290 37649
1976    3    0  169 1217 1172 2489 6382 3603 1089 3290 3756  361 23531
1977    0   64  602 1264 5274 7244 7313 2628 2057 4383 4430   95 35354
1978  192  293  105  591 4957 8523 6785 4749 2092 2142 4795  214 35438
1979   59  449   77  638 1366 8040 5729 3016 2895 2399 3631  268 28567
1980    0   60  280 1284 1051 8275 7102 3706 1192 3601 1967  531 29049
1981  189   79  297 1414 228410361 4640 5059 4804 3780 1457   84 34448
1982    0    3  412 1046 2068 7680 5900 4511  902 1572 1446  165 25705
1983   16    0    0  613  715 3237 5620 5475 4646 1205 1633  748 23908
1984  812  862  665 2246 1162 6987 5187 1903 1518 2498 1007  226 25073
1985  329  227  335  787 1971 6333 5086 4643 3508 2015 2165  261 27660
1986  250  316  137  906 1805 3927 4763 3680 2283 2323 1796  226 22412
1987   65    8  188  847 2176 5280 1814 4147 1691 4215  942  848 22221
1988    2   94  290 2236 219410311 9298 6450 5714  560 1361  203 38713
1989  138   10  371 1195 2014 7394 9753 4177 2888 3077  956   94 32067
1990  142   45  238  290 6654 6272 5905 1765 1396 3135 1937  195 27974
1991   66   65  322  758 124412122 6082 3466  936 3277 1167   46 29551
1992   45    4    0  659 3382 9416 6726 3989 2551 3021 2580  153 32526
1993   32   28  168  524 2720 8699 6556 2509 1356 3180 2905  719 29396
1994   77  327  191 1447 1758 5237 7532 3448 2169 4179 1433  124 27922
1995  400   58   32 1351 551117473 5391 4158 2444 2496 1167   73 40554
1996   94   93    3 1937 111416742 6174 4577 4079 3297  856  630 39596
1997  -10    2  309  404 1365 6138  -10 3947 3618 3288 3127  560   -10
1998  161  111  113  826  -10 625812732 4837 4468 4041 1588  872   -10