1900   36   24  163  336  764 1128 2204 4900 5074 2073    8   16 16726
1901  337  853   17  193  699  963 3012 2191 1904 1091 1155    1 12416
1902  123    4   67  722  612 1631 5644 3684 1924  654   40  398 15503
1903   72  360   46   36  899 1649 3573 3190 3391 3011  217   27 16471
1904    2   79  120    3 1494 2367 1897 3443 2295  823    9   71 12603
1905   81  320  789  186 1165  633 2525 2169 2320  495    5    2 10690
1906  105  888  148   14  961 2201 2849 2156 1938 1650  226   61 13197
1907    1  174  562 1157  664 2421 1682 7671 1903  228   34  191 16688
1908  362   74  121    7  430 3566 2588 5829 2669  546    5    0 16197
1909   16  277    0 1214  440 2109 4087 3388 2843  333    4  406 15117
1910  151   37   23  214  481 2431 3800 4140 3270 2661  152    0 17360
1911    1   23  985  303  467 3511 1317 2596 3153 1206  206   14 13782
1912    1  356  159  180  331 1608 2907 3738 2051 1576 1128    0 14035
1913    3  488  231  111 1260 2023 4949 2121 1833 1672  236   56 14983
1914    0  486   54  262 1471 2369 4308 2412 3541   67   10   87 15067
1915   93  305  506  301 1384 2099 2046 3986 2581 2175 2068    0 17544
1916    0   54    0  251  522 4216 1749 3768 1534 3505  874    0 16473
1917    1 1095  220  269 1019 2865 2898 4166 2257 4501  155   16 19462
1918   64    1  210  298  854 2962 1567 3200 1045   74   67   16 10358
1919  651  394   45  221  600 2500 3632 4640 1649 1706 1420    4 17462
1920    9  203  914   22  546 1405 5664 2224 1849  722   21    0 13579
1921  671   27   15  120  168 2215 2719 2394 2454  630    6    0 11419
1922   83   62    8   16  193 2984 5224 2312 3347  818  348    2 15397
1923    1 1091   37   84  485 1044 2947 2904 2144 2221 1863   74 14895
1924  267  104    2   32 1167  637 2299 3124 3276 1036 2010    0 13954
1925   37   15   56  334  796 4603 5014 2455 2922 2949   89  185 19455
1926  135  119 1376  389  552 1293 3976 6079 3103 1604   21   20 18667
1927  132  170  237   14  402 1666 3673 3648 2549 1014  207    0 13712
1928   37   31    9  804  931 2565 4384 2883 2063 3427   46    2 17182
1929   41  495   54   56  361 1705 3067 4273 2449 2980   17  363 15861
1930    0  203   89  203  782 2124 3358 3024 2161  855 1933    6 14738
1931   34  176  129   31  544 1298 2797 4333 2735 3085  636   49 15847
1932    0  349  670  118  880  687 5282 1979 2111  568 1785    2 14431
1933  261   93   30  240 1394 2892 4112 6941 3135 1566   80   30 20774
1934   32  105   20   48  173 2288 2939 5229 3057 1542  176   14 15623
1935   45   93  142  392   53 1399 4938 2037 2274  247    4    1 11625
1936   92  831   68   33 1875 4402 3823 4814 2520 3527  226   55 22266
1937    0 1088   90  719  757 2122 3440 2621 3121 1021    4    1 14984
1938   70  251   38   13 1058 2127 2494 2901 1985 1907  166    0 13010
1939  109   56  305   73  298 1347 3886 2393 2594 3082  123   21 14287
1940    0  371 1105  239 1385 2807 5520 3307 2122 1009   71   57 17993
1941  259   96   81   60  419 2897 4650 2112 2847 2288  452    0 16161
1942   17  256   41  274  140 1098 2941 4343 2562  855 1650    3 14180
1943  325   46   67  412  322 1768 6223 3636 2081  882  134    0 15896
1944  250 1464  675  483  208 1828 4485 3429 1840 2060   40    0 16762
1945  109   40    7  362  411  941 4012 3026 2392 3580   50  154 15084
1946    0   36  189 1154 1197 2908 3781 4740 2294 2263  909    1 19472
1947  287  564  111  235  369 2586 3782 4789 1967  854   72  538 16154
1948  196 1037  196  209  376 1568 2982 4298 3114 1014 1006    6 16002
1949   15   78   50  240  747 1511 2125 2800 2314 2763   12    0 12655
1950    2  228  697   39  478 2066 2480 3637 3443  870 2002   10 15952
1951    4    1  595  328  692 1642 4695 3345 2324 1271  597    0 15494
1952    4  116  493  657  412 2298 2453 2618 1809 2688    0    0 13548
1953  374   32    0   21  254 1299 2086 3950 2697 1213 1068    0 12994
1954    0  338    7   63  668 2966 1805 3123 3582 2861    0  135 15548
1955    0    0  109  149 1343 1663 1683 3557 4829 5509 1649    0 20491
1956    0  362   13    4 1367 4378 3144 4421 4062 3476  252    0 21479
1957  171  217  237   16   12 1642 2195 3516 1233  731    0    0  9970
1958  294 1036  122   83   49 1424 4407 2633 5599 2604  995    0 19246
1959  126   62    4  392 1141 1606 3227 3210 1667 2657    0   57 14149
1960    0    0  330   40  398 2180 4241 3436 1527 1299    0   58 13509
1961  404  860    0   23  848 1983 3435 4139 4142 1470    0    0 17304
1962   43  197  548  609   76 1952 4022 1119 2756 2628    0    0 13950
1963    0    0  188  441 1408 1423 2600 3966 2736 2961   33    0 15756
1964    4  259   64  397  971  981 5114 3693 2693  792   15    0 14983
1965  132  124  335  368  252  696 3963 2657 2519 1057    0   38 12141
1966  835  292    4  124   70 2028 3406 2176 3055 1039  962    0 13991
1967  584    0  544  632   78 2068 4030 3354 3168  261   24    7 14750
1968  279  560  543   80   68 2887 3415 1333 3261 4566  710    0 17702
1969    7    4  250   36  549 1035 4548 3841 2009  697  682   33 13691
1970    8  514  919  316 1082 3925 3328 4044  582 1493  113    0 16324
1971  818  623   78  562 1046 5104 2716 2803 1960 2720    0    0 18430
1972    0  241    0  121  165 1087 2589 3826 4372  907   54    0 13362
1973    0    0  708  127  952  548 4435 4206 1653 3103  247  429 16408
1974    0    0  940   51  365 1268 2222 4130 2250 2086  319    0 13631
1975    1  235  216  147  195 3072 1958 4043 2452 1813  407    0 14539
1976    0   84  215  220  709  958 3764 5967 1563  801  590    5 14876
1977   18   63    2  373 1198 1577 4286 3865 3018  895  924    1 16220
1978    2   89  509  303  757  889 3281 2500 1733 1840  102  548 12553
1979    0  418   19  783  178 1081 2677 1789 1849  836    6   35  9671
1980  253  467  260  241  651 3670 3842 2973 3715 1375    0  100 17547
1981  433  283  679  530  775 1303 3816 3176 2988  493   45  235 14756
1982    2  231  256  459  263 1591 2633 3593 2272 1296  414    5 13015
1983  175  601  278  225  726 2110 3076 4589 2255 2544   49   51 16679
1984  323  174   38  172  836 3416 3588 3382 1884  865   70   15 14763
1985  322   40  224  142  405 2095 3011 3106 2063 2290  112   14 13824
1986  329  344   47  283  566 1686 3008 3879 4059 1333 1388   37 16959
1987   50    0   40  250  630  580 2760 2720 1010 1100  630   40  9810
1988    0  135  162  390  870 1035 4441 1700 3460  910    0    0 13103
1989    0    0   60   50 2020 3250 5030 3394 1710  597   26   16 16153
1990    0  490  984  188 1426 2110 3672 4723 1970 1023  279   43 16908
1991  574   11  341  185  282 1665 5577 3759 1959  956  721   32 16062
1992  259  260    0  124 2427 1634 4671 4149 2282 1576   79    0 17461
1993    4    2  165  881  641 3227 3572 4969 2290 1122  133    2 17008
1994   23  461  130  277  277 1792 2980 5323 2859 1859   77    0 16058
1995  384   90  281  156  799 1253 3099 2619 2483 2934 1520    0 15618
1996   79   89   15  290  388 1889 2143 4050  894 1405  189    2 11433
1997  616  114  415  461  202 1949 4750 6900 3364  413   76  -10   -10
1998  182  291  836 1123  437 2360 3748 2653 3354 3149  905    1 19039