1900  486  885  242  196  449 1207 2345 1083  940  913 1432 1331 11509
1901   67  307  832  274  572  806 1580 2122  873  761  773 1194 10161
1902  457  179  279  204  419 1215  843  943  904  798  914  544  7699
1903  153  263  280  233  465 1846  994 1838 1046  574  869 1028  9589
1904  243  179  317  269  687  689 1613 1495 1030  660 1685  813  9680
1905  224  329  103  220  576  807 1497 1222 1089  952 2145 1166 10330
1906  101  579  121  433  450 1037 1495 1354  788  563  740  539  8200
1907  226  375  334  337  605 1129 1604  891  816  592  915  620  8444
1908  260  156  191  139  344 1369 2775 2032 1567 1141  652  696 11322
1909  199  275  119  176  511 1985 1785 1537  613  802  593 1059  9654
1910  491  183  268  171 1100 1392 2335 1599 1534  839  548 1368 11828
1911  164  197  200  303  442 1548 1707 1273  761 1068 1032  853  9548
1912   84   63   42  136  488 1324 2173 1988  997  934  844  992 10065
1913  251  193   87  114  546 1940 1886 1282 1380 1094  710 1026 10509
1914   77   88   46  239  602 1208 2267 1427 1213 1078  876  564  9685
1915  152  441  277  211  493 2202 1873 2467  667  717  576  578 10654
1916  171  194  169   92  599 1086 2589 1872  804 1141 1484 1641 11842
1917  281  164  138  186  618  960 2103 1894 1203  683 1327 1184 10741
1918  238   78  390  215  698 1529 2456  860  494  637 1203  467  9265
1919  132  222  305  352  674  715 1573 1256 1168  487  969  626  8479
1920  243  285   65  292  570 1353 2368 1240 1180  782  509  710  9597
1921  144  137  240  426  396 1091 1440 1033 1398 1627  981  793  9706
1922  160  604  224  181  526 1431 1339 1251  795  564 1157 1104  9336
1923  189   99   94  104  400 1284 1124 1044 1182 1440  822 1015  8797
1924   66   96   36   78  162 1181  851 1264 1319  936 1165  687  7841
1925  111   54  239  216  150  524 1078 1499  998  985  804  459  7117
1926   72  100   36  257  283  611 1161 1811 1224  801  805  879  8040
1927  350  306  160  419  666 1121 1475 1554  933 1051  692 1409 10136
1928  224  244   31  118  596 1273 1256 1330 1295  439 1018  644  8468
1929  296   72  113  265 1090 1042 1538  885 1145  686  922  774  8828
1930  306  299   55  433  746 1216 1435 1092 1132 1238  678  490  9120
1931  108   92  121   99  941 1386 2218 1933 1127  871  847 1219 10962
1932  200  283  734  302  908  822 1209 1342  821  979  767  593  8960
1933  537  550  216  118  576 1560 1801 2292 1200 1347 1076  773 12046
1934  366  142   89  103  209  593 1580 1253 1174 1178  744 1241  8672
1935  102  145  103  139  605  881 1678 1760 1288 1109  827 1221  9858
1936   83   16  367  143 1130 1467 1425 1172  877 1063  996  376  9115
1937  328   45   19  467  735 1469 1578 1665 1036  621 1324  768 10055
1938  508  184  534  410 1526 1274 1571 2190 1523  762 1411 1017 12910
1939  297  107   97  151  352 1058 1547 1084  989  898  716  289  7585
1940  520   87   86  249  227  900 1197 1300  796  828  781  779  7750
1941  358   29   51   72  677 1917 1322 1061 1063  949  630  401  8530
1942  146   53   53  444  959 1405 1914 1607  924  961 1122 1083 10671
1943 1010  623  301  427 1555 1280 1593 1656  638 1201  462  610 11356
1944  430   70  218  309 1005 2027 2449 1308 1228  819 1297  608 11768
1945  243  122  193  463  535 2069 1429 1661 1244  866  582  463  9870
1946  426   84  107  515 1235 1738 1147 1763 1045  909  724  862 10555
1947  526   59  163   27  334 1088 1616 1521  721  997  366  746  8164
1948  299  114  321  360  693 1514 1719 2275  908  868  928  279 10278
1949   78  255   81   87  623 2096 1502 1662 1567  988  618 1038 10595
1950  869  293  389  335 1188 2056 1710 2344 1227 1614  981  685 13691
1951 1081 1268  488  407 1062 1710 1456 1204 1141  729  748  804 12098
1952  158   55   43  491  350 1509 1756 1248 1090  763  724  666  8853
1953  850  302  274  155  955  961 1476 1329 1124  748  720  624  9518
1954  440  148  210  884  693 1782 1663 2132 1266 1281  747 1100 12346
1955  196  166  508  230  662 1355 1520 1094 1338 1437  999  599 10104
1956 1236  376  509  160 1098 1206 1059 1694 1046  703 1008  875 10970
1957  441  120    2  123  466 1136 1103 1081  474  631 1228  642  7447
1958  348  102   42  233 1170 1974 1560 1428  557  615  610  370  9009
1959  149   75   44  148  471 1171 1235 1519  965  904  723  455  7859
1960  261   45   37  391  414 1558 1307 1492  900  718  572  850  8545
1961  287   56  114   32  157 1278 1316 1630 1338 1053 1301  506  9068
1962  332  215   52   56  470 1705 1765 1596  875 1006  388  516  8976
1963  330  172  224  203 1388 1560 1773 1079 1658  905  674  439 10405
1964  142   46  115  233  260 1267 2279 1693  881  698  547  647  8808
1965  642  661  100  151  798 1446 1146 1259  786  633  838  614  9074
1966  248  262   32  531  667 1869 2072 1761 1214  883 1121 1292 11952
1967  512  202  282  472  411 1147 1829 1384 1077  632 1044  813  9805
1968  292  290  137  351  744 1325 1296  931  974  734  970  590  8634
1969  639  241   31  271  460 1083 1462 1985  810 1053  905  699  9639
1970  648  274  254  320  915 1753 2111 1694 1184  831  557  860 11401
1971  457  189  297  198  581  971 1530 1554 1326 1195 1073  680 10051
1972 1259  332  343  514 1068 1140 1771  978  806 1407  759  424 10801
1973  117   69   28  211  317  779  722 1502 1290  974 1200  620  7829
1974  357  177  515  269  252  447 1051 1319 1294 1038  955  410  8084
1975  173  144   53  107  539 1041 1348 1131  885 1062  696 1246  8425
1976  431  408  497  336  303 1446 1529  742  557  536  816  581  8182
1977  179  101   56  138  314 1804 1178 1254 1065  864  559  274  7786
1978  205   60   87  390  930 1650 1193 1795 1008  945  599  749  9611
1979  135   73  198  348  621 2082 1812 1085 1204  676  834  934 10002
1980  357  192   90  243 1252 1727 1875 1862 1148  916  939  588 11189
1981  238  286   90 1642 1590 1280 1651 1972 1068  463  615  563 11458
1982  620  408  176  648  840 1882 1296 1310  856  916  799  657 10408
1983  417   41   26  353 1806 1609 1420 1524 1118 1003  453  766 10536
1984  512  194   71   52  296 1213 1575 1329 1021  960 1449  546  9218
1985  207  280  120  519  649 1152 1808 1480 1145 1452 1124  887 10823
1986  332  154  246  200  870 1739 1467 1039 1035 1240  952  560  9834
1987  520   41   50   68 1210 1090 1876 1584 1111  893  706  668  9817
1988  239  188   37   41  247 1392 1916 2298 1445 1727 1017  894 11441
1989  407  317  302  112  409 1143 1270 1087 1279  692 1094  374  8486
1990  367  130  153  892  881 2206 1466 1659  907  722 1061  667 11111
1991  241  137  226  363  312  630 1119 1487  864  297 1330  566  7572
1992  248  193   60  268  854 2240 1360 1162 1178  357 1269  702  9891
1993  454  132  156  146 1909  -10 1346 1831 1313  577  -10  721   -10
1994  211  143  154  169  193 1358 1622 1655 1150  889  864  581  8989
1995  190   73  728  296  294 1921 3540 2086  974 1232  833  277 12444
1996  255  250  162   93  951 1655 1810 1845 1220  855 1040  614 10750
1997  467  703  160  126  476  -10 1702 1094  699  824  875  284   -10
1998   97  150  230  305 1214 1543 2118 1062 1013 1112  885  875 10604