1900 2962  616 1049 1184  542  845  130  188  213  245 2132 1090 11196
1901 2170  829  683  618  969  151   80   41  597 2602  969  807 10516
1902  859 2126  502 1230  842  101   62    2  395 1112 1195 2400 10826
1903  943  730 1394 1166  521  462   36   45  360 1393 2511 1420 10981
1904 2910  922 1770  939   89  491   81   60  469 1394  891 2041 12057
1905 2025 1080  850  215 1911  327  339   74  282 1757  566 3190 12616
1906 2210 3003  789  700  591  508   61   51  479  375  932 2351 12050
1907 2754 3174  289 1042  222  541   38   54  669 1140 1108  413 11444
1908  643 1540 3105 1013   38   69   36  118  293  367 1355 3321 11898
1909 2098 2398 1283 1010  437  339  179   58  408  901 1181 1006 11298
1910 1536 2284 1049  704 1155  303   82   25  592  100 1302 2361 11493
1911 1176  662 1394 1207 1171  193   90   12  318  977 1788  671  9659
1912  890  470  453 1087  165  557    2   97 1333  675 1504  851  8084
1913  883 1419  576  641  219   13   10  112   52 1277  623  998  6823
1914 1745 1331 1128  213  525  154   34  217   88  520 1122  955  8032
1915 1817 1286 1423 1520  344  987   56  298  265  873  895 1648 11412
1916  712 1527  426 1203  693  305   69   59  912  378 1981  835  9100
1917 1704  911  835  232  908  771    1   22   33  608 2253  463  8741
1918  337  475 1226 1109  952  296   45   32  416 1333 1406 2656 10283
1919 2739 1225 1964  942 1122  350   57   50  571  607  827 2813 13267
1920 1234 1372 1136 1316   97  195   53   94  219 1482 1223 1458  9879
1921 1269  736  973 2014  906  482    6  259  382  476 1358 2758 11619
1922 2774 1745  130  220  193  207    4   76  421  421 1382 1108  8681
1923 2549 2208 2050  868  144  263    0    4  234  172  579 2416 11487
1924 1842 1497 1039  324  297  255  214   38   38  360  987 1509  8400
1925   68 1054  869 1931 1234   40   13    4 1143 1469 1377  929 10131
1926 1253  808  775  671  823   87   84   49  556  381 1647 2160  9294
1927 1984  579  954  373  861   77    0   48  557  651  602 2225  8911
1928 3126 1194 1632  609  571    0  215   33  762  794 1967 2233 13136
1929 1339 1929 1424  272 1584  121   43  574  484 1620 1151 1354 11895
1930 1394 1649 1526 1006  381  353   48    0  628 1925  313 2196 11419
1931 1333 3038  318  922  519   34   34   38  340  368 1023 2501 10468
1932  875 1185  817  591  161   28    0    5  352 1370 1344  180  6908
1933 2597 1247  919  200  362  177   13    9  340  128  758  887  7637
1934 2930 1252 1420 1025  300  118   52  134  694 2092 1025 3036 14078
1935 3281  441 1043  954  406    1  126   89  373 1158  841 2280 10993
1936  496  683  760  964  655  177    0  144  152 1467 2237  846  8581
1937  516 1789  506  758  396   89    0   30  264  203  625 1751  6927
1938 1223 1425  195  807  645   32    0   87  202  414  904 1856  7790
1939 1776 1848 1573 1467 1331  367    4  173 1218  143  628 1026 11554
1940 2892 1075  591  652  451  466    5  304  126  652 2016 2176 11406
1941  444  642  449  913 1026   64    0   28  649 1393 1186 1528  8322
1942 2901 1758  645  215  102  126    0   19  408  164  812 1716  8866
1943 1167  668 1218  603  231   35   14  361  244  882 1426  686  7535
1944 1286 1977 1154 1123   85  175    0  263 1208 1124  960 1813 11168
1945 1647  580 1083  332  252  279  336   15  572  324  726 2193  8339
1946 1283  673 1359  924  933   77    0  143  202  680 1327 5650 13251
1947  997  979  267 1030  273    1   54  266  363  833  776 2099  7938
1948 1012  585  176 1070  676  487  217    0  744  809 1697 1268  8741
1949 1371  797 1238  489 1051   40   74   45  187 1086 2055  633  9066
1950 1570  740 2074 1246  413    0   27    7  451  496 1317 1504  9845
1951 1616 1382  548   77  628   77  116   35  763 2434 1356 1340 10372
1952 1485 1443  804 1692  711    7   95  295  671  737 1742 3231 12913
1953 2716  571 1117  404 1293  587   35  455  282 1778 1521 1348 12107
1954 1868 2095 1370  951  345  207    0   59   36 1139 1887 1725 11682
1955 1488 1168 1010 1202  134   90    5  415 1954 1102 1148 1732 11448
1956 1323 2538 1372  768  776   16    3   28  572  505 1715 1768 11384
1957 2223   16  224 1579 1016  384    0   16  251 2998 1723 2294 12724
1958 1989  799  842  388  100   72    0   31  130 1633 2125 1301  9410
1959 1297  520 2573 2317  883 1027    0  134  685  916 1983 1914 14249
1960  726  398 1192 1097 1006  306   69   13  137  221  693 1868  7726
1961 2099  227  534  170  121  658   32  117  305  504 1002  968  6737
1962 1076 1759  993 1159  388  172   15  143  278 2536  832 1381 10732
1963 1028 1867  544 1271  765  736  245  308 1331 1058  330 1594 11077
1964 2037  877  822  521  379  247   44  715   45 1094  836  683  8300
1965 2294 4005  723  686   96   86   95  204  468  486  670 1736 11549
1966  936  310 1276 1778 1083  272    2    8  308  564 1451 1972  9960
1967  892 1172  485  757  644   47    0   61  547  261  956 1994  7816
1968 1980  851  565  420  224  384    7   21  219  144  798 1646  7259
1969 1539  924  777  650  248   90  277  243 1253 1774  429 3731 11935
1970  899  841  989 1053  605   22   71   15  169 1293  134 2196  8287
1971 1776 1967 1642 1362  692  128   95   54 1113 1501  652  365 11347
1972 2218 1473  951 1794  565  314   29   73  981  987  111 1190 10686
1973 3042 1679 3354  640   33  374  191  148  480 1317  382  905 12545
1974  405 1207 1104 1507  111   61   46   32  409 1499  853 1256  8490
1975  697 1903 1152  390 1112   53    0  445  200  287 2111 1005  9355
1976  812 1278 2008  983 1540  422  434  260  663  550 2818  925 12693
1977 1061  667  379 1265  663  462   24  300  170  216 1454  436  7097
1978 1969 1761  940 1291  570   47    1   80   92  974  870  607  9202
1979 1435 2217  899 2602  486  339   89  128  919  571 2935  432 13052
1980  860  902 1436  652 1006  101    1   53  585  808 1497 2508 10409
1981 1745  933  786  903  460  341   36  235  283  478  746 1457  8403
1982 1771 1446 1761 1362  681   73   16  274  259 1179 2075 1984 12881
1983  591 3198 1655  155  330   99   36   49  640 1473 1517 1136 10879
1984 2419 2203 1578  788  299 1116    0   23  737 1523  584 5332 16602
1985 2513 1100 1561  360  809    5    3    6  511  302  660 1049  8879
1986 1674  954 1031  951  143  153   98   26  713  940 1553 1770 10006
1987 1810 1476 1148  730  748   17  120   52  116  435 1335  478  8465
1988 1437  680 1489  428  426  519  191   13  562  129  639 1239  7752
1989  607  795  957 1518  336  304  130  206  257 1216  600 1394  8320
1990 2240  151  540 1589  897   96   70  269  245  489 2604 2958 12148
1991 1255 1587 1764 1040  873  115   19   56  505 1251 1064 1034 10563
1992 1591  892 1122 1518 1394  183  167    3  254  609 1697 2654 12084
1993  942 1366  925  291  777    6   28   34  403  452  687 1919  7830
1994 1346 2209  610 1347  191   51   23  147  530 1807  426  696  9383
1995 2761  161  799  635   83  482   31  147  972  718 1263 1207  9259
1996 1745 3751 1372 1210  853  518  132  150  433  506  544  887 12101
1997 2423  582  539 1268  206  339    5  537 1327 1073 2441 1897 12637
1998 1228  916  354  825  500  190    0  233  777  936 2186  992  9137