1900  615 1307 2918 1293 1413 1153 1038 1410 1797 1686  902  920 16452
1901  921 1009  811  790  857  493  136  671  888  942  735  557  8810
1902  921  744 1171  649 1474  323  805  280  551 1113 1270 1368 10669
1903 1002 1284 2090 1519  426 1238  459  577  748  759 1133 1717 12952
1904  718 1510 2454 1781  324  477  962  497 1046 1768  972  685 13194
1905  633  868 1409 1512  719  244  783  318 1543 1616  715 1029 11389
1906  335  264  303  966  349  839  846  443  746  857  569  570  7087
1907  434  701 1516 1030  462  338  535  280 1152  556  742 1200  8946
1908 1008  488  801 1062 1102  591  881  287 1038  947  886  913 10004
1909  848  522  263  691  210  568  654  638 1382  576  821 1537  8710
1910 1630  736 1126 2008  460  168  364  261  685  555  735  353  9081
1911  654  852  565 1625 1310  370  927  437  488  697  849 1534 10308
1912 1137  898 1020 2066 1866  971  423  506  403  689 1207 1860 13046
1913  199  878 1589 1904 1006  268  401 1065  967  877 1054  620 10828
1914  822 1038 1411 2840 1596  807 1248  725 1032 1021 1823 1380 15743
1915 1447 2125 1026 2890  473  204  180  548  734  774  550  633 11584
1916  784  810  620  620 1350  278  178  558  337  152  461  830  6978
1917  481 1081 1527 1535  102  651  639  292  590  279  278  846  8301
1918 1085  854 1219 1176 1372  758  243  256 1930  699 1646 1035 12273
1919  730 1044 1582 1440 1378 2035 1369  350  884 1164 1192 1373 14541
1920 1226  694 1363 1034  345  523  642  356  445 1299 1110 1828 10865
1921 1198 1289 1662  773  384  558  267  334 1078  992  397  894  9826
1922 1055  508  886 1151 1497 1101 1074 1488  846  502  537  428 11073
1923  728  597  652 1380  598  982  398 1197 1055 1128  850 2793 12358
1924  508  780 1212  928  320  674  421  320 1067  132  568  670  7600
1925  870 1421  814 1230 1198   47  755  415 1866  838  921 1294 11669
1926  763  630 1714  934 1226  777 1396 1219  921 1100 2170  926 13776
1927  868  349  637 1409  336  767  431  459 1872  820 1228  872 10048
1928  775 1019  538 1326 1685  350  630  369 1097 1401  795  496 10481
1929  635  671 1583  420  314 1034  862  303 1059 1472  615 1079 10047
1930 1317  640 1231 1726 3398  883  493  704  793  862 1035 1231 14313
1931 2192  652  804 1030  660  405  549  918  496  960 1356  981 11003
1932  546 1943 1288 1453  988 1145 1048  672  916 1450 1117  972 13538
1933  762  650 1203  758  713   99  214   95 1309 1317  301  805  8226
1934  558  885 2882  272  634 1556  669  508 1123 1055 1499 1269 12910
1935 1023 1165 1541  639  612  357  227  328  323 1551 1050 2031 10847
1936 2055  292 1327 2111 1800 1330  956  358  538 1183  368 1228 13546
1937  371 1688 1393  873  805  471  208  493  885  513  753  578  9031
1938 1884  890 2616 1364 1048  482  607  359  855  739 1060  145 12049
1939 2321 1190 1093  783  638 1023  285  935  973 1806  728 1733 13508
1940 1745 1007 1427 1850 1121 1375 2119  659 2000  543 1199 2778 17823
1941 1193 1912 1064 3236 1098  479  734 1437  179  749 1267 1213 14561
1942  801  972 1440 1569 1046 1495  228 1024  508  657  714  354 10808
1943  352  332 1998  567 1503 1325  788  195  433  975 1168  983 10619
1944 1430  553 1320  518 1353  267  108  252  967 1526  470  653  9417
1945  465 1168 1055  843  216  142  664  650 1764 1031 1746  908 10652
1946 1183 1711  956 1027 1115  783  331  909 1263 2027 1356 2371 15032
1947 1272 1379 1188 2248  839  894  397  212 1055  743  588  636 11451
1948 1932  915 1691 1635 1116  824  574   33 1575  586  932  503 12316
1949 1042 1255 4107  582  596 1180 1111  623 1584 1106  573  753 14512
1950  476  645  776 2226 1628 2062  828  205 1125 1142  952 1103 13168
1951 1990 1710  920  390  720 1160    0  790  850  380 2030  600 11540
1952  620  480 3000  560  900  280  930 1560  790 1010  550  430 11110
1953 2290  290 1330  200 1720 1580  290   60 1720 1010  550  430 11470
1954 1740  800  550 1930  450 2380  480  350  970  330 2400 1640 14020
1955  350 2590 1760 3610  760   90  370  170 1090  290  400  270 11750
1956 1300  490 1820  530   70  510  460 1280 1710 2390  360  380 11300
1957 1240  240 1280  610  520 1450  180  470  190 3120  920 1370 11590
1958 1520  770 1510  520  750  440  480 1280  860 1060 1670 1870 12730
1959 1310 1060 1360 8680 1630 1180  660  940  480 3140 2100  840 23380
1960  300  410  290  730   50 1460 2600  310 1000 2430  490  430 10500
1961 1863 1513 1942  426  563  214   68  716  854 1403  844  562 10968
1962  713  325  482  474  184  166 1082  378 1896  328  549  388  6965
1963 1668  800 1586  280  209  975  394  641  655 2437 1774 1605 13024
1964  481  882 2092 2294  200  400  298  320  550   54 1177  394  9142
1965  210   57  187 1769  285 1140 1124  780 1225 1257  647 3718 12399
1966  762 1088 1396 3336 1060  682 1397   13  393 1011 1142 2051 14331
1967 1760  310  785  383 2054 3697  601 1951  652 2832  512  169 15706
1968  771  408 1072  645  750 1253 1736  263  847  764 1470 1030 11009
1969  460 2273  808  510 1102  759  303  520  604  876 1001  792 10008
1970 2126  630 2105  424  380  817  885  828  350 1863  225  952 11585
1971 3500 1690  250  420 1520  410  440  620 1350  400  640 1050 12290
1972  970  570 1770  720  720 1210 1590  939 2510 1450 1650 1220 15319
1973  760 3100  410 3120  870 1820 1670  120  220  930  280 1280 14580
1974 1310 1240  970  160 3760  800  470  850 1390  380  770 1260 13360
1975  830  900 2930  830 1990 1043  417  812 1940  400 1480  320 13892
1976 1780 1240 2300 1050  800  190  150  730  300  870 1470 1580 12460
1977 1150 2370 1690 1700 1030  180 1120  640  750 2360 1300 2980 17270
1978 2460  960 2670  420  290 1740 1610  440 2570 1690 1530 1230 17610
1979  240 1130 1230  920  520  290  730  580 2010  980 2470  970 12070
1980   30  460 3340 1400  580  390  300  490  740 1150 1770 1350 12000
1981 1960 1624  640 1280 1790  440  490  800  750  400 1060 1270 12504
1982  560 1360  230  840  570 1860  480  420 1320 1170 1700  950 11460
1983 1860 2790  690  580 1710  190 1180  700 1390  780 1090  290 13250
1984 1260 4490 1520  850 1610  980  370  110 1380 1580  860  390 15400
1985  350  730 2880 2030 1650  620  630  830  500 1840 1120  130 13310
1986 1200 1060 1520 3240 1580  670  310  800 1210  920 3810  250 16570
1987 1040  380  380 2020 1120   60  800 1130  970  380  970  920 10170
1988 2960  470 1210  530    0  270  240 1090 1700  940  670  600 10680
1989  100  140  780 1829  430  130  510  150  150 1440 1650 1860  9169
1990  980 3010 3450 2470  580  140  600  260  630 2140 1420 2480 18160
1991 1990  110 1220 1850  930 1800 1210  550  690  990  980 2220 14540
1992 1000  940 1780 2880 1100  540  350  510  830  610  590 1120 12250
1993 1350  400 1280 1580 2960  310  390  253   80 2440 1660  440 13143
1994  440 1090  960  530  560  820 1110  910  690 1510 1020 1323 10963
1995  630 1340 1300 1310  320  257  630   78  520 1880  870  740  9875
1996 1590 1110  880 1950  180  201  188  180  520  920 2300  580 10599
1997 1181 1695  120  780  960  470  240  490  180  940 1669 4744 13469
1998 3800  650 2570 2020  970 1460  480  370  980  540  670 1219 15729