1900 6291  268 1318  987  468  490   89  485   66  109  264  453 11288
1901 2171 4731 3074 2259 1697  292  155  402   92  220  582  317 15992
1902 2449 2184 1186  937  302 1151  340  277   51   48  114  137  9176
190310079 2344 8494 4384  894  358  183  196  135  262 1445 2507 31281
1904 1024 1240 3838 4555  643    5  200  208  511   10   58 2440 14732
1905 4817 1728 1166 2182 1192  991  222  419    0    8   73  227 13025
1906  909 3832 2290  572  670 1854  225  613  211   69 4231 1543 17019
1907 7850 2486 1445  532 2237  975  115  125  319  345  602 7878 24909
1908 3975 3283 5800 2479  404  186  278  465  216  330  385  292 18093
1909 3482 1099 4945  885   85  864  444  555   33  784 1918 2822 17916
1910 5747 3979 3296 2050 1128  526   42  456  250  457  527 2255 20713
1911 6728 4606 5592 6806  643  109  186  134    0   66  272  371 25513
1912 1907 2127 6220  269  623 1533  202  433   48  683  407  425 14877
1913 6707 4742 6936 1741 1453  167  265    8  125  659    0 4207 27010
1914 8090 4349 4002 3377 1593 1832  228 1832  318  219  714 1652 28206
1915 2079 2793  655 1965  207  523  486   59   10  343  155 2203 11478
1916 4148 1264 4095 2380 1187  376  526  238  376  746  269 4225 19830
1917 1837 2938 2573 1630  374   77   24  202   32  330  958 5507 16482
1918 2167 3423 2441 1617  302  338  610  504  151    0  259 1197 13009
1919 2312 2614 2203  922 1537  387  221  205  120   38   94  365 11018
1920 2391 3713  911 3683 3220  303  332   36  232  471  247 1751 17290
1921 8552 1850 6610 1522  553 1052  301  246  241  404  202 2024 23557
1922 2053 2277 4968 1951  371  376  153   61   43   25  152  506 12936
1923 1895 2241 7596 1166   76   94   41   36    0    3    8  503 13659
1924 1635 1796 2968 2637  710  856  856  356  227  147 1293 4577 18058
1925 1397 4568 7109 1687   23  307  117  440  165   18  353  153 16337
1926 1843  871 1276 1651  180  821  127  127  589   15  135 1649  9284
1927 2560 3784 2063 2667  114  457  304   89  110   25  127 1697 13997
1928  517 5948 6295  414  157   88   65    5   41    0 1114  780 15424
1929 6164 6777 2639 1659  180  513  137  109   66    0  269  417 18930
1930 7772 4861 2902  481 1148 1015  252   36  114 1474  241 1292 21588
1931 2909 2316 1319 1656  396  847  110  168   78   38  910 2606 13353
1932 7453 1431 4889  406  936   43  166  183   69    0  237 2345 18158
1933 1355 7264 2238 4283  242  454  189  259   96  261  623 1582 18846
1934 4072 5441 2491 3267  724   76   63   58  158  349  858  261 17818
1935 2749 1649 8783  621  897  350  153  355    0  195   97   30 15879
1936 2543 5745 3677 4741  835 1089  369   82  172   38  485 1914 21690
1937 3215 2347 4509  539  158    8  284  131  120  190  323  670 12494
1938 2476 3395  526  350  357  511  181  134   33  351  904  982 10200
1939 3626 5504 7365 4018  264 1029  153   58   76   72  143  252 22560
1940 5649 1935 6576 1034  252  311  580  294  211  211   51  113 17217
1941 1190 4489 3373 3026 1208  376  306  542   43    0  374 1899 16826
1942  137 1935 1257 1440  567 1984  427   49  316  193  708 4020 13033
1943 1745 5459 1614 1499  432  132   89    0  348  661  384 1261 13624
1944 4998 6337 1270  145   25  868  742  138  482  125    5 2260 17395
1945 4994 3707 7355 1094  966  221  245  133    0  142   38 1748 20643
1946 2506 4382 1052  450  458  120  321   84    3    0    0 1179 10555
1947  333 3104 3243  235 1655  545  188 1183  157  109  351 1105 12208
1948 4684 3338 2030  689  146  419  257  264    0    0  355  862 13044
1949 2828 6951 4481 2047  449    0  216  358  222  185  120 1684 19541
1950 4836 3144 3088 4466  373  258  387  175  179  127 2186 4753 23972
1951 2885 1877 1168   31  656  130   92  130  464  374 2047   76  9930
1952 5872 1422 1772  894  343  395  235 1059  108  137  872  391 13500
1953 8128 3620 4800 2886  369  279  390  316  399  165  268 1077 22697
1954 2827 3217 3600 3906  602  503  181  821   59  462   36  275 16489
1955  934 6294 5273 3252  787  885  230  290  200   97  876  261 19379
1956 4482  917 5047 3228  213  336  309 1283  142  170  437 1737 18301
1957 9779 2434 7588 1835 1834  974  434   66   21   90  757 1104 26916
1958 3864 4611 4059 2532 1197  319   47  229    0    0  358  857 18073
1959 2674 2631 6589 2328 1736  745  559  696  312    0  429 2038 20737
1960 7032 2944 5220  551  316  496  518   82    5   26   54 1087 18331
1961 3994  559 3077  735  506  155  256  135  262   51  241 3353 13324
1962 4007 9605  951 1570  457  986  517    0  646   25  424 1061 20249
1963 4751 9223 2370 5013  700  598  104   48    3  243  228 1143 24424
1964 3498 3903 6752 1580 4235   53  440  129  186  257 2072 1733 24838
1965 3993 1968 3431 2528 1213 2172  415   66   41  439   94 2122 18482
1966 1489 2330 1347  365  764  510  220  571    3   90  183  575  8447
1967 1451 7499 7856  555 1290  891   99   60   43  600 1075 1752 23171
1968 8118 3915 2317 1117  529  362  167   16   82    5   38  134 16800
1969 5432 1461  873  810  258  515  979  313  107  183   33 1959 12923
1970 1054 3839 4664  997  545  352  194  277   13  259 1464 1139 14797
1971 1831 3609 6622 5816   36  180  135   24   30   81  262 1523 20149
1972 4302 7840 4313 1375 1229  612  142  104  996    0  412 1028 22353
1973 1909 4698 9425 2578 1784  485  668   53  532  302 4660 4077 31171
1974 3899 2992 8324  872 1071   78    0   62   98   12  462  720 18590
1975 2766 5840 6334 1948  542  619  160  338  654   84  422 6575 26282
1976 2736 5119 3974 5523  712   94  282  130    6  334  596 3102 22608
1977 431210579 2968 4294 1770  228  398  272  324   76  874 1798 27893
1978 2784 2407 1194 3114 1876   16  210  471  260  451  221 1364 14368
197913226 5703 4280 3539  577  185  332  214  110   36   44  162 28408
1980 1609 2755 5087  804  858  966  188  848   10  262   90  704 14181
198111038 2998  555  848  794   14  319    4  160  196  284 1884 19094
1982 2582 2912 3422 7046  140  546  298 1152  138   86  242  361 18925
1983 1350  370 4302 1042 3024   84  156  510  432   16  868 2298 14452
1984 3185 5348 2488 1438  666  546  224   52   12   99  544 3960 18562
1985 3043 6430 5035 2275 1685  126  162   24   94  166 1221  672 20933
1986 6274 1924 1600 3237  581  979  298  300  156  296  198  598 16441
1987 1160 7317 3215 3464  778  760  494  352  354   20  150 2306 20370
1988  911 3558 2446 1551  556  311  633  773  163  125 1166 2915 15108
1989 2404 2812 5141 5309 2175  514  408  173   12  134 2100 1231 22413
1990 1316  392 6755 4974 1959 1937  175   19  181   43   84 2287 20122
1991 8584 7498  629 1128  774  200  194   58    8   14  410 1124 20621
1992 1412 3720 1279 1247 1509  148  217  155  575   62  170 3330 13824
1993 3731 2282 1141  576  923  394  443  387  453  213  688 1861 13092
1994 2415 6157 1819 1205  676  414  363  168   98  110  317  731 14473
1995 5058 4387 2374  962 1091  544  103 1012  152  314  756  923 17676
1996 4786 2152 4108 1812  733  489  480  289  144  385  395 1606 17379
1997 3601 4959 4198  467  844  251  132  371  378  161  730 2948 19040
1998 4962 4123 1068 2384  941  639  296  727  570  372 1197 1801 19080