1900   46    5  163  697 1511 4593 4956 1712 2350 2759  371   54 19217
1901   26   67  202   77  982 2921 4357 3673 3618 2930  458   53 19364
1902  152  116  219 1514 2229 1849 2658 1336 2465 1533  215   19 14305
1903   29    6   39  309 2688 3331 3138 4209 2456 1929  243  253 18630
1904  321  115  410 1262 1775 3805 2166 2218 2335 1355  242   79 16083
1905   76   76  158  482 2058 2563 5631 2659 2859 2302  188   92 19144
1906   54   75   87 1208 1290 3710 2767 2820 2000 1619  239   82 15951
1907   43   36   78   80 1154 3278 3781 3337 2667 1954  226   57 16691
1908   31   18  106  629 2391 3485 3006 2474 2729 2546  253  285 17953
1909  149  113   56  849 1153 2446 3926 3563 2979 1966  438  184 17822
1910  160   68  164  697 1448 2351 4129 2772 2766 1858  352   95 16860
1911   12   78   43  925 2784 3332 3923 2626 3157 1789  225   67 18961
1912    9   48   28   84 1045 1989 2683 3600 1481 3296   53  530 14846
1913  104   24   70  982 1442 2382 2288 3331 2872 4569  490  340 18894
1914   82   46   73  185 2563 3370 2382 2529 4018 2251  360   58 17917
1915   77  178    4  556 2411 3127 3703 3077 2338 1627  332  224 17654
1916  296   37   90  539 1139 2981 1940 2218 2585 1971 1196   56 15048
1917   60    6  155  101  683 3560 3876 3083 2933 3275  147  103 17982
1918  103  352  798 2824 3267 3515 3161 2475 1838 2438  391   28 21190
1919  128  136   36  560  876 2914 3508 3599 2737 3072  415   40 18021
1920   14   34    2  414 1878 2704 2524 3148 2651 1546  328   17 15260
1921   70  340  527  740 2022 4134 2647 2472 3780 5040  459   48 22279
1922   18  234  351   44 1514 4480 1553 3073 2475 1474  305  147 15668
1923   88    3   47   57 1406 3627 2939 1525 5249 2219   54  145 17359
1924    9  236   56  622 1781 3399 3990 4711 2808 2680   26  172 20490
1925  201   24   69 1130 1939 3060 4288 2775 3281 2594  766   59 20186
1926   16   14    2  298 2037 4254 3162 4437 2911 1931  375  190 19627
1927   42   56   22  674 3801 3272 4826 4691 1941 2837  724   17 22903
1928   30   32   13   92 2016 3087 4557 3661 2094 1738  721  212 18253
1929   28   10  120  365 1980 3121 3424 2579 4917 3142  899  236 20821
1930    2   70   22  225 1931 2881 1542  990 3431 1455   12  105 12666
1931   17  182   42  429 2000 5234 2733 2024 2340 2584  251  251 18087
1932  130   47  197  571 2080 3587 3201 4687 2110 3061   18  252 19941
1933   31    9   25   20 2687 3981 3038 2227 4609 2265  116   81 19089
1934   67  243  102  197 2824 5846 2095 3552 3117 2387  596   58 21084
1935  119   22   76   42 3236 3592 1721 2821 4330 3639  165   31 19794
1936   12  136   32  268 1573 6173 2915 2822 3402 3545  190   63 21131
1937  405  128    4  103 2672 3444 1853 4384 2609 2674  130   76 18482
1938   54   74  110  483 1311 3252 2621 2510 3586 1232  274   43 15550
1939   56   17  130  198 1757 2131 3163 2126 2744 2419  199  117 15057
1940   82    1  175  920 1591 5127 3016 2796 2355  912 1241  268 18484
1941  165    5  177  750 1967 2775 3020 3305 2337 1409  568  155 16633
1942   27   53   35  490 1613 1382 3949 2851 2313  783  721  254 14471
1943   89   77  150  870 3184 3366 1719 2577 1614 2679  319   45 16689
1944   34   43   56   85 1635 2084 2275  902 3052  250  375  104 10895
1945   17    6  230  268 1312 1602 2544 3992 5065 2557   45   20 17658
1946   29   35   95  384 1354 2315 2274 2681 3847 2622  665  133 16434
1947  162   16  667  736 1219 3080 3980 3099 3365 1239  890   50 18503
1948   60  124   26  516 2150 2839 3764 2632 2218 3469  839   46 18683
1949   14  123    2  203 2391 2348 1166 2585 3693 3066  650  102 16343
1950   65   46   75  239 1369 3453 2881 2937 2353 3229  178   63 16888
1951  130    0    0  520 1150 3220 3160 2000 3920 1680  250   50 16080
1952    0    0  230 1070 1970 4670 3880 3720 2520 1010  210   10 19290
1953   30    0    0   70 2070 2050 3460 3220 6110 1920  400   50 19380
1954   10  150    0 5110 1840 2320 4920 3090 2280 1950    0    0 21670
1955    0   10    0  270  690 1470 4220 3570 2280 2090  660  190 15450
1956    0  110   30  130 2160 3380 3480 2880 4510 2710  170   10 19570
1957    0   10   60  980  870 2410 3550 3350 3290 3100  150    0 17770
1958    0    0  230  280 2630 5390 4640 3600 2250 1880  640   60 21600
1959   10   10   10  220 2390 1390 2800 3550 4120 1420   80   70 16070
1960   10    0  190 1220 1340 2400 3180 2950 3310 3290  410    0 18300
1961   20   20  230  220 1580 1760 4250 2590 5240 2050 1100  950 20010
1962    0    0    0  260 1570 2760 4100 4450 2700 3220  130    0 19190
1963    0  580  440  110 2780 3070 4190 2660 3230 1550 1260   10 19880
1964    0    0   60  580 1470 4120 3710 3300 2180 1450  410   70 17350
1965    0  120    0    0 1450 2930 4160 2660 3980 1360   90    0 16750
1966   40    0   70  580 2300 3720 3300 2340 2240 1390  120    0 16100
1967   10   10  100 1080  330 2370 2390 2320 2890 3030  160  150 14840
1968    0   30    0  520 1550 2000 2320 3280 3230 3300  260  180 16670
1969    0    0  140  900 1540 2590 2500 2820 3090 2840   90   10 16520
1970   70    0    0  220 1860 1570 3900 3140 3560 2350  200  130 17000
1971  520    0  280  330 1280 3110 3800 4390 2760 3800  230   80 20580
1972   60    0   50  400 1310 1810 2400 3180 4610 1930  440  230 16420
1973    0    0    0  210 1590 2600 3820 3320 1380 1490  330  160 14900
1974  190    0  700  240 1730 3820 2650 3810 4210  980   90    0 18420
1975  120    0  100   30 1460 2090 2320 3480 2940 3780  500    0 16820
1976    0    0   40  220  760 3880 3270 3400 4930  840  200    0 17540
1977    0    0   33  980 1340 4430 2360 3420 1970 1100  710   40 16383
1978    0   13  280  150 1000 1819 4090 3131 4850 1600  337   50 17320
1979    0    0 2350 1780 1260 3800 2740 3010 3430 1698   70  222 20360
1980  470    0  351  381 1552 2283 2922 3385 3401 1735  320   36 16836
1981  111   29  115  555 2052 3914 2900 4620 3310 3008  279  100 20993
1982  325   84   49  486 3249 3253 2156 1557 3440 2116  223   37 16975
1983   16  340  545  297  732 3464 3005 2542 3555 1759  677  108 17040
1984   10   92   62  284 2763 3503 4637 3462 4241 1222   88   23 20387
1985   14  109   71  300 1941 2768 3783 3716 2479 1701  351   63 17296
1986   35   21  103  275 4868 2730 1982 2650 1964 1506  236   20 16390
1987  325    9  130  554  785 2234 4801 1590 2121  905  105   99 13658
1988  103   58   67  250 1306 4768 3274 5229 4718 2736  169   47 22725
1989  257  285   75  374 1575 1369 2242 2909 4620 1776  568   68 16118
1990  139  243  268  526 1507 2519 1794 2586 2536 1452  649  151 14370
1991   78   47   17  211  673 1611 3152 2267 4284  953  351  187 13831
1992   60  178   96  296  -10  344 1882 2677 1083 2105  265   43   -10
1993  247  231  -10  -10  -10  -10  -10  -10  -10  -10  -10  -10   -10
1994  129  -10  -10  209  -10 3058 1425  -10 4117  -10  -10  -10   -10
1995  -10  176  -10  -10  -10  -10 4206 5350  -10  -10  -10  380   -10
1996  185  -10  132  790  780  -10 2561  -10 1713 2103  523  -10   -10
1997  -10  -10  -10  -10  -10  -10  -10  -10  -10  -10  -10  -10   -10
1998  -10  -10  -10  -10  -10  -10  -10  -10  -10  -10  -10  -10   -10