1900  309  776 1430 1489 1972 2312  729  460  995 2475 1984  730 15661
1901  357  680  931 1639 1074 2568 3555  551  670  728  810  592 14155
1902  187  342 1304 1173 1464 1094 2638 2620 1134 2485 1551 1443 17435
1903  534 1232 1446 1665  895  846 1503 2721 1224 1919 1478 1423 16886
1904  398  388 1232 1319 1004 4411  929  732  662 1484 1647  538 14744
1905  431 1146 1411 1273 2491  772  742 1352 1773 1981 2407 1382 17161
1906  791  822 1133 1301  437 1004  830  542 1346 1378 1686  781 12051
1907  267 1585  600 2008  527  985  750  209  363  662  910  337  9203
1908  383  661 1121 4554 1557  354 1211 3073 2645 1943 1921  717 20140
1909  707 1327 1224 2976 1899  641 1033 1431 4311 3576 2119  994 22238
1910  411  649  787 1811 2006 2163 1025 2073 2808 1990 1800  356 17879
1911  973  617 1291 1280 1737 1035  848 1434 1101 1467 1512  587 13882
1912 1123  950 1794 2039 1359  718 1105 1515  867 2117 1747  243 15577
1913  270  848  749 1826  924  554  806  223  463 1017  239  208  8127
1914  825  434  818  993  570  495  873 2089 1165 2116 1703  685 12766
1915  891  944 1014 1286 1447 1225 1022 1127 2120 1913 1663 1195 15847
1916  -10  -10  -10  -10  -10  -10  -10  -10  -10  -10  -10  -10   -10
1917  666 1259 1548 1199 2490 1966 1067 2148 1855 3176 1675 1341 20390
1918  538  594 1920 1622 1462 1284 2308 1788 1167 1916 1794 1430 17823
1919 1215  390  574 1317 2116 1975 1459 3198 1917 1765 1205 1290 18421
1920  -10  -10  -10  -10  -10  -10  -10  -10  -10  -10  -10  -10   -10
1921  -10  -10  -10  -10  -10  -10  -10  -10  -10  -10  -10  -10   -10
1922  594 1470 1340 1329 1706 1571 1362 1619 1995 2013 2144 1457 18600
1923  940  835  845 1409 1287 1372 1274 1859 2829 2364 1696  679 17389
1924 2525 1571 2441 2133 1472  870 1361 1168 1265 2376 3715 2034 22931
1925   12  668 1297 1353 2621 1867 1492 2604 1530 1815 2260 1349 18868
1926  403 1277 1440 1535 1709 1600 1361 1715 1659 2220 2225 1008 18152
1927  671 1961 1602 1251 2098 1683 2034 2985 2359 2306 1391 1883 22224
1928 1852  302 1441 2263 2466 2006 1442 2060 2148 2081 1616  731 20408
1929  622  738 1764 1118  772  458  945  613 2658 1292 1445  570 12995
1930  255  630 1448  888 1815  552  823  550  614 2987  663 3980 15205
1931  932 1493  883 1757 1065 2567 1128  892 1539 1298 1958  658 16170
1932   51  980 1330 1520 1660 1910   60  750 3340 3760 1470  710 17541
1933  570  594 2500  580  880 1130 1380 1580 3699 2318 1093 1046 17370
1934  650  270 1440 1670  610 1540 1776 1940 2830 1879 1349  784 16738
1935  655 1300 2600 1630 1373  355  270 1960 1170 1490 1290 1700 15793
1936  570  970 2400 1370 1200 2200 1080 1440 2530 1850 2140  460 18210
1937  130  910 1190 1100 1300  600 4600  360 1990 1120 1320 1280 15900
1938  720  660  240 1700 2590 1860 1140 1380 2280 2730 1600  450 17350
1939  540  660 1340  780 1410 1330  780 1750 1100 1140 1070  720 12620
1940  690  610  660 1270 2110  880 1460 1600 1860  690  990 1450 14270
1941  170  350  980  880 1130 1180  900 2590 1970 1970  960  570 13650
1942 1880  540  240  790 2220 1090 1240 2500 1190 1520 1480 1400 16090
1943 1900  300 1800 1000  950 1220 1160 1650 1090 1190 1910 1070 15240
1944  160  870 1250 1680  670 1290 1210 1400 1050 1990 1320 1980 14870
1945  220  520 1310 1710 2610 2260  930  990 2070 2510 2010  860 18000
1946  720  960  380 2270 3200 1620  970 1780 1774 4617  730 1120 20141
1947 1130  790 2560 1330 2770  810  570 1590 2600 1980 1780 1390 19300
1948  930  760 1620 2580 2320 1410 3030 2300 2310 2410 1930  170 21770
1949  330  670 1620 1890 1030 2790 1350  800 1650 1710 2260 1070 17170
1950  720  220 1900 1410 2060 2270 1480 2310 2210 2260  800  530 18170
1951 1150 1080 2300 1780 1540  640 1180 2150 1920 1229 1540  470 16979
1952  270 1160 1110 2190 1750 2050 1180 2340 1870 3330 2470  910 20630
1953 1930 1440 1020 1580 2130 1060 2150  370 1340 2040  910  680 16650
1954  550 1730 1040 1680 1480 1990 1370  770 1590 1628 2950 1240 18018
1955  580  850 1890 2380 1840 1260 1780 1160 1560 1840 1760  510 17410
1956  180  930 2020 2360 2110 1570 1780 1290 2130 2280 3070 1640 21360
1957 1340  460 2340 1600 1160 1410 1270 1830 1310 2660 2900 1460 19740
1958  270  490 2900 2570 2090  940  256 1700 1290 1610  880 1630 16626
1959  730  370 1130 1220 2290  642 1730 2340 1270 1570 1940 1280 16512
1960  280 1130 2430 1690 2190 1604  920 1920 1550 2900 1530 1340 19484
1961  780  840 1530  950 1500 1560 2262 2500 2364 2740 2490   80 19596
1962   80  430 1890 1710 1390 1200 2170 1630 1160 2560  950  130 15300
1963  540 1500 1910 1850 2110 1110 1300 1690 1540 1820 2170  990 18530
1964  820  330 1820 1720 1600 1530  960  710 2270 1450 1690  420 15320
1965  670  730 1500 1860 1960 1170 1010 3130 1240 1850 1830  790 17740
1966 1470  920  840 1540 1520 2070 1010 1960 2060 2510 2460  610 18970
1967    0  450 2320 1010 1233 2758  844 1669 1726 1140 1220  670 15040
1968  650 1330 1390 1840  880 2200 1680 1440 1960 2720 1610  310 18010
1969  480 1080 1370 1190 1922 2140 3010 1588 3320 2189 1480  600 20369
1970 1400 1010  910 1160 1850 2700 1700 1630 1930 1370  860  210 16730
1971  490 1550 1520 1660 1590 1320 2970 2860 3010 1970 2160  190 21290
1972  540  800 1490 1450  800  660 1100 2178 1370 1650 2040  430 14508
1973  670  984  320 1320 2080 1300  750 1430 2374 2090 2310  740 16368
1974 1365 1084 1502 1657 1356  548  883 2355 1962 1426 1204  616 15958
1975  134 1644 1432 1541 1891  259 1610 1365 4082 2948 1385  516 18807
1976   90  446 1460 1495 1119 2045 1008 2326 2355 2656 2356  618 17974
1977  770  772 1713 1555 1190 1640 1783 1756 1757 3074 2136  663 18809
1978  259  812 1102 3197 1517 1486 1718 2931 1966 1989 1214  919 19110
1979  449 1240 2646 1566 2301 2550 1217 1978  903 2669 2885  840 21244
1980  828 1894 1628 1410 1778 3567 1470 2407 2698 1807 2179 1185 22851
1981  141 1158 1690  910 2434 1712 2399 2035 1534 1164 1549 1924 18650
1982  168  422 1173 1917 3188 1212 1556 2236 1428 2774 1523  864 18461
1983    0  431  852  585 1326 2737 1301 1232 1632 1773 1291 1247 14407
1984   92  748 1524 1304 2011 2278 2721 1149 1225 1477 1980  560 17069
1985 1023  450 1062 2085 1246 1100 1317 1246 3638 2507 2812  563 19049
1986    0  514 2066  688 1012  816  539 1192 2412 2377 1141  305 13062
1987  261  636  784  831  634 1165 1012 3725 1216 1692 1511  952 14419
1988  593  626 1534 2234 1765 1408 1135 2271 1464 2327 1815  613 17785
1989    0   67 1128 1969 1017 1636 1652 3098 3387 1031 1322  843 17150
1990  293  340  975 1714 1173 2145  896 2104 1887 1919  860 1274 15580
1991  544  581 2500 2274 2193 1695 1100 1475  791 1100 1099  246 15598
1992  596  597 2526 1305  853 2045 1522  874 1834 2355 1799  749 17055
1993  347  588 1212 1665 1353 1756  -10 2202 1349 2171 1749 1063   -10
1994 1203  316 1554 1593  -10  480 1110 2650 2920 3199  970   90   -10
1995  520  280 1160  970  740 1430 1420  820 1760 2500 1300  890 13790
1996 1080  934 2110 1184 2048  760 1290 1900 1400  -10 1215  440   -10
1997  745  150 1434  -10 1377  -10  -10  -10  -10  -10  -10  -10   -10
1998  -10  717 1526  -10  -10 1544  850 2156 3914 2604 1747  670   -10