1900 3851 1078 2846 1103   80   23    5   37    1  566 2373 4085 16048
1901 1866 2829 3686 1402   23   19    5  124  726 1187 2567 4369 18803
1902 3242 1773 3740 1131    2    9    5   12  639 1022 2366 1708 15649
1903 2107 1295 1965  463   77    5    5   28  244  945 2217 2571 11922
1904 4176 1718 3024  380   60    9    5    9   98 1759 1114 2653 15005
1905 1887 2644 2045   73   77    5    7   10  344  405 1125 1864 10486
1906 2942 2954 1949  363    7    5    4    6 1020 1444 1653 1682 14029
1907 2404 3009 2032 2346   22  100   12   18  142  857 2291 3129 16362
1908 1974 2895 1395  679   73    3    4    7    9  762 2212 3459 13472
1909 2996 2645 3974  857   43    8    4    4   46 1017  772 2191 14557
1910 2677 2646 3077 1123    4    6    4   62   53 1800 2356 2342 16150
1911 2315 2556 2775  499  375    3    4   26  247  437 1770 2533 13540
1912 2561 2793 1860  624   23   15    4    7  487  127  608 2888 11997
1913 1466 2785 3634 1333  246    3    4   15  623  683 2047 1502 14341
1914 2157 3208 2005 1358   23    3    4   14    2  170 1377 3094 13415
1915 2389 2138 2681  984    3    5    4    1  279  667 1425 3226 13802
1916 2596 1788 2112  601  133    2    4   36  155  266 2354 3597 13644
1917 2578 2909 1946 1989  104   54    5    3   48  484 2288 2577 14985
1918 1957 2183 3317  488    1    2    9    7   14  534 2248 2250 13010
1919 2065 2744 2640  842    6    2    4    3  217 1466 2800 2370 15159
1920 1903 2112 3714  433  152    2    4    3  390  846 2104 3048 14711
1921 2461 2348 3193  861  222   24    4    1  312  957 2142 2808 15333
1922 1758 2896 2456  488  263    5    4   11    0 1637 2654 2690 14862
1923 2625 2973 3814 1619   45    2    4    2  128 1502 2426 3002 18142
1924 2333 1741 2957  223    0    3    4    6  169 1801 2123 2929 14289
1925 2888 2698 3774 1867  375    4    4    1 1345 1581 2412 2612 19561
1926 2612 2726 3645 1696   54    2    4    1  257 1443 2192 2875 17507
1927 2170 2372 3015 1103   26    2    4  153    0 1710 1710 3630 15895
1928 1920 2700 2420  700    0    0    0    0  250  320 2640 2770 13720
1929 3760 1960 2420   80    0    0    0    0   60 1380 1300 2460 13420
1930 2000 2030 2970 1570    0    0    0    0  300  980 2490 2170 14510
1931 3170 2770 3470 1630    0    0    0    0  300 1280 2240 3320 18180
1932 1480 2260 1610 1660  230    0    0    0  510  930 2010 2510 13200
1933 1740 2800 1720  570    0  110  120    0   10  410 1690 2910 12080
1934 2320 1560 2050  930    0    0    0   10   30 1210 3460 3430 15000
1935 2090 5540 2730  990  170    0    0    0  570  930 2720 3270 19010
1936 2250 2510 4160 1040   40   10    0    0  140 1110 2550 1910 15720
1937 2920 1700 1830 2080    0    0    0    0  230 1200 1500 3020 14480
1938 1770 3430 2500  950    0    0    0    0   40  840 2460 3050 15040
1939 2890 2800 1310  910  100    0   80  100  150  620 2560 2170 13690
1940 2130 2420 2030  290    0   30    0    0  180 1350 1220 1660 11310
1941 2100 2710 1870  330  160    0    0    0   50 1110 2610 3710 14650
1942 2040 2300 2340  600    0    0    0   50   70 1380 1500 3460 13740
1943 1970 2040 2990 1540  330    0    0    0  350   50 1290 2150 12710
1944 2320 2310 3740  780   20  290    0    0  490 1280 2770 2100 16100
1945 2390 2760 2040 1210   70    0    0    0   20 1060 2730 1950 14230
1946 1310 1220 1960  580  140    0    0    0   80 1230 2920 3600 13040
1947 3060 2290 3520 1360   30    0    0    0  830 2050 1320 3620 18080
1948 3610 2180 2610 1000  240    0    0    0  190 2020 1470 1890 15210
1949 1560 1700 1210  430  230    0    0  100    0  310 2600 2520 10660
1950 2590 3830 2790  780    0    0   10   80  670 1360 3040 3240 18390
1951 2460 3000 1800 1890    0    0    0    0  310 1460 2080 1750 14750
1952 1470 2830 2780 1520    0    0    0    0  240  560 2470 1810 13680
1953 2880 1790 1730 1460   50    0    0   50   30 1090 1490 3170 13740
1954 2070 1510 4320  330    0    0    0   60  200  470 1380 2670 13010
1955 3030 2420 1900 2670  410    0    0    0    0  690 1760 2390 15270
1956 2670 2970 2280 3600    0    0    0  130  100  880 1960 3360 17950
1957 2200 3080 2810  370   30    0    0    0  630 1910 1250 2740 15020
1958 2830 2360 3440  420    0    0    0    0  340  860 2240 4580 17070
1959 2720 2930 4500  460  100    0    0    0   50  490 1370 1890 14510
1960 2560 2390 4030  940  240    0    0    0   30  290 3260 1790 15530
1961 3610 3460 3200 1440   90    0    0    0    0 1890 3300 4670 21660
1962 2330 2900 2640 1480    0    0    0   90  270 1100 2440 2790 16040
1963 3390 1770 2870  510    0    0    0    0  440 1240 3230 3950 17400
1964 1360 1920 2660  280    0    0    0   50  380 1540 1590 4420 14200
1965 2210 2150 3290  600   80  370    0   70  940  370 2450 3310 15840
1966 2240 2050 3010 1680   50    0    0  650  330 1550 1740 1960 15260
1967 3330  840 2920  730   70    0    0  150  110  820 3370 3460 15800
1968 2510 2170 3600 1240   40    0    0    0   40  740 3100 1520 14960
1969 2590 2520 3740 1140  150    0    0   40  210 1810 2460 2770 17430
1970 1950 3600 1450  610    0    0    0   10 1400  690 3100 2210 15020
1971 3290 2630 1960 1830    0    0    0   60   50 1020 2240 3020 16100
1972 1990 1770 3420 2190  550    0    0    0  200 1850 1400 2400 15770
1973 2200 2430 2190 1320  220    0    0    0  270  810 3010 3380 15830
1974 2540 1560 2240 1210  310    0    4  187  209  551 2528 3443 14782
1975 2558 2397 2905 1165  158    2    4    3   34  609 1299 3028 14162
1976 2573 2838 3720 3122  375    3    4    2 1278 1359 1817 2591 19682
1977 2377 2489 2848 1396   13    2    4  172 1254  817 1986 3097 16455
1978 2437 2577 4417 2576   92    4    4    8  155 1645 2501 3447 19863
1979 2214 2671 3143  591   46    2    8   85    3 1576 3480 3503 17322
1980 1775 2155 2837 2216    1    2    4    4  600 2012 2346 2578 16530
1981 2423 2583 3088  828    3    6    4    3   12  763 2045 1692 13450
1982 2298 2096 1307 1690  152    2    4    2  472 2466 2821 2161 15471
1983 2807 1608 2325 1328  269    4    4   17   45 1487 1742 2658 14294
1984 2180 2036 2657  455   51    2    4    5  249 1070 2234 3013 13956
1985 2294 2560 2743  963  375    2    4    2  277  862 1315 2958 14355
1986 2652 2171 3495 2444    6    7    4   34  524 3266 2221 2336 19160
1987 2315 2434 1559  293  118    2    4    5  451  940 1605 2377 12103
1988 2582 2092 2695  998    3  100    5   50  322 1897 1420 2336 14500
1989 2432 2613 2803 1128    3    2    4   12   49  896 1393 2585 13920
1990 2841 2373 1811 2373  171    4    4    2  232 1210 1337 2896 15254
1991 3162 2200 2457  525   64    2    4   38  278 1546 1753 2865 14894
1992 1524 1625 1839 1250  138    3    4    2    4 1291 1888 2814 12382
1993 2608 2484 2955 1411    4    2    6   51  634  376 3050 2330 15911
1994 2280 2488  853  403    2    2    4    4  325 1460 1153 2110 11084
1995 1696 2993 1826  209   32    2    4   23  216  968 1797 2725 12491
1996 2284 2400 1837  294  143    3    4    3  186  386 2038 2431 12009
1997 2496 2304 2787  982   20    3    5    0  417  672 2096 3114 14896
1998 2981 1844 3472  375    0    4    4    1  316  775 3250 3318 16340