1900 3408  930 1039  157   42   42    6    4    1   88 1307 2142  9166
1901 1753 2339 1478  394   21   28    1   48  197  257 1051 2391  9958
1902 2461 1133 1984  310    3    4    1    1   48  290 1022  607  7864
1903 1926  427  656  130  121    1    1   14   28  315 1090 1274  5983
1904 2611 1203 1220  164  130   26    5    2    5  393  437 2016  8212
1905 1427 1876 1025   36   77    1   12    1   52   16  509 1128  6160
1906 1900 2276  791   87   19    4    1    1   52  502  947  861  7441
1907 1652 3247  839  402   49   11   77   64   13  239 1560 1952 10105
1908 1343 1903  621  143   30    2    7    2    2  151 1080 1930  7214
1909 2838 1587 1088  209  124    4    5    2   27  137  398 1414  7833
1910  958 1969 2017  263    3    9   44    1    2  637  971  933  7807
1911 2706 2241 1037  221  560   18    4   14    8  193  468 1219  8689
1912 2245 1091  491  266   68   17    8    4   16   35  197 1978  6416
1913 1010 2353  982  827  196    2    1   12   33  237  664  501  6818
1914 1660 2471  150  268   78   19   21   17    6    7  814 2996  8507
1915 2787 1932  942  250   48    2    3    2   72  113  869  980  8000
1916 2069  291  756  215   78    1    1    9   94   48  999 2515  7076
1917 1264  703  904  347  137    1    2    6   18   66 1453 2696  7597
1918 3088 2708 1660   81   17    1   14   12    0   34 1155 1405 10175
1919 3211 2224  316  155   22    2    1    1   29  310  942 1349  8562
1920 2156 2476 1608  117  196    3    2    4    1  239  468 1134  8404
1921 2047 2566 1899  354  214    2    9    1   42  262 1189 1846 10431
1922  386 1029  332   29  106    1    4    1    5  674 1083 1369  5019
1923 2130 2729 2815  173   18    3   30    8    3   67  294 1316  9586
1924  865 1010  857   24    8    2    2    4    9  354 1072 2420  6627
1925 3361 2432 2304  647  216    3   34    0  338  322  298 1261 11216
1926 2771 2416 2200  164   31    1   17    0   79   28  468 2442 10617
1927 1322 2195  650  286   31    3   13   26    2  196  791 1371  6886
1928 2168  594 1104  344    2   25   11    2    8   24  772 2098  7152
1929 3038 1294 2065   56   41    5   10   16    1  121  963 1916  9526
1930 1607  877 1369  650   10    4    2    2   12   28  661 2493  7715
1931 1600 1009  660  334   26    4    9    0   20  140 1453 1528  6783
1932 1722 1429 1664  623   72    1    2   98   20   32  567 2605  8835
1933 2607 1256  124  148    1   34    1    1   11   66 1406 1224  6879
1934 1529 1261  822  439   41   59    5   16   36  384 1537 2557  8686
1935 2234 1119  701  120  189   49    4   18   52   82  383  924  5875
1936 1281 2191 2026  334   81   25   17   39   11  318 1222 1137  8682
1937 1495 2102  670  198    9    1    2    6    1   66  424 1964  6938
1938 2443  762  538  451   18   31    4    1    4  200  694 3462  8608
1939 1971 3277 2309  192   86   64   32   29  141  281 1158 2853 12393
1940 1146 2052 1567  317    0  189   16   31    7  416  884 1575  8200
1941 2966 1534  682   20    6   52    3    3   21  262 1142 1309  8000
1942 1666  981  532   62   18   42   12    6   17  446  506 1835  6123
1943 2894 1851 2064  760   89    6    1    5   26   20  956 1777 10449
1944 1511 3526  989  229    4   54    5    0   23  268  899  715  8223
1945 1706 1856 1706  237  129    1    8    0   18  153  667 1474  7955
1946 3435 1946  885  178   27   22    1    0   38   30  946  988  8496
1947 1078  857 1015  250   13    7    4    0   59  171 1046 1693  6193
1948 1246 1687 2654  422  170    1   21    4    7  667 1074  742  8695
1949 1113  875 1035   99  111   16    9    0    1   50  697 1802  5808
1950 1564 1451 1142  458   67    5   15    4   44   53  571 2268  7642
1951 1609  461  603  234   80    6    3   30   76  749  820 1535  6206
1952 3582 2066  249  136   63   46    2    0   80  188 1164 1404  8980
1953 3818 2002 1642  534   32    1    1   26    4   91 1531 1516 11198
1954 2330 1889  580   53    5    3    0    3   64  175 1588 2903  9593
1955 2563 1965  978  464   53   41   11    2    4  158  890 1591  8720
1956 1496 2252 2538  600  125   97   11   34  115   91 1642 1616 10617
1957 1749 1354 1127  303  192    2    0   34   46  399  463 1784  7453
1958 2749 2942  509  433    2   41    5   11  242  524  593 2126 10177
1959 1613 1757  476   72  131  139    8    7   32  123  738 1735  6831
1960  982 1844  296  610  365  100    0    0    7  155  893 2206  7458
1961 1897 1399 1249  696   87  100   22   15   40  171 1501 1199  8376
1962 2445 1572  690  598   14    0    2    3    3    8 1482 3160  9977
1963 1524 2336  593  444    1   20    7    0    5  384  473 1467  7254
1964 1916 1185  345   17   66   18    1   18    0  121  561 2452  6700
1965 2170  985  385   34   12    5    1    0  166  136  889  664  5447
1966 1274 3045  463  414  138   56    0   30   46   17  516 1295  7294
1967 2425 1814 1180  363  147   70    6  136   47  291  547  889  7915
1968 1409 1293  381  328  102    4    0    6    0   40  915 2279  6757
1969 2174 1188 1701  611   24    4    2   14   24  662  460 3429 10293
1970  733  807  148  655    0   16    1    0   86   88 1831 1267  5632
1971 2213 1493  364  321  183   11    0    0   22  157 1495 1065  7324
1972 2674 1645  936  691  111    4    4    0   56  199  540  705  7565
1973 1523  926  488  214   13    1    7    2   27  375 1491 2803  7870
1974 2242 2663 1533  197  260   26  191   28   13  101 1276 2546 11076
1975 1554 2011  582  455   18    6    0    2   11  158  504 1696  6997
1976 2068 1551 2162  526  137   24    1    0   21  304  600 1482  8876
1977 1417 2575 1645  142    8    1    7   22  342   52  943 2541  9695
1978 2781 1969 1797 1040  131   15   14    0    0  532  693 1712 10684
1979 1108 1267  852   69    1    5    3   34    2  370  975 2477  7163
1980 1133 1244 1235  237    5    0    3    7  135  377 1006 2404  7786
1981 2163 3233  991  430   14    1    0    0   38  366  879  801  8916
1982 1721 1569  283  241   69    2   10    0   15  630  598 1070  6208
1983 1439 1034  551  151   90   33   46   16    0  201  513 1459  5533
1984  964 1548 1036  242  214   12   15    2   47  178  781 1887  6926
1985 2737 2087 1640  153   78    1   19    2   21  205  448 2320  9711
1986 1988 1385  863 1218   12    0    0    0   15  692  542 1736  8451
1987 1523  579  530    8   48    0    0   12   39  144  443 1884  5210
1988 2053 1999 1612  335   23  138   17    2    0  598  448 1204  8429
1989 2383 3065  908  143   82    6    0   72    2  277  520 1450  8908
1990 2844 2111  509  549   19    8    0    4   14   86  427 1358  7929
1991 2170 1340 1367  102   26    8    3    2   12  210  787 1228  7255
1992  701  369 1010  263   24   44    3    2    0  273  717 2147  5553
1993 1747 1780  635  405    9    9   33   20   89  108 1372 1462  7669
1994 1601 1444  245   85   26    1    3   17   21  447  371 1161  5422
1995 1376 1228  654  229   35    3    3   32    6  278  741 2284  6869
1996 2747 2582  610   70  340    6   22    2   26   48  923 1478  8854
1997 3194 1528 1795  563   46   20   10    7  176  223 1040  835  9437
1998 2670  759  785  103    9    1    4    2   14  159 1254 2332  8092