1900  433  399  590  285  353  284   48   44  545 1058  435  223  4697
1901  613  603  904  366  449  142   95   36  333  675  936  570  5722
1902   38  674  426  559  276  205  108  132  206  740  884  386  4634
1903  355   45  384  301  383  238   17   24  241  209  358  885  3440
1904  768  657  747  495  177  330    5   15  614  251  676  468  5203
1905  307  144   95  302  385  119   85   10  305  376  962  534  3624
1906  247  195  514  540  455  201   70    8 1169  423  412  478  4712
1907  138  296   56  328  284   44    8   37  642  780  495  325  3433
1908  479  255  503  283  197  388    5   33  275  468  794  427  4107
1909  202  264  600  361  572   93    8   36  117  356  836  392  3837
1910  117  172  434  423  571  126    1   11  445  604  144  851  3899
1911  420  147  725  360  493  265   41   46   90  618  356  326  3887
1912  605  747  180  529   23  130    4    2  374  562  171  283  3610
1913  293  441  588  194  141  113    5   20  367  498   84  154  2898
1914  294  250  206  563  333   89   75   33   37  520  583  407  3390
1915  484  281  674  469  578  134   67    7   98  287  661  267  4007
1916   69  468  826  319  236   17    2    0  358   49  867  691  3902
1917  482  612  659  153  331  263   15   10  101  138  232  573  3569
1918  584   70  580  603  205  131   97   21  138  502  996  174  4101
1919  342  632  312  237   96  135   29    7  719  502  896  142  4049
1920  183  537  350  190  302   88   49   38  150  335  999  628  3849
1921   99  495  263  535  690  149   11   25  577  254  344  487  3929
1922  410  234  601   72  116  445   34   33  156  415  380  282  3178
1923  184  336  333  764  173  163   55   18  197  454  969  109  3755
1924  364  709  736  361   59   72    4    1   71  469  428  538  3812
1925   52  532  440  160  194  496   30   36  157  380  859  589  3925
1926  206  326  242  295  255   67   22   96   44 1010  943  242  3748
1927  311  344  181   63  261  121   18   20   30  689 1045 1106  4189
1928   92  433  547  561  448   42   31   21  525  304  342  312  3658
1929  160  672  383  337  402  272   41   80  491  268  393  186  3685
1930  568  360  171  890  267  561   41    3   61   85  459  516  3982
1931  188   86  674  145  101   44   21    9  388  540  347  323  2866
1932  192  679  387  413  209  225  118   22  395  218  765  913  4536
1933  381  354  533  153   91  364    9   18   78  465  541  711  3698
1934  233  234  481  614  224   40   14   76  176  156  873  336  3457
1935  266  277  316  134  826   50   36   51  103  362  509  435  3365
1936  632  915  869  585  552  371   28   29  367  345  705  306  5704
1937  661  113  605  312  140  165    4   71  151 1239  388  549  4398
1938  243   75  138  347  352   37    5   30  365  343  169  749  2853
1939  323  348  298  324  200  273   24   91  293  803  392  461  3830
1940 1094  400  270   98  150  384   25  119   87  704  271   72  3674
1941 1035  783  283  535  341  111  106   79  437  174  397  165  4446
1942  206  449  702  641  109   70   35   77  295  628  800  544  4556
1943  184  405  697  382  170   15   79    6  453  489  145 1199  4224
1944    6  511  181  315  393  152   25   46  489  344  263  392  3117
1945  533   29  156   24   84  126   31  115    2  235  514  606  2455
1946  547  143  618 1069  593  110    4    7   80  296  906  362  4735
1947  551  922  675  105  501   31   44  194  296  385  363  401  4468
1948  827  585  133  545  591   40   32   40   28  709    0  447  3977
1949  523  297  324  534  344  134   40  219  547   63  427  521  3973
1950  501  157  237  184  319   14    3   87  338  622   84  540  3086
1951  423  413  614  691  335   65   26   55  615  392  826  382  4837
1952  444  144  392  593  626   59   95  318  156  318  216  371  3732
1953  209  289  404  295   47  203   61    4  156  659  326  416  3069
1954  356  318  700  581   59  125   30    2   41  161  370  414  3157
1955  667  685  458  231  215  180   15  131  166  582  474  475  4279
1956  529  392  572  563  156   62   42   92  313  436  676  198  4031
1957  424  154  344  603  530  168    6  133  622  889  536  467  4876
1958  384   87  364  380  105  178    2   27   45  562  336 1398  3868
1959  494  490  389  148  902   91   15   93  474  531  353  362  4342
1960  515  905  739  291  264  374   26   15   51  966  255  624  5025
1961  312   13  181  249  306  141   51   55  301  256 1047  729  3641
1962  236  389  916  512  371  224    5   25  178  788  622  914  5180
1963  933  739  240  456  369  244   58   36  571   96  576 1405  5723
1964  212  554  592  268   80  190   24   34   62   82  334  782  3214
1965  411  474  367  289   80  175   25   40  374  778  435  361  3809
1966  371  564   48  370  174  182   23   15  310  800  291   12  3160
1967  287  751  144  372  270  495   10   17   31  268  802  339  3786
1968  126  857  521  310  241  210    5  115   51   77  669  637  3819
1969  704 1261  597  509  335  155   39  114  493 1255  884  416  6762
1970 1496   45  446  198  138  244   22    7   10  371  239  942  4158
1971  610  113  806  817  808  170   51   42  163  333  612  754  5279
1972  597  412  720  190  323  280   31  117  554 1056  743  299  5322
1973  312  275  454  165  314  265   26   74  126  426  219  802  3458
1974  112  475  556  815   52  422   80  162   42  569  121   26  3432
1975  154  450  931  619  492  157    1   90  122   97  196  568  3877
1976  245  426  202  773  516  154  151  144  252  590  180 1062  4695
1977  846  230  129  148  346  156  102   95  123  493  605  477  3750
1978  209  452  243  518  380  218    1   31   27  128  450  584  3241
1979 1006  711  298  262  143  206  108    1  361  803  108  269  4276
1980  491  515  465  332  486  127   60   29   78  235  561  232  3611
1981   70  267  211  748  153  190   12   92   96   73    2  680  2594
1982  486  276  341  411  245   74   93   63   94  505  898  221  3707
1983    1  265  130  194   54  117   13  203   20   69 1236  503  2805
1984  151  415  529  322  675   88    2   21   86  129 1078  127  3623
1985  390  478  180  298  306   48    8   33   92  149  638  352  2972
1986  285  447  414  385  146  135   91   23  290 1112  326  174  3828
1987  814  468   52  187   89   31  227  221  142  588  679  623  4121
1988  510  326   86  389  358  401   10    2  202  517  567   26  3394
1989  336  367  506  435  360  137   19   57  805  378 1390 1045  5835
1990  444    1  236  660  171   14   64   22  195  513  380  209  2909
1991  348  529  694  158  113  162   49   32  311  565  280  256  3497
1992  189  415  313  186  324  856   36   25  105  635  158  217  3459
1993   93  483  328  324  460  167   40   42  124  718  528   56  3363
1994  335  603   21  316  169   10    4   18  296  478  306   93  2649
1995  140  246  275  121   44  178   68  103  141  119  460 1117  3012
1996  980  439  383  263  447   65   42   33  496  222  477 1393  5240
1997  987   19   46  373  360  197   99  136  604  308  873  905  4907
1998  356  376  143  195  672   64    0   48  258   90  196  421  2819