1900  637  651  199  328  243  273  176  369  230  202  446  556  4310
1901  751  277  343  305  208  174  275  187  283  197  378  489  3867
1902  788  224  238  331  258   97  183  158  152  219  452  237  3337
1903  340  248  414  153  281  268  234   86  115  143  266  220  2768
1904  438  189  198  131  217  215 1152  169  192  114  237  506  3758
1905  533  128  176  173  155  210  594  104   92  137  431  415  3148
1906  318  227  260  435  276  164  338  342   86  254  262  270  3232
1907  390  351  199  275  312  150  260  357  147  193  212  544  3390
1908  187   77  315  421  234  313  195  244  240  269  260  249  3004
1909  241  262  291  407  268  311  233  306  169  243  171  257  3159
1910  340  100  530  275  438  258  160  266  297  216  300  183  3363
1911  419  150  246  634  369  272  336  263  103   77  297  558  3724
1912  573  293  214  493  210  125  359  238  210  325  340  312  3692
1913  256  446  271  272  274  219  572  365  173  268  289  464  3869
1914  454  362  237  366  274  404  601  152  389  113  195  447  3994
1915  327  237  291  386  347  198  282  194  177  115  354  340  3248
1916  758  226  489  372  408  220  215  199  152  235  460  291  4025
1917  275  344  255  484  210  400  285  300  453  206  293  391  3896
1918  336  294  288  465  251  634  168  448  157  198  392  223  3854
1919  275  233  113  247  598  139  397  124  139  245  244  196  2950
1920  502  190  406  235  231  294  275  269  326  162  213  388  3491
1921  372  416  282  265  314  278  399  318   88  188  353  585  3858
1922  380  201   51  198  403  146  417  314  149  412  293  240  3204
1923  315  383  226  245  215  285  134  102  127   73  452  283  2840
1924  297  538  217  398  256  160  162  158   71  349  243  431  3280
1925  258  155  276  360  224  301  138  246  219  356  124  268  2925
1926  587  415  296  243  198  116  156  153  117  434  285  194  3194
1927  303  260  259  181  241  234   88  457  345  107  227  294  2996
1928  257   94  219  190   44  184  243  192  165  218  375  312  2493
1929  535  187  360  372  218   75  168  285  212  239  347  610  3608
1930  373  162  426  240   73  386  241  191  153   72  156  273  2746
1931  264  475  421  353  206  537  678  142  319  289  437   98  4219
1932  332  138  578  693  653  600  278  163  171  135  201  235  4177
1933  475  309  467  444  262  513  491  214  142  462  248  425  4452
1934  347  469  384  402  427  383  294  211  188   83  461  365  4014
1935  350  568  563  415  361  154  519  303  215  214  421  511  4594
1936  433  352  400  200  298   75  274  277   75  170  256  233  3043
1937  545  450  306  393  190  362  326  418  147  275  199  449  4060
1938  441  414  372  715  500  388  387  200  151  191  231  513  4503
1939  653  389  473  272  219  235  346  292  112  174  203  212  3580
1940  166  576  177  318  108  227  181   48  216  119  288  295  2719
1941  364  228  345  261  209  261  305  369  168  197  391  713  3811
1942  353  210  455  364  129  118   42  163  191  176  341  143  2685
1943  224  218  529  104  515   92  102  135  245  135  354  150  2803
1944  315  263  265  391  471  903  282  358  309  445  374  302  4678
1945  356  188  858  605  265  195   77  394  254  359  362  316  4229
1946  448  642  397  109  280  147  256  323  154  295  404  666  4121
1947  517  310  293  293  513  314  216  129  165  143  192  184  3269
1948  248  337  432  375  445  219  189  320  302  211  261  381  3720
1949  487  425  274  433  751  279  141  333  238   86  311  365  4123
1950  612  153  358  490  503  274  823  369  173  236  375  248  4614
1951  704  214   58   26  507  233  173  144   94  165  352  162  2832
1952  379  222  373  234  377  251  207  153  184  252  469  253  3354
1953  377  290  425  374  314  243  189  170  391  109  159  217  3258
1954  211  141   57   94   99  109  116  825  750   75  838  513  3828
1955  839  178  261  275  262  200  118  344  166  273  231  400  3547
1956  501  631  270  229  327   73  627  120  169  241  110  194  3492
1957  577  263  285   78  376  272  302  369  172  156  539  508  3897
1958  387  398  253  189  126   99  534  221  209  140  293  248  3097
1959  432  424  123  509  227  359  255  242  195  288  241  391  3686
1960  236  260  305  265  411  222  207  351  155  120  244  614  3390
1961  595  454  481  287  410  143  249  401  249  153  198  230  3850
1962  246  271  277  152  289  179  117  178  237  177  366  410  2899
1963  290  137  234  231  157  286  388  431  157   97  139  213  2760
1964  426  336  346  336  243  384  265  165  204  204  288  259  3456
1965  318  678  423  513  242  336  186  486  228  170  247  327  4154
1966  201  181  294  217  121   98  253   77  227  320  209  303  2501
1967  326  344  269  249  210  120  238  172  625  111  147  273  3084
1968  162  343  164  170  427  351  120  167  203  181  221  520  3029
1969  321  170  109  510  244  212  139  209  127  368  309  377  3095
1970  822  287  198  245  697  216  185   90  107  282  100  148  3377
1971  403  351  316  589  347  193  135  300  280  271  334  507  4026
1972  497  516  176  327  267  240  199  191  303  306  231  494  3747
1973  491  605  132  482  157  726  219  292  203  340  228  205  4080
1974  381  127  445  269   83   77   36  156  212  240  317  360  2703
1975  240  442  304  233  170  335  242  157   83  133  500  331  3170
1976  398  162  243  399  502  324  332  233  276  363  648  647  4527
1977  259  238  256  257  266  151  487  103  145  235  142  169  2708
1978  394  144  538  479  166  488  450  164  180   84  309  194  3590
1979  361  246  418  312  530  326  606  197  237  186  124  448  3991
1980  221  301  418  174  361  245  338  262  304  206  242  195  3267
1981  278  161  902  492  353  392  380  475  205  228   79  288  4233
1982  406  337  159  284  245  137  222  272  271  580  468  191  3572
1983  302  226  333  415  334  350  104  182  113   78  122  167  2726
1984  527  251   79  368  724  268  356  311   97  302  219  123  3625
1985  170  177  298  292  388  280  204  225  382  200  288  417  3321
1986  144  321  242  304  853  477  542  236  246  166  451  340  4322
1987  397  378  239  408  348  583  405  131  280  161  198  156  3684
1988  378  110  173  390  297  322  103  617  212  496  318  254  3670
1989  739  436  265  318  239  321  109   76  208  182  227  266  3386
1990  252  263  697  447  691  297  262  417  152  238  351  454  4521
1991  214  352  379  207  156  256  183  -10  246   99  -10  857   -10
1992  -10  -10  -10  231  188  254  -10   40  377  240  187  342   -10
1993  414  224  383  270  121  134  193  222  259  164  -10  481   -10
1994  293  513  403  652  314  108  286  147  185  371  515  367  4154
1995  290  212  234  134  302  677  307  334  378  419  747  321  4355
1996  298  593  508  546  246  165   52  188   86  279  148  360  3469
1997  310  418  172  361  190  344  350  -10  181  196  237  -10   -10
1998  644  777  138  144  483  135  197  218  258  211  -10  234   -10