1900  438 2060  374  182  270 1282 2542  796 1004  821 2615 3112 15496
1901   29  706 1359  280  489  942 1237 1516 1108  714  897 2514 11791
1902  394  329  406  158  346 1323 1004  944 1011 1010 1571 1092  9588
1903  165  607  535  207  417 1670 1196 1148 1413  652 1365 1889 11264
1904  332  288  419  253  480  716 1715 1520 1245  560 3416 1752 12696
1905  120  858  167  135  478  729 1776 1355 1038 1045 3686 2042 13429
1906   75 1427  169  375  322  727 1450 1440 1018  537 1269 1121  9930
1907  477  758  424  197  571 1027 1133  803  472  609 1645 1118  9234
1908  116  187  234   85  375 1390 2977 1854 1906 1091 1070 1019 12304
1909  249  436  260   88  265 1868 1331 1226  573 1164  989 2328 10777
1910  255  377  328  190  729 1178 1458 1936 1879  794  863 2345 12332
1911  170  228  210  232  284 1266 1570 1453  962 1282 1626 1808 11091
1912   58  112   56  102  331 1264 2178 1709 1131 1063 1309 1760 11073
1913  284  467   89   51  426 2046 2068 1319 1285 1370 1149 1891 12445
1914   62  105   38  166  418 1228 2513 1491 1436 1271 1386 1023 11137
1915  137  815  600  151  307 1928 1881 2355  788  812  958 1088 11820
1916  144  403  284   51  501  810 2567 1718  894 1258 2697 3454 14781
1917  241  321  158  132  392  829 1921 1706 1105  887 2416 2252 12360
1918  264  105  686  130  544 1538 2475 1006  535  776 1873  930 10862
1919  108  586  545  314  564  648 1407 1116 1198  666 1855 1171 10178
1920  267  603   71  345  371 1322 2321 1287 1321  871  967 1386 11132
1921  235  268  333  384  274 1294 1552  933 1298 1967 1802 1341 11681
1922  299 1239  334  177  468 1374 1237 1241  853  663 1925 1963 11773
1923  317  215  122   92  338 1196 1148 1053 1146 1428 1247 1794 10096
1924  144  181   62   74  179 1252 1001 1319 1470 1074 1838 1322  9916
1925  176  112  430  182  145  560 1073 1619 1067 1076 1346  807  8593
1926  128  201   58  204  280  750 1254 1658 1360  838 1417 1662  9810
1927  657  612  219  385  630 1184 1526 1499  967 1351 1166 2605 12801
1928  414  463   71  112  535 1231 1304 1324 1348  419 1553 1123  9897
1929  401  160  183  256  892 1063 1498  861 1166  698 1623 1278 10079
1930  468  594   96  434  674 1119 1459  943 1071 1332 1001  868 10059
1931  168  182  253   86  864 1257 2073 1747 1284 1003 1365 1963 12245
1932  405  589 1325  319  750  859 1134 1232  789 1020 1207  979 10608
1933  810 1132  308  113  488 1435 1757 2360 1170 1420 1688 1406 14087
1934  747  320  139   93  164  571 1531 1193 1164 1455 1162 2027 10566
1935  183  312  165  115  473  909 1594 1803 1241 1214 1188 1983 11180
1936  176   47  622  178  899 1369 1451 1069  956 1264 1522  882 10435
1937  633  107   36  455  611 1536 1581 1673 1180  693 2002 1483 11990
1938  756  434  810  348 1047 1147 1632 2194 1631  879 2269 1913 15060
1939  595  263  179  184  290  985 1453 1218  965 1089 1015  554  8790
1940  891  153  140  202  222  967 1225 1285  890 1002 1284 1285  9546
1941  546   61   66   73  497 1883 1320 1152 1060 1209 1023  679  9569
1942  303  113   97  432  798 1440 1756 1674 1045 1179 1720 2115 12672
1943 1567 1389  508  390 1100 1201 1530 1448  646 1200  900 1054 12933
1944  713  136  363  323  849 1713 2406 1147 1248  891 1956 1158 12903
1945  478  293  283  480  545 1848 1473 1491 1104  990 1034  755 10774
1946  811  164  165  291 1581 1858 1487 1816  979  704 1112 1508 12476
1947  886  139  191   23  560 1198 1428 1371  790  955  844 1442  9827
1948  554  246  547  511  498 1598 1580 1996 1052 1187 1329  419 11517
1949  156  465  115  128  509 2582 1616 2256 1155 1014 1215 2323 13534
1950 2020  877  921  374  812 2493 1716 2129  892 1270 1277 1046 15827
1951 1352 2459  801  246 1018 2069 1438 1261 1787  727 1306 1819 16283
1952  259  124  109  625  309 1550 1354 1212  847  856  875 1169  9289
1953 1196  459  406  112  904  933 1654 1218 1066  818  900 1147 10813
1954  567  243  409  547  436 1076 1462 2127  983 1223 1446 2390 12909
1955  787  360  507  136  376 1691 2112 1014 1661 1475 2023 1012 13154
1956 1943  710  437  588  799 1254  852 1629  934  687 1883 1594 13310
1957  895  179   20  340  274  813  983  912  439  770 1515 1058  8198
1958  508  262   38  661 1716 1798 1787 1095  384  962 1417  595 11223
1959  217  139   86   80  333 1099  761 1398  733 1100 1263  475  7684
1960  342   73   91  448  246 1292  948 1393  628  872 1081 2236  9650
1961  554  149  136   73  274 1355 1976 1598 1334 1397 1451  653 10950
1962  481  424   30   60  507 1796 1788 1413  966  744  933  878 10020
1963  798  255  458  211 1485 1495 1510  931 1510  500  844  708 10705
1964  419  173  266  288  280 1778 2209 1479  983  958 1026 1577 11436
1965 1434  726  115  489  394 1534 1430 1322  870  670 1643  725 11352
1966  487  706   38  602  806 2536 1466 1336 1535  792 1902 2491 14697
1967 1108  238  915  333  502  940 1720 1191 1266  548 1737 1331 11829
1968  511  497  377  374  611  926 1940 1324 1408  717 1199  924 10808
1969 1325  336   98  172  428 1299 1308 2411 1076 1390 1704 1660 13207
1970 1030  726  284  314  514 1642 1938 2069 1581  913 1484 1220 13715
1971  712  315  459   70  483  669 1473 1669 1775 1884 2018 1133 12660
1972 1637  498  546  382  704  832 1840  973  586 1130  866  731 10725
1973  192  348   40  594  242  838  823 1893 1388 1421 2204 1428 11411
1974  803  375  797  116  341  518 1292 1368 1226 1439 1028  957 10260
1975  390  275  123  162  505  927 1322 1324 1028 1392  978 2739 11165
1976  546 1101  432  304  384 1585 1598  869  781  664 1047  977 10288
1977  239   97   56  144  341 1376  968 1435 1062  889  561  427  7595
1978  316  176  125  151  833 1287 1957 1679 1113  908  800  916 10261
1979  410  207  414  504  430 1878 2345 1309 1017  904 1921 1260 12599
1980  464  327  131  232 1018 1356 1552 1775 1217 1057 1302  970 11401
1981  499  757  143 1869 1387 1452 2460 2005 1500  789  930  630 14421
1982  810  682  135  471  499 1915 1144  966  768 1053  975 1302 10720
1983  384   40   72  305 1342 2248 1275 1261  987 1162  603  928 10607
1984 1391  213  123   39  419 1220 1939 1092  956 1395 2349 1014 12150
1985  463  635  232  293  534  988 1700 1344 1221 1568 1996 1218 12192
1986  385  465  364   57  672 1467 1146 1025 1061 1481 2188  985 11296
1987  191   80   29   71  798  852 1589 1329  999 1107 1122  959  9126
1988  552  323   67   38  358 1272 1427 1980 1881 2607 1667 1537 13709
1989  457  614  366  132  348 1013  976  790 1100  706 1690  384  8576
1990  607  349  144  511  840 1463 1493 1728  876  930 1402 1014 11357
1991  432  329  331  451  217  624 1065 1252 1249  651  -10  960   -10
1992  576  447  139  187  930 2169 1508 1246  -10  714 1476 1085   -10
1993  721  194  186  116  -10  -10  954 2404 1375  986  -10 1158   -10
1994  366  316  200  154  -10 1456 1498 1505 1477 1269 1520  943   -10
1995  361  -10  -10  -10  245  -10  -10 2252 1101 1007 1001  520   -10
1996  435  494  206  152  877 1651 1702 1613 1475  964 1414 1105 12088
1997  756 1165  214  182  333  -10 1800 1118  803  875 1842  527   -10
1998  172  344  328  196 1262 2003 1996 1242 1427 1733 1143 1679 13525