1900  370  583  225  285  270  473  485  525  551  874  271  579  5491
1901  258  393  259  446  167  889  322  736  271  301  562  533  5137
1902  685  255  477  213  772 1109  928 1206  543  565  263  366  7382
1903  367  513  236  524  792  778  975 1468  258  666  544  241  7362
1904  196  546  116  411  535  740  523 1207  324  453  563  700  6314
1905  455  233  319  479  393  379  885  833  579  870  517  309  6251
1906  413  318  466  326  460  799  754 1122  426  329  655  563  6631
1907  337  245  195  483  462  688  828  875  474  222  222  328  5359
1908  489  467  251  396  550  669  587 1136  668  300  389  225  6127
1909  188  202  354  468  304  469 1079  573  361  377  613  495  5483
1910  498  298  275  333  486  508  777 1239  445  291  557  519  6226
1911  387  439  184  325  424  674  537  563  647  630  685  293  5788
1912  274  238  593  360  594  790  484  739 1146  545  478  547  6788
1913  259  392  418  452  303  622 1063  551  498  393  703  666  6320
1914  447  270  550  266  465  402  329  420  888  279  361  584  5261
1915  529  384  380  331  424  464  926  549  801  292  563  642  6285
1916  455  315  303  252  561 1007  866  949  466  719  436  408  6737
1917  351  254  270  566  253  396  772  607  805  689  660  438  6061
1918  503  279   77  189  175  680  827  657 1030  458  245  550  5670
1919  223  293  356  378  226  848  708  844  577  411  342  440  5646
1920  368  263  223  644  481  773  558  680  567  183  239  176  5155
1921  642  138  328  384  431  874  728  492  604  476  357  567  6021
1922  366  365  492  400  690  915  744  894  505  448  493  355  6667
1923  323  185   85  313  682  819  635 1167  692  883 1086  436  7306
1924  269  528  405  485  501  626  747  862  728  326  342  343  6162
1925  475  385  399  461  344  919  738 1308  781  666  424  457  7357
1926  259  437  374  394  589  737  515  690  654  687  661  407  6404
1927  179  202  388  454  910  744  540 1156  954  887  671  269  7354
1928  306  333  111  243  783 1103  860 1264  915  361  736  291  7306
1929  188  129  333  281  511  708  573  978  599  759  681  392  6132
1930  269  217  518  282  578  328 1091 1345  439  742  912  265  6986
1931  580  219  271  256  346  637  744  872  798  559  306  507  6095
1932  329  193  160  214  736  726  589 1239  877  995  331  304  6693
1933  195  303  259  495  577  578  569  899  785  458  442  227  5787
1934  253  282  418  239  712  284 1450  468  269  606  847  185  6013
1935  329  495  292  427  510  724 1179  902 1102  722  120  540  7342
1936  547  372  377  293  292  504  775  647  551  912  342  418  6030
1937  260  481  625  249  513  525 1138  851  564  329  627  500  6662
1938  374  138  439  447  253  690  940  375  391  922  503  447  5919
1939  590  414  179  524  353  388  509  141  377  486  544  399  4904
1940  294  368  321  125  368  317  797 1061  994  318  738  406  6107
1941  300  347  327  241  333  558  474  984  412  483  169  492  5120
1942  255  160  138  231  497  613 1166  435  653  543  419  465  5575
1943  353  432  188  420  606  695 1148  761  523  343  494  268  6231
1944  547  270  301  313  807  815  539  427  699  267  624  268  5877
1945  368  304  308  470  377  568 1600 1072  976  627  222  338  7230
1946  181  383  336  268  356  954  903  841  879  288  222  155  5766
1947  190  227  397  456  147  655  753  687  270  340  572  648  5342
1948  572  137  252  374  485  971  609 1010  776  674  520  252  6632
1949  403  187  246  416  518 1276  730  772  162  477  358  570  6115
1950  180  519  204  502  311  686  648  463 1246  571  885  438  6653
1951  395  295  475  479  557  465  853  383  230  187  583  465  5367
1952  350  409  147  259  641  523  630  878 1440 1053  613  455  7398
1953  319  351  169  218  434  797  900 1008 1048  255  375  124  5998
1954  238   95  249  366  248  579  919 1076  786  754  456  518  6284
1955  380  315  303  460  774  471  451  207  875  518  427  585  5766
1956  439  318  130  976  257  925  717 1065  304  724  418  293  6566
1957  377  612  330  339  509  598  898 1206 1125  554  261  355  7164
1958  513  488  298  242  655  793  657  697  282  663  326  479  6093
1959  838  286  162  497  303  611  485  517  660  373  394  296  5422
1960  388  270  327  379  498  821 1157  631  468  601  616  512  6668
1961  287  281  511  313  577  648  856  966  432  231  361  454  5917
1962  389  313  407  343  891  894  948 1114  864  389  642  330  7524
1963  161  325  252  137  320  367  388  968  496  806  651  186  5057
1964  159  201  136  268  351  484  360  550  477  546  554  520  4606
1965  438  246  438   80  444  537  808  614  523  349  496  570  5543
1966  404  391  459  656  746  518  717  958  824  467  433  478  7051
1967  346  190  332  356  845  535  276  874  448  922  712  495  6331
1968  302  251  266  416  604  605  706  481  658  900  404  286  5879
1969  142  236  118  636  602  277  574  487  658  416  879  312  5337
1970  310  201  206  775  229  406  827  676  799  506  716  490  6141
1971  260  464  426  172  132  840  415  416  450  668  536  433  5212
1972  100   77  226  556  583  428  614  532  470  620  825  259  5290
1973  114  367  202  322  730  458  943  423  828  579  615  394  5975
1974  213  268   86   72  380  866  976  662  509  805  601  516  5954
1975  421  180  241  865  356  619  469  492  307  341  464  604  5359
1976  437  163  286  424  296  735  389  499  598  301  432  564  5124
1977  136  361  224  700  380  501 1260  524  793  536  580  481  6476
1978  316  228  432  581  391  589  959  904 1308  669  630  255  7262
1979  434  250  334  299  572  245 1195 1153  641  162  609  447  6341
1980  377  236  192  219  446  491 1022 1127  418 1069  472  582  6651
1981  333  311  435  183  386 1059  873  774  523  929  778  766  7350
1982  405  120  276  369  445  993  586  655  685  571  481  633  6219
1983  613  278  613  443  625  660  487  175  618  586  637  634  6369
1984  568  203  199  169  516  653  641  469 1178  603  279  363  5841
1985  375  235  289  400  439 1035  904  806 1011  622  444  434  6994
1986  673  106  273  440  398  474  966 1023  985  364  526  555  6783
1987  337  409  226  111  640 1142  602 1391  896  194  593  446  6987
1988  284  308  498  335  375  605 1052 1266  604  347  519  604  6797
1989  319  368  384  286  283 1032  639 1346  358  846  446  568  6875
1990  664  579  583   93  370  539 1402 1087 1130  693  663  365  8168
1991  382  380  324  270  706 1100  581  738  606  464  670  393  6614
1992  551  444  374  614  468  234  311  625  720  698  584  348  5971
1993  555  354  342  230  211  691 1228 1007  656  595   79  628  6576
1994  509  118  613  441  547  619  192  671  883  583  517  505  6198
1995  413  524  610  423  691  906  519  497  625  469  525  260  6462
1996  220  329  156  252  701  559  889  138  566  566  716  501  5593
1997  343  496  273  565  548  951  667  215  874  985  608  369  6894
1998  467  399  340  370  523 1192 1033 1048  573  756  310  452  7463