1900   15   16   28  245 1291 1252 2269 1060 1145  280   41    3  7645
1901    6   23   53  741 1106  973 1664 2899 1723  501   15    4  9708
1902    5   26  100  578  874  859 1638 1999  762  521   18    8  7388
1903    9   12   33  723  837 1015 1447 3041  858  300   52    5  8332
1904    6    7   51  204  776 1299 1683 1895  941  348   34   12  7256
1905   15    9   44  205  538 1208 1847 2472 1698  586   31   17  8670
1906    9   20   26  456 1112 1261 1925 2401 1487  467   91   39  9294
1907    4   10   80  189  704 1018 1258 1855 1349  434   62    6  6969
1908    3    5  130  209  614 1262 1978 2586 1947  281   92    4  9111
1909   22   41  147  687  788 1455 2244 3471 1699  410   46   16 11026
1910    1    6   59  370  763  905 2374 2672 1570  271    7    7  9005
1911    3    6  353  403 1232  881 1935 2316 1255  281  132    5  8802
1912   19   15   19  383  516 1294 1766 2113 1428  307    9   12  7881
1913    3   18   12  257  552  962 1550 2728 1277  294   12   19  7684
1914    6    6   52  190  561  944 1373 2065 1515  515   69    7  7303
1915    2   11  177  557  796 1194 1774 1975 1005  452   40    8  7991
1916    3    6  134  307  403 1500 2337 2497 1207  254   70    3  8721
1917   41   45   60  152 1210 1069 2021 3404 1877  342  139   35 10395
1918    7   10   92  310  896 1261 2036 2051 1445  426   57   30  8621
1919    4   12  103  211  929  797 1101 1430 1150  574   25    3  6339
1920    1    8   34  258  651  910 1965 2298 1608  163  102    2  8000
1921    2    5   82  133  600  930 2035 2640 1383  338  279    2  8429
1922   11    6   63  762  660  904 2038 2710 2491  525   77    2 10249
1923   14    4   74  391  507  922 1740 2365 1480  508  130   30  8165
1924    4   83  122  316  587 1313 1938 2257 1578  416   34    3  8651
1925    0    2   93  215  686 1149 1743 2731 1655  859   78    1  9212
1926    1    7   83  160  739 1295 1669 2105 1065  214  122    2  7462
1927    2   40    7  349  812 1510 1548 2437 1476  934  138    2  9255
1928   10    4   79  622  473 1162 1903 3500 1291  707   14    2  9767
1929    3    6  145  158 1077 1582 1802 2275 1475  504   41    1  9069
1930    1    3   71  221 1426 1326 1621 2547 1415  565   37    9  9242
1931    4   31   26  399  784 1361 1736 1659 2073  159  272    9  8513
1932    1  106  205  266 1056  698 1588 2315 1776  542   22    6  8581
1933    4  106  161  298 1338 1554 2067 2782 1479  249  227   26 10291
1934    0    2  287  141  272 1011 1770 2873 1601  393    4    2  8356
1935   11    4  316  340  637  950 2306 3212 1515  464    5    1  9761
1936    1   49   29  490  662 1155 2311 2981 1322  354  139    7  9500
1937    0   13   62  188  754  962 1833 2397 1310  300   54    2  7875
1938    2    2  333  197  650 1213 1740 2379 1163  363   69    9  8120
1939    6   13  177  238  966 1131 2148 2999 1913  591    5    2 10189
1940   52    1   86  234  549  874 2019 2704 1603  623   18    0  8763
1941   23    0   57  290  747 1554 1817 2027 1159  383  127    2  8186
1942   42    9   92  465  834 1145 1564 2797 1219  434   36   29  8666
1943    2   16  189  178  817  967 1589 2893 2144  652   20   36  9503
1944    0    0  155  282  267  986 1620 2052 1391  653   33   35  7474
1945    0    4    1  139  564  866 2009 3120 1974  593    2    0  9272
1946   16    6   36  239  608 1090 1919 2580 1870  648   40    0  9052
1947    0   13   15   55  287  975 1666 2505 1105  218   31   30  6900
1948    0    0   50  607  828 1245 1801 2119 1236  249   26    0  8161
1949    0   17   82  395  623  975 1910 2853 1454  419   99    1  8828
1950   16   78   14  159  525 1055 2112 2707 2128  438   31    0  9263
1951   18   17  106  217  870  927 1550 2938 2163 1243  112   29 10190
1952    0    0   10  181  780  857 2163 3057 2610  400    6    0 10064
1953    0   45   42  277 1329 1307 2537 2196 1222  378   35   10  9378
1954    0   13  151  280  785 1194 2080 2885 1178  581  107    0  9254
1955    0   30  201  354  812 1324 2202 2033 2177  632    0   82  9847
1956    0   89  198  408  727 1041 1997 2392 1743  355   38   16  9004
1957    2   14   63  374 1269 1131 2089 2468 1742  518  122    0  9792
1958   34    3   89  413  618 1247 1444 2594 1774  206  260    0  8682
1959    4    5   73  140 1138 1046 1172 3316 1413   98   34    0  8439
1960    0    0  137  394  675 1211 1884 1822 1854  430  107   40  8554
1961    0    0   79  237  427 1166 2035 2179 1491   97   26    0  7737
1962    0    0   51  460  713 1400 1275 3452 1630  379  184    0  9544
1963    0  151   24  605  586  970 2017 2874 1304  815   43    0  9389
1964    5    0   80  296  820 1398 1949 2270 2005  295   25  144  9287
1965   84    5   32  158  650 1324 1845 2597 1934  427    0    0  9056
1966    0    5   67  459  443 1056 1446 2220 1539  929   33    0  8197
1967    0   51  119  225  595 1004 1406 2801 1744  221   19   15  8200
1968    0  111  397  506  990 1034 2307 1919 1539  361   70   55  9289
1969    0    3   76  276  562  989 1858 2712 1669  519   52    0  8716
1970    0    0   10  221  759  741 2077 2329 1497  151   14    0  7799
1971    0   30  216  382  399  906 1887 2437 1350  161    0  111  7879
1972    0   37   45  467  944 1374 1430 1731 1096  537    0    0  7661
1973    0   39   38  449  758  865 2034 1924 1072  244    2   26  7451
1974    0    0  181  253  509  878 2010 2752 1485  448    2    0  8518
1975    0    0   79  174  533  931 1892 2269 1228  170   11   17  7304
1976   82   12   95  219  868 1080 1579 1570 1440 1295   19    0  8259
1977   37    1   98   82  640  821 1318 2219 1358  290    0    0  6864
1978    0    0  166  724  767  965 2113 1858 1481  609   38    2  8723
1979    0    0   73  275  735 1363 1729 1767 1636  483   92    0  8153
1980   17    2    5  276  632  805 1830 2359 1081  451   39   15  7512
1981    0    2   84  247 1012  984 1799 2039 1093  204    1    0  7465
1982    0   67  284  394  549  977 1140 1658  928  481   16    3  6497
1983    0   16   13  154  518  955 1470 1754  938   55    3    0  5876
1984    0    0  123  248  989  597 1225 1402 1277  281   87    0  6229
1985    0    7   80  138  499 1203 1970 2151 1251  168   14    0  7481
1986    0    1   40  162  775 1043 1623 1696 2126  280   39    0  7785
1987    0    3  146   66  333 1446 1335 2354 1156  350    1    0  7190
1988    1    2   55  551  386  774 1908 2570 1440  168   49    0  7904
1989    0    2   97  137  386  900 1704 2597 1359  425   14   91  7712
1990    0    0    0  150  820  624 1744 1669  914  189   23   47  6180
1991    0    3  150  331 1280 1099 1627 2759  839  592    1    0  8681
1992   29    1    2  227  688 1186 1790 2028 1294  246  160    0  7651
1993    0   10   56  234  407 1075 1789 2115 1235  342   18    0  7281
1994    2   10   87  100  620  945 1674 2313 1576  980    6    0  8313
1995    0    2   78  452  642 1259 1267 2222 1055  304   37   12  7330
1996    0   22   34  368  845  906 1480 2521 1754  503    2    4  8439
1997    3    1  306  682  687 1013  -10 1568  976  643   21    3   -10
1998    2    6    6  387  783 1187 1607 2301 1710  522    8   11  8530