1900 2333  367  814  474   86    6    0    2    0   86  365 3562  8095
1901  830 1455 1122  342    8    3    0    6   37  231  748 3417  8199
1902 1705 1223  985  192    2    2    0    0  100   86  604 2065  6964
1903  745 1573  578   75   15    1    0    1   62   98  524 2577  6249
1904 3769 1247  757  105   16    2    0    0   50  270  381  760  7357
1905 1552 1509  635   27   18    1    1    1   23  193  344  912  5216
1906 2429 1800  783   85    3    1    0    0  109  163  620 1135  7128
1907 1853 1921  752  548   17   15    1    1  109  203  515 1859  7794
1908 1305 2082  389   75   13    0    1    0    8   58  666 2454  7051
1909 2849 1899 1811  401   31    1    0    0    3  121  406 1691  9213
1910 1421 1790 1464  322    1    2    1    7    5  432  730  556  6731
1911 1922 1439 1090   85  180    1    1    7   18   60  527  844  6174
1912 2592 1690  529  194   17   26    0    0    9   37  244 1319  6657
1913  531 1934  791  495   53    1    0    1   48  118 1008  865  5845
1914 1641 2176  909  222   32    1    0    7    1  107  476 1895  7467
1915 2170 1963  751   94    8    2   12    0   83  108  437 1439  7067
1916 1139  623  985  117    6    0    0    0    8  171 1079 2783  6911
1917 1380 2332  808  308  106    1    0    3   13   48  597 2138  7734
1918 1953 1744 1856   32   11    1    4    2    9  358  699 1599  8268
1919 2121 1799  794  113    2    0    0    3   98  407  976 1214  7527
1920 1283 1855  863  130  115    0    0    8   12   96  801 1441  6604
1921 1506 2055 1679  162  156    5    0    0    3  160 1215 1053  7994
1922  828 1526  722   14   70    1    0    4    0  461  600 1108  5334
1923 1965 1832 1971   73   20    0    0    0   22  206  677  735  7501
1924  752  715 1565    2    0    0    0    0    6  477  951 1750  6218
1925 2381 2173 2096  769  211   17    0    0  114  166  568 1308  9803
1926 1287 1425 1283  532  110    2    0    0   21  275  672 1982  7589
1927 1372 1097  583  208    1    0    1    1    1  405  729 1185  5583
1928 1844 1016 1008  112    1    1    0    0   29   58  614 1192  5875
1929 1760 1324  865   41    1    0    0    0   12  145  760 1288  6196
1930 1316  996  797 1018    0    0    0    0    4   22  345 1474  5972
1931 1094  953  824  260    2    0    0    0    3  256 1116 1331  5839
1932  881 1324 1991  323   26    0    0    0   15   34  409 1531  6534
1933 1164  595  268   35    0    0    0    2    2   14  978 1289  4347
1934 1918 1935 1527  421    7    3    0    3    6  153  664 1474  8111
1935 1321  668  619  116   14    0    0    0    5   36  669 1329  4777
1936 1565 1073 2753  153  265   23    1    1    4  223  534  898  7493
1937 1229 2848  702  250    2    0    0    0    3  229  461 1252  6976
1938 1645 1584  303  462   12    1    0    0    5  343 1276 1797  7428
1939 1228 1744 1497   50   12    2    1   11  145  334  894 1744  7662
1940 1400 1310 1712  758    1   15    0    0   30  123  607 1089  7045
1941 2044 1388  238  222    0    1    0    0    0  271  484 1284  5932
1942 1216 1140 1108   96   34    0    0    3   16  344  387 1568  5912
1943 1214  975  854 1093   35    0    8    0    2   41 1016 1540  6778
1944 2050 3090 1013   19    0   12    0    0    0  183  570  654  7591
1945 1252  985 1405   10   52    0    0    0    0  151 1105 1500  6460
1946 2553 1225  271   81    6    0    0    0   11  108  526  633  5414
1947 1047 1246 1190   33   24    0    0    0   29  229  491 1581  5870
1948 1823 2837 1890  519    3    0    0    0    1  297  683  353  8406
1949 1067  595 1532   11    1   13    0   46    1   26  483 1558  5333
1950 1997 1593  557  404   38    0    0    0    3   20  479 1818  6909
1951 1513  948 1204  643  182    0    0   13    7  691  681 1442  7324
1952 2491 2656   73   11   13    0    0    0    6  309  735 1331  7625
1953 1782 1704 1449  547   26    0    0    1   51  117  697 1802  8176
1954 1493 1749 1435  137    8    0    0    0    0  207  893 2626  8548
1955 2174 1926 1277  285   31   48    0    0    0  329  699 1399  8168
1956 1394 1734 1392  516    4    0    0    0  140   23 1163  897  7263
1957 1010 2897 1232   51    2    2    0    0   22  429  703 1802  8150
1958 2844 3884  762  292    0    0    0    0   98  303  850 1947 10980
1959 1779 1433 1329   75   61    2    1    0    0   23  452 1686  6841
1960  926 1759  554  326   75    4    0    0    4   56 1001  894  5599
1961 1345 1374 1755  516   90    2   15    0    0  140  572  742  6551
1962 2140 1503  352  242    1    0    0   18    0   16  838 1968  7078
1963 1626 1789  873  110   18   64    0    0    1  333 1411 1941  8166
1964  947  509  234    6    3    0    0    0   12  150  640 1101  3602
1965 1184  730  371  326    0    5    0    0   20   34  813  736  4219
1966 1548 2070 1510  326    1   67    0   20  147  128  271 1060  7148
1967 2161 1483  780  711    1    0    0    0    0  447 1658 1106  8347
1968 1844  963  937  600   90    0    0    0   37   91  994 1032  6588
1969 1199 2224 1570  180    2    0    0   12   51  406  700 1210  7554
1970 1185  857  218  111    0    0    0    0   23   63  943 1369  4769
1971 2197  970  281  124   20    1    0    0    5   47  685 1265  5595
1972 2494  580 2462  413    2    0    0    0   11   90  199  927  7178
1973  889 1394  558   89    1    0    0    0    1  516  632 2179  6259
1974 2880 2838  491  704   86    0    0    2   82  159  999 1565  9806
1975 1590 1135 1567  254   62    0    0    1    0   35  259 1039  5942
1976 1981 1579 1513  353   98    0    0    0  167  212  828 1126  7857
1977 1135 2944 1876  251   22    0    0   14  135   63  603 2078  9121
1978 2142 3059 1274  553  107   15    0    0   10  309  762  833  9064
1979 1434  722  781   33    6    0    0   31    2  270  913 1118  5310
1980  928 2407  974  156    0    0    0    0   20  143  982 1267  6877
1981 1661 2123 1145   29    7   11    0    1    1   65  724  718  6485
1982 1154  879  532  264   25    0    1    0   47  387 1060  817  5166
1983 1473  619  607  290   93    5    0    0    0  373  791 1781  6032
1984  689 1027 1072  217    8    0    0    2   32  254  735  822  4858
1985 1511 1508  525   60    5    2    0    0    2  230  198 1326  5367
1986 1446 1352 1131  339   15    0    0    0  131  661  891  943  6909
1987  668 1116  533   41    5    0    0    0   19  125  476 1362  4345
1988 1101 1347 1040  395    1    0    0    3   73  380  423 1242  6005
1989 2411 2291  901  356    2    0    0    0    1  220  229 1028  7439
1990 2262 1005  694  526    4    0    0    1    5  147  407  922  5973
1991 1696 1722 1039    6    1    0    0    0   19  232  611 1764  7090
1992  907  480 1136  132   15    0    0    0    7  173  546 1111  4507
1993 1722 1882  638  460    2    0    2    2   35  145  843  970  6701
1994 2366 1331  257  108    2    0    0    0    3   91  399  598  5155
1995  603 1647  574   49   53    0    0   41   40  212  464  985  4668
1996 1739 1271  440   28   13    0    0    1    8   44  905  888  5337
1997 2614 1670 1067   61   50    0    0    0  129  279  562 1032  7464
1998  -10  -10  880  -10  -10    0    0    0   18  -10  -10  -10   -10