1900  -10  -10  -10  -10  -10  -10  -10  -10  -10  -10  -10  -10   -10
1901  -10  -10  -10  -10  -10  -10  -10  -10  -10  -10  -10  -10   -10
1902  -10  -10  -10  -10  -10  -10  -10  -10  -10  -10  -10  -10   -10
1903  -10  -10  -10  -10  -10  -10  -10  -10  -10  -10  -10  -10   -10
1904  367  251 1941 2059 2355 1827 1984  -10  541  -10  228  881   -10
1905  223  440  524 1614 2156 2411 1123 1217  731  637  809  764 12649
1906  -10  -10  -10  -10  -10  -10  -10  -10  -10  -10  -10  374   -10
1907  429  719 2323 3445 3682 2393 2059  925  543   60  781  258 17617
1908  220  560 1130 1138 2613 2097 4282 3299 1238  641  640  445 18303
1909  304  937 1220 1583 3323 3434 3187 2159  495  793  255  724 18414
1910  618  574 1082 1160 2449 3440 3376 3044 1155  491  495  536 18420
1911  322  799 1822 1472 2248 2762 2229 1004   73  781  628  192 14332
1912   75   33  122 1119 2242 2597 3072 1495  663  269  754  846 13287
1913  727  192  675  447  775 2460 2691 1078  765  544  301 1021 11676
1914  147  415  496 1072 4759 2225 1564 1360 1217  738  794  331 15118
1915  335 1308  176 1224 3915 2787 1704 1097  144  206  512  418 13826
1916  414  443  396  383 2886 3213 3436 2977  386  465 1325  794 17118
1917  550  311  694  639 1920 2778 2104 1849 2216  713  938  701 15413
1918  416  231 1379 1738 3528 3170 3175  750   42  112  532  448 15521
1919  201   65 1117 2154 3808 1896 2454 1775  670  110  567  363 15180
1920  691  431  336  428 1184 1969 2092 1308  626  290  405  494 10254
1921  179   46  383 1823  159 5153 3775 1101  964 2395 1566  588 18132
1922  377  259  268  403 2837 2755 1772 2595 1007  477 1363 1101 15214
1923  389  386  343  498 1621 3088 1797 1396  737  503  790  740 12288
1924  212  146  124  441 1782 3904 3495 1626 1278  968  797  702 15475
1925  148  167 1210  594 1343 1811 2329 2458  739  364  467  239 11869
1926  138   59   72  240 2301 3193 2464 2109 1221  433  748 1036 14014
1927  749  777  333 1868 4319 3579 3844 1590  787 1292  573  772 20483
1928  604  551  705  840 2822 2829 2377 1381 1058  188  670  594 14619
1929  142  265  417 1642 3202 3430 2409 1308 1035  700 1235  418 16203
1930  461  210  342 2930 3090 2235 3914  847  758  386  135  357 15665
1931  198  412  222  501 4190 2963 3671 2297 1261  728  850  819 18112
1932  488  283 1694 2766 3379 3264 1556 1822  458  466  331  489 16996
1933  387  275  728  890 2917 3541 3372 3215  814 1073  990 1049 19251
1934  928  164  440  749  891 2073 2786 1129  875 1312  553  319 12219
1935  243  668  476  263 1659 3550 2571 2730  781 1234  326  173 14674
1936  269  134 1367 1969 3520 2764 2442  964  553  793  508  715 15998
1937  561   87  309 3026 3347 4273 4003 2209 1168  495  790  576 20844
1938  556  872 1117 1708 2505 3399 2909 2617  968  805 1160  388 19004
1939  551  191  775 1619 1867 1833 1652 1579  599  872   66  229 11833
1940    7   13  148  143 1825 3041 2110 2537  578  994  325  306 12027
1941  297   84  397  207 1771 4582 1669 1633 1398 1093  400  185 13716
1942   36  107  247 1234 3873 4241 3091 2574 2412  977 1416 1420 21628
1943  883  648 1621 2122 2794 2147 4363 2540 1124   50 1267 1378 20937
1944  199  238 1141 1489 3945 3957 3245 2487 1255  255 1039 1280 20530
1945  398  924 1314 2726 3577 4823 4068 2420  773  622  504  106 22255
1946  201  455  493 2443 2816 2101 2887 2416  182  909 1083  241 16227
1947  116   34  328  320 1604 3849 5086 1131 1290 1105  264  205 15332
1948  375  778 1285 2588 2723 3927 2818 1756 1288  379  915  209 19041
1949  298  302 1092 2021 2830 3129 4063 4301 2423  650 1113 1324 23546
1950 2450 1424  405  464 3490 4031 4345 3317  146  523  804  323 21722
1951  625 1355  919 1937 2792 4133 4921 2642 1449  987  203  215 22178
1952  297  271   69 1173 2999 4196 3629 2836 1390  603  236  967 18666
1953 1239 1011 1917 1775 2342 4596 3569 1053 1030  159  939 1462 21092
1954  432  656   79 3222 2760 3718 3688 3764 1765 1149 1675 1293 24201
1955  444 1043 1062  770 2861 1898 3576 1078 1624  850 1374  831 17411
1956  387  245 1412 1025 4217 4074 2312 3062 1502 1578 1100 1454 22368
1957  411  177  477 1577 2553 3373 2758 1333  515  768  604  179 14725
1958  342  228  320 1701 1644 2428  774 1457  138  420  474  191 10117
1959   93   69  220  455 1922 3574 4983 2792 1920  820  943  191 17982
1960  493  452   97 1743 3172 2123 2653 2048  813  538  700  791 15623
1961  257  114  171   15  630 4198 3435 2267 1393  513  652  267 13912
1962  109  586  390  517 3572 3991 3051 2301  595  513 1859  219 17703
1963  624  658  342 2206 2441 3104 3648 1337  643  154 1561  422 17140
1964   44  124   53 2496 2545 3554 4392 2338  435  867  508 1529 18885
1965  583  278   69 1093 2059 2249 2353 1501  274  761  859    6 12085
1966   43    0  833  615 1919 3217 3681 1939 1724  538  578  391 15478
1967  367  281  937 2333 3309 3946 3407 1944  704   78  893  424 18623
1968  385  611  475 1725 3246 5775 2388  936  887  456 2386  263 19533
1969 1125  348  308 1234 2283 2468 1810 2566  608  609  143  251 13753
1970  248  280  685  963 3160 2485 3225 2697 1454  295 1417  185 17094
1971  342  443  203  996 1790 2514 2169 2071  133 1618  850  284 13413
1972  167  185  905 1101 2133 2554 1660 1035 1052 1167  783   92 12834
1973   18   33   85  188 2407 2293 2736 1474 1632 2436  496 1422 15220
1974  693  282 1314 1292  263 1950 4674 2997 2254  725 1408  312 18164
1975  429  119  213  128 1809 2784 2185 2892 1403  533  318 1730 14543
1976  524  651 1014 4510 2737 4176 3509 1120  391 1050  385  360 20427
1977   95  316  109 1666 3445 3295 2546 1806  837  674   85  696 15570
1978  339  164  207 2176 1962 2500 1506 2835  671  695  519  259 13833
1979  279   10 2364 1710 2078 3904 1473 1366 1176 1413  874  590 17237
1980   93   18  321 3545 3820 3816 3341 1652  872 1091  954  759 20282
1981  307  412  374 1725 2258 3725 2774 2602 1294 1074  524  287 17356
1982  369  691  538 1806 3656 1818 1861  781  225  566   52  530 12893
1983  115  415  378 2454 1537 2127  491 1166  293  474  414  481 10345
1984 1269  138  216  712 3841 3540 3383 2897 2021 1431  936  521 20905
1985  142  238  332  739 2733 1368 2586 2603 1539  655 1694  601 15230
1986  280  572  670  236 1844 4889 2733 1023  661  660 1004  303 14875
1987  406  162 1639 1291 2990 2524 2733  986 1203  616  702  382 15634
1988  487  170  146  618 1843 2275 5102 3679 1108  591 1009  993 18021
1989  703  561 1398  724 3586 2476 2254 1421 1028 1133 1375  402 17061
1990  753  431 1156 2534 2223 3109 4235 2362  468  304  636  718 18929
1991  322  272  558 2024 2037 4011 5452 2507 1563  570  942  373 20631
1992  185  374  406  852 2119 2008 2271 1566  -10  155  327  246   -10
1993  501  512  -10  -10  -10  -10 2866 2046  959 1117  -10  620   -10
1994  255  190  -10 1145  -10 3420 2543 2122 1168 1037  622  242   -10
1995  197  -10  -10  -10  -10 3659  -10  -10  835  664 1752  989   -10
1996  709  573  512  521 3288 4532 4337 2038 1210  357  723  150 18950
1997  -10  -10  626  -10 2243 1665  -10 1625  -10  142  -10  -10   -10
1998   69   77    7  -10  -10 5019 3477  -10  -10  -10  -10  -10   -10