1900    6   10   23  118 1701 1592 3008 1408 1499  383   14    0  9762
1901    3    5   26 1149 1320 1341 2533 3377 1716  673    8    1 12152
1902    4    6   32  240  865  982 1794 2351  709  949   18    1  7951
1903    4    4   24 1118  521 1719 2431 4115 1056  406   21    1 11420
1904    3    2   25  112  521 1720 2234 2616  954  558  122    7  8874
1905    3    8   21  141  500 1610 3086 3036 2329 1578   62    3 12377
1906    3   31   11  418 1368 1944 3249 3286 2165  597  159   61 13292
1907    1    1  209  102  691 1407 1841 2131 2295  663   80    2  9423
1908    4    1   46  113  566 1371 2178 2895 2120  399   91    6  9790
1909    2   16  224 1052  911 1863 2755 3510 1952  560   43    4 12892
1910    1   16  123  189  552 1097 2747 2689 2089  491   18    3 10015
1911    1    4   46  205 1175 1274 2478 2560 1849  500  120    3 10215
1912    2    7    8  118  394 1422 2520 2646 1943  549   50    1  9660
1913    4    5   13   84  506 1246 1872 3134 1412  331   49   21  8677
1914    8    4   24  108  521 1271 1924 2289 1934  904  204    3  9194
1915    2    8   57  525  657 1671 2656 2878 1665  489  105    3 10716
1916    3    6  146  204  325 1804 3671 2772 1846  416   36    5 11234
1917   18   21   54  146  521 2351 1783 3161 2504  441  127   42 11169
1918   11   11   58  450 1543 1552 2689 2760 1694  658   40   12 11478
1919    2    5   99  265 1098 1151 1697 2320 1747  429   47    1  8861
1920    2    6   16  148  822 1459 2067 2927 1675  290   38    2  9452
1921    1   11  100  217  596  946 1822 2448 1620  392  252    1  8406
1922   27    1   59  364  571 1184 2493 2934 2877  914  183    3 11610
1923    1    4   77  495  326 1113 2565 2715 1662  855   51   23  9887
1924   13  210   57  218  564 1369 2496 2954 2707  462   63    0 11113
1925    0    0   39  257  647 1116 1980 2609 2397 1357   16    0 10418
1926    0    1   86   59  744 1775 2076 2065 1480  449  231    0  8966
1927    0    0    1  428  996 1654 2400 3350 2131 1122  237    5 12324
1928    0    0   60  640  896 1346 2207 3930 2008  915   27    0 12029
1929    0   17   98  333  936 1768 2007 3423 2052  627   13    0 11274
1930    2   18   88  531 1150 1277 2030 2526 1478  605   28   12  9745
1931    0  153   42  333 1038 1595 2884 2624 2893  589  125    3 12279
1932   30   65   81  194  937 1156 2537 3082 2640  591   73    0 11386
1933    0   54   56  274 1009 2051 2367 3262 1908  516  178   66 11741
1934    0    0  115  149  221 1278 2410 3539 1699  560   47    0 10018
1935   47    4   58  333  465 1430 2523 3789 2147  556  145    0 11497
1936    0   11    4  405  772 1841 2917 3770 2020  794  305    0 12839
1937    0    9   91  139  596  886 2307 3346 2487  451  124    0 10436
1938    0    5  173  136  496 1206 2721 3222 2137  717   55    0 10868
1939    0    0  110   65  715 1123 2722 3416 2123  706  145    1 11126
1940    0    0   21  133  326 1823 1543 2729 2436  940   85    3 10039
1941    2    0   92  238  718 1241 2571 2310 2019  286  170    0  9647
1942    1    0  105  340  748 1274 2308 3186 1057  743   88   33  9883
1943    0    0   58  246  670 1301 1905 3233 2208  700   13   56 10390
1944    0    0   32  232  329 1337 1607 2847 1869  946   37    1  9237
1945    0    4   33  133  690  892 2141 3707 1844  791   60    0 10295
1946   16    0   92  234  577 1327 2234 3193 1986  818   52    0 10529
1947    1   63  285  354  364 1320 2316 2444 2361  408   52    0  9968
1948    0   27   38  431  690 2115 2555 3053 1650  494   20    1 11074
1949    9    0  152  386  466 1289 2135 3391 1030  394  109   46  9407
1950    0    8   31  210  592 1243 2905 3729 2498 1070   53    0 12339
1951   18  109  125  215  775 1371 1902 2499 2492 1857  212    9 11584
1952    2    0   19  100  849 1203 2404 2434 2558  781   31   31 10412
1953    0   21  188  160  754 1502 2469 3050 1809  751  105   35 10844
1954    0   56   87  465  751 1548 2655 3522 1675  644  232    0 11635
1955    0   37  160  209  659 1498 2752 2720 2612  843   86  146 11722
1956    3   11   81  292  522  981 2392 3320 2268  739  117   30 10756
1957    0   27   66  362  838 1635 2911 3381 2219  931   78    0 12448
1958   11    0   30  237  689 1670 2108 3527 1915  582  406    0 11175
1959    2    0   21   22  969 1088 2045 3317 2044  346  111    0  9965
1960    0    0   43   89  779 1351 3126 2439 2125  497  116    0 10565
1961    1    0    4  212  562 1053 2393 3244 2137  197  108    0  9911
1962    0    0    5  716  471 1455 2214 3025 2133  881  166    0 11066
1963    0   16   50  488  582  999 1701 2793 1633 1536   35    0  9833
1964    0    0   83  197  896 1895 2583 3022 2141  389   70  244 11520
1965   44    0   14   22  502 1705 1793 2680 2202  592    0    0  9554
1966    0    0  134  127  533 1225 1771 2719 2571 1111    9    8 10208
1967    0   41   72  304  717 1475 2119 3561 2162  776  133    0 11360
1968    0   41  121  545  727 1193 2227 2329 1573  394   97   13  9260
1969    0   11  156   85  552 1257 2398 2269 1990 1271   72    0 10061
1970    0    0   84  229  794 1152 2538 2872 1751  235   85    0  9740
1971    0   22   99  252  366 1015 2091 3493 1303  202   45    3  8891
1972    0    0   79  325  683 1197 1696 2034 1328  597   24    0  7963
1973    0    0    7  183  579  839 1919 2689 1172  326   10    8  7732
1974    0    0  106  174  369 1204 2317 2825 1989  485   17    0  9486
1975    0    0   93  153  683 1371 2367 2476 2208  409  121    0  9881
1976    3    0   16  430  866  955 2289 2355 1521 2057   91    0 10583
1977   58    0   22  120  676 1018 2371 2030 2170  468    1    0  8934
1978    1    5  123  638  691 1129 2208 2116 1705  921    8    0  9545
1979    0    0   28   39 1026 1904 2046 2153 1550  620  196    0  9562
1980   30    4    0  179  623 1179 1958 2525 1456  428  127    0  8509
1981    0    8   34  367  965 1167 2175 2742 1479  476   16    0  9429
1982    0    1  129  577  773 1053 1899 2285 1294  573    5    1  8590
1983    0    8    0  200  564  953 1509 2006 1580  238   26    0  7084
1984    0    2   18  183  764  760 1672 1756 1370  516  232    0  7273
1985    0    0   32  145  288 1137 2210 2116 1798  349    7    0  8082
1986    1   21    0  277  712 1188 1851 2267 1965  258   33    0  8573
1987    0   22   13    5  429 1058 1600 2258 1569  627    0    0  7581
1988    0    0   75  149  325 1426 2453 2513 1479  225    1    0  8646
1989    1   51   69   97  297 1336 1789 2981 1309  596   29    1  8556
1990    0    0    0  351  744 1293 2470 2069 1559  447   13    0  8946
1991    0   18   60  257  892 1174 2494 2642 1442  700    0    0  9679
1992   63    1   26  101  869 1337 2220 2513 1535  338  104    0  9107
1993    0    6  136  307  368 1108 1884 2311 1462  445   33    0  8060
1994    0   78   42  139  696 1410 2298 2382 2383 1089   46    1 10564
1995    1    0  223  333  762 1270 1980 2684 1985  601   20   18  9877
1996    1    9   33  209  858 1292 1892 2138 1771  484    5    1  8693
1997   11    0    5  494 1094 1584  -10 2159 1482  517   22    1   -10
1998    4   23    9  252  611 1251 1961 2443 1870  440    8    2  8874