1900   49  147  548  914 1571 2760 1283  711 1396 2195  375   54 12003
1901   51  145  535  995 1284 2822 4166  900 1290 1101  190   53 13532
1902   49  122  645  829 1513 1462 3160 3346 1740 2196  265   75 15402
1903   57  187  543  944  944 1325 2406 3356 1701 1651  288   77 13479
1904   52   80  591  742 1353 3598 1628 1561 1125 1208  226   42 12206
1905   46  168  428  636 2010 1613 1534 2192 2061 2254  537   67 13546
1906   52  318  602  740 1346 1762 1505 1818 1967 2030  138   56 12334
1907   53  236  161  675 1145 1361 1317 1266 1607 1518  105   33  9477
1908   53  133  811 1331 1177 1045 2926 2913 2754 2226  271   42 15682
1909   66  184 2191 1588 1831 2218 2097 2389 3653 2165  253   57 18692
1910   42  148  105  871 1770 1770 2476 2718 2359 1417  165   36 13877
1911   62  111  404  928 1937 1872 1764 2270 1784 2129  163   54 13478
1912   58  135  434  563 1005 1726 2019 2334 2228 1961  172   30 12665
1913   51  120  231 1161 1237  989 1366 1297 1307 1675   72   33  9539
1914   88  112  777  656 1224 1207 1468 1823 2172 1978  331   48 11884
1915   53  138  393  948 1048 1219 2547 1751 1637 1734  279   40 11787
1916   50  280  855 1102 2108 1787 2206 1975 2923 3155  386   45 16872
1917   56  143  360  674 1353 1341 1881 2636 3010 1049  592   55 13150
1918   53  138 1189  821 1262 1801 2208 2322 2164 2447  298   45 14748
1919   71  190 1849  598 3458 1233 2425 2166 2586 1464  611   45 16696
1920   49  124   19  799 2063 2079 2179 2085 3041 1923  717   38 15116
1921   54  124  195 1539 1713 2101 1851 2701 2667 1063   91   58 14157
1922   51  235  288 1588 1591 1593 1798 1793 2408 3060  279   56 14740
1923   65  127  954 1105 1873 1771 2217 2027 3115 3839  251   41 17385
1924  104  273  637 1679 1073 1544 2381 2018 2275 2086  523   80 14673
1925   37  122  888  826 2245 1826 1789 2812 1986 2856 1007   72 16466
1926   46  182  326  945 1933 1855 2039 2637 2340 1358  279   48 13988
1927   56  185  385  513 1684 1895 2586 2863 2713 3013  174   67 16134
1928  139   43  977 1339 1936 2994 2054 2386 1806 1583   84   26 15367
1929   40   91  400  732 2145 1511 1644 2293 2734 1758  153  129 13630
1930   49  144  352  690 1545 1209 1452 2580 2477 2110  298  208 13114
1931  202   50  375  855 1462 2137 1791 2729 2854 1757  359   25 14596
1932   74  143 1120  479 1117 1228 1843 1817 2722 2064  383   13 13003
1933  320  154  892  582 2092 1455 2474 2964 2676 1870  488   98 16065
1934  106  235  438 1144 1772 1815 2298 3483 2263 1938  302  224 16018
1935   75  188  956  319 1103 2223 2412 2033 2634 1732  132  135 13942
1936   23   61  642  615 1262 1673 1511 2120 2148 2576  371  181 13183
1937   53  215  344  374 1659 1304 1916 1962 2484 1563   80   53 12007
1938  138  160  173  684 1229 1665 2164 2598 2754 1473  356   25 13419
1939   23  195  914  871 1636 1654 2011 2535 2738 2606  526   76 15785
1940  148   91   89  881 1136 2087 1996 1991 2282 1753  222   65 12741
1941   15  146  486  963 2196 1984 2032 3575 1835 1842  693   13 15780
1942   99  195  539  750 2315 1259 1969 2811 2281 1312  148   77 13755
1943   68   16  540  340 1849 1913 2053 2267 3371 2411  452   48 15328
1944   60  153 1827  594 1698 1454 1602 1959 2314 1848  271   41 13821
1945  154  123  250  608 1611 1880 2163 2771 2786 2439  252   31 15068
1946   43  166  211  811 1431 1630 2260 3085 3239 2619  586   57 16138
1947   27  352  387 1456 1721 1920 2430 2859 2567 1539  229  103 15590
1948  103  532  212  861 1392 1578 2245 2881 2050 1366  374   36 13630
1949   30   35  381  426 2101 1558 1507 2101 2628 2126  204   22 13119
1950   60   16 1654  859 2231 1787 2704 2913 2503 1412  682   29 16850
1951   10   96  359  296 1284 1363 2001 2950 2569 3243   49    0 14220
1952   18  411  753  901 1287 1949 2653 2374 3050 2156  283  126 15961
1953   92  508  494  452 2181 1665 1884 2670 1973 2058  431    3 14411
1954    6  320  884  680 1429 1576 2120 2449 2788 2174  422    0 14848
1955   17   48  565  948 1780 2233 1882 2461 2373 1674  188    8 14177
1956    4  291 1137  737  859 2467 1872 2271 2161 1217  259  208 13483
1957   47   88 1565 1322  736 1955 2352 2441 2620 2457 1073  148 16804
1958   11   54  459 1404 1522 1762 1761 2709 2105 2161  388   95 14431
1959   67  161  604  901 1506 1506 1878 2607 3120 1532  941   78 14901
1960   18   97  511 1257 2531 1560 2756 2193 3631 2331   23  268 17176
1961  442    1  134 1151 1089 1505 2140 2561 2818 1207   38    0 13086
1962    7  370  738  974 1578 2042 2811 3182 3332 2528  624   43 18229
1963  147   73  556 1971 1431 1540 2579 1913 2031 1581  321  110 14253
1964   42   88  418 1120 1263 2037 1715 1751 3572 3582  214   30 15832
1965  133   74  387  586 1152 1767 2140 2764 2427 1625  177   55 13287
1966   58   24  489 1760 2699 3062 2068 2144 2634 1638  359    4 16939
1967   22  298  167 1069 1235 1760 2023 2231 3510 1701  359   38 14413
1968   44  105  411 1029 2021 1873 2514 2100 1899 1696  610   59 14361
1969   13  230 1415  749 2251 1734 2247 2309 2129 1938   64   28 15107
1970  125   21  855  915 1826 1230 2268 2849 2533 1477    4    0 14103
1971   71   28  331  985  746 1883 3299 1762 2148 2079  211  106 13649
1972   32   85  445  948 1531 1380 1984 2010 2224 1856  209   40 12744
1973    1  141  293  923 1219 1367 1950 1890 2009 1567  247    0 11607
1974   14  326  412 1260  892 1306 1166 1876 2763 1667  329    0 12011
1975   11  208  322  928 1076 1105 2235 2668 2379 1719  308    1 12960
1976   25  241  918  612 1806 1452 2116 2637 1514 2407  471   99 14298
1977   24    7  773  780 1588 1624 2038 2556 2357 1711   28   25 13511
1978    3   76  333 1399 1463 1717 2132 2740 2222 1998   60   19 14162
1979   30  248  365 1048 2110 2635 2457 1833 2314 1896  410    0 15346
1980  112   40 1019  737 1270 1676 2107 2421 2098 2176  320    0 13976
1981   25   20  775  568 1057 1850 3302 2853 3136 2080  127    7 15800
1982  195  292  400  701 1637 1366 1767 2324 2870 2454    0    0 14006
1983    0    1  183  273 1537 2583 1834 2396 2358 1327  315  111 12918
1984    3   16  509  916 1782 1530 2194 1724 1250 1184  151  154 11413
1985  199    0  703  865 1430 1820 2179 2094 2392 1429  203   16 13330
1986    0  284  293  382 1307 1695 2027 2107 2552 1910  173    8 12738
1987   15  164  757  957 1319 2174 1394 2526 2461 1370  191   19 13347
1988   52  171  767  502 1438 2020 2564 2262 2622 1550  129  114 14191
1989   14    7  148  772 1907 1689 2552 2360 2312 2055  283   66 14165
1990   22   16  313  661 1466 1711 2125 2217 2232 1719  440  122 13044
1991   90  113  253 1465 3717 1375 1723 2387 1471 1652   22   34 14302
1992   55  166  808  453 1204 1729 1929 2287 2780 1706  272   43 13432
1993   50   92  399 1581 1901 1376 2244 1999 1650 1745  216   52 13305
1994   82   26  264 1188 1524 1982 2058 1780 2983 2338  301    3 14529
1995   80  132  784  885 1273 1796 1788 1876 1968 2234  139   49 13004
1996   62  118 1076  910 1688 1205 2399 1042 2263  679   80   39 11561
1997  108  -10  -10  -10  -10  -10  -10  -10  -10  -10  -10  -10   -10
1998  -10   52   70  608  -10 1513 2254 2456 2620 1847  814  -10   -10