1900  775 1258 1963 2448 3033 3116 2059  886 1713 4293 2282  938 24764
1901 1326 1322 3097 2901 2598 2849 3551 1738 2613 3469 1683 1102 28249
1902 1462 1416 2455 2583 3129 1988 2437 2619 2408 3747 2039 1799 28082
1903 1069 2000 1913 2549 1446 1935 2851 2902 2232 3508 1797 1763 25965
1904 1261  538 2669 2028 3097 2455 2507 2089 2254 2966 2067 1130 25061
1905 1485 1452 2019 1845 3682 1972 2565 2498 2649 3551 2952 1976 28646
1906 1196 1938 1725 2021 2252 1616 2652 1588 2558 2802 2209 1363 23920
1907 1624 2346 1445 2655 2019 1704 1927  994 1773 2975 1825  313 21600
1908 1017  801 3133 3781 1608 2080 2278 2853 3238 3819 2655 1174 28437
1909 1269 2357 2662 2506 2788 2019 2801 2624 3918 4129 2299 1748 31120
1910 1066  662 1764 2612 3794 2574 2502 2961 4563 3851 2145  595 29089
1911 1813  671 2106 2613 2414 1887 1918 1627 2340 2418 2449 1321 23577
1912 2309 1395 1811 2905 2387 2198 2354 2855 2746 4099 2247  566 27872
1913  436 2069 1800 2093 2996 1491 2495 2545 1821 2074 1253  368 21441
1914 1388 1978 2067 2358 1914 1820  826 1071 2282 2617 2926 1299 22546
1915  501  732 2661 2462 3573 1931 3064 2245 2935 3911 3889 1231 29135
1916  -10  -10 3259  -10 3032 1935 3220 1162 2577 4226 3061 1475   -10
1917 4935 2301 1013 1705 2011 1721 2276 5021 2278 3283 4015 1686 32245
1918 1416  901 6191 2365 2331 1753 4046 2068 3030 3531 2974  456 31062
1919 1217 1525 2828 1805 3166 1410 2179 1242 2555 2700 2839  582 24048
1920 1077  472  452 3352 2610 2271 2487 3030 2484 3465 2507  882 25089
1921 1285  593 2863 2421 3013 1784 1992 2438 2911 2557 2565 3341 27763
1922 1268 2394 1741 2094 2690 2089 1855 1684 2933 3804 3175 2421 28148
1923 2234 1118 1456 2375 2213 2020 2232 1611 3802 4173 2199 1051 26484
1924 5675 2406 3322 3111 2241 1446 1889 1376 2546 4746 4972 3218 36948
1925   26 1103 2137 2171 3725 2416 2290 2747 2545 3061 3335 2260 27816
1926  738 2043 1942 2347 2882 2255 1964 1703 2716 3651 3346 1571 27158
1927 1551 2907 2166 1993 3076 2143 2421 2624 3171 4557 2056 3096 31761
1928 4768  525 2841 2151 3946 2285 2195 2451 3211 3991 2407 1583 32354
1929 1017 1888 2389 2162 2097 2428 1637 1922 3069 3869 2600 1720 26798
1930  966  865 2045 2323 3163 2435 1880 1909 2472 5389 1662 1532 26641
1931 1494 2226 1203 2871 2323 2442 2734 1606 3224 3333 3388 2049 28893
1932 1470  951 2072 1769 2576 2264 1381 1359 2223 3130 3077 1609 23881
1933 1925 1837 3021 2501 2365 1756 2473 1884 2253 3888 3375 1501 28779
1934  935  585 2073 2809 3050 4550 3464 2322 3433 5198 2899 1308 32626
1935 1012 1567 2579 3118 2223 2599 2476 2175 2962 3833 1643 1560 27747
1936  815 1295 2374 2547 2472 2047 1206 1392 2866 2995 1498 1842 23349
1937  555 1693 1488 1940 2714 2890 2045 1695 2175 4055 2061  964 24275
1938  773 1405 1546 2750 2642 1730 1313 2061 2850 3758 3185 1431 25444
1939 1295 2771 2147 2063 3257 3852 2136 2124 1958 3002 3038 1413 29056
1940 1520 1238 1513 2558 1964 1891 1736 2308 2695 2609 2626 1894 24552
1941  439 1351 1905 3448 4431 1827 1952 1508 2282 2654 2075 1129 25001
1942  979 2042 1836 2138 2916 1924 1864 1461 2496 2852 1822 1557 23887
1943 1894 1210 2091 2637 2526 1494 1754 1719 2322 3263 2688  967 24565
1944  868 1495 2647 2489 3146 1682 1927 2034 3402 4249 2652  926 27517
1945 2186  716 1411 1869 2335 1847 2919 1327 3123 4579 1804 1700 25816
1946  756 1988 2076 2438 1897 1653 1506 1634 3729 3391 2945 1241 25254
1947 1239 2297 1496 2254 3525 2981 2456 2658 3277 4224 2047 1001 29455
1948 1149 1721 1348 2891 1669 2101 2043 2170 3631 2574 2297  923 24517
1949  570 1294 1979 2916 2639 2799 3253 1887 3985 4682 2559  517 29080
1950 1746 1417 1625 2908 2965 2064 1655 1718 2768 3686 2834 1257 26643
1951 2265 1444 2603 2506 3305 2190 1655 2034 3244 4272 2529 1250 29297
1952 1196 1014 1978 3267 2929 2423 3255 1958 4313 3506 2170 1104 29113
1953 1238 2153 2919 2050 3442 1671 1520 1777 2440 2236 2869  599 24914
1954  886 2407 2327 2957 2709 1711 1753 2603 3092 3876 2569 1356 28246
1955 1824 1531 2901 2055 3357 1846 3512 1917 3244 4781 2882 1862 31712
1956 1701 1832 4377 2588 1908 2340 2414 1186 3004 3395 1934 1893 28572
1957 1877  957 2946 2698 3106 1785 2534 3358 2778 3813 2872 2577 31301
1958 1529 1256 1666 2436 1799 1892  886 1475 1998 2013 3617 2216 22783
1959 1620 1297 1769 2554 2692 1486 2236 1980 4647 4592 3254 1800 29927
1960 1060 1442 2473 2445 3022 1871 2622 2943 4425 3908 2190 2521 30922
1961  737 1308 2303 3220 2072 1912 3038 1121 4155 4431 3249 1581 29127
1962 1573 1233 2839 2821 3135 2381 2792 2669 3365 3953 3035 2061 31857
1963 1124 1433 2368 2764 3221 1573 2408 2328 2321 3171 2616 1294 26621
1964  691 1284 2204 2393 2994 2030 2149 1108 3228 4661 2422 1652 26816
1965 1194 1447 2250 2549 2662 2525 3584 3324 2732 2748 1552 1366 27933
1966 1420 1329 1664 3466 2654 2533 2559 3795 2633 3822 3823  933 30631
1967  875  782 2401 2200 2978 2186 2335 2073 2893 4426 2491 1623 27263
1968 1394 1582 2695 2579 3142 2264 3891 3644 1844 3314 2688  948 29985
1969 1011 1358 2653 3299 2090 2302 3532 2699 3091 4827 3010 1649 31521
1970 1429 1233 2366 2863 2161 1704 3087 2775 2575 4344 3193  740 28470
1971  920 2554 1983 1679 2200 2373 2311 2794 3066 3897 1935  536 26248
1972 1183 1032 1624 1961 2430 1979 2665 2583 2149 2827 2185 1129 23747
1973  910 1344 2373 1986 2578 1263 1348 1869 4012 3441 2562 1320 25006
1974 1177  764 1829 1818 2222 1515 1636 3010 2656 3854 2122 1024 23627
1975 1052 1568 1766 2415 2328 1714 3136 1538 2437 3479 2985 1520 25938
1976 1542 2356 2393 2320 2038 1966 1617 2158 1964 5109 3938 1779 29180
1977 2135 1371  859 1932 2063 2457 2304 2775 6074 4769 1126 1127 28992
1978 1482 2470 2791 3003 1814 2282  873 1679 3192 3511 1645 1635 26377
1979  715 1923 2120 3121 2257 2741 1830 2293 1790 2744 3148 1026 25708
1980  611 1144 2050 2102 3098 1628 2202 2333 3037 4111 2554  891 25761
1981 1268 1175 1669 2183 1760 2219 2999 2394 3014 3391 1950  508 24530
1982 1862  971 2138 1407 1568 1971 2164 1877 2947 3373 1976  989 23243
1983  893  578 1108 2203 2102 1770 2000 1436 2835 2445 1957 2150 21477
1984  756  851 1549 1784 3581 2591 3240 2173 4204 4026 2122  600 27477
1985 1000  580 2451 2118 2759 1930 2018 2254 3076 4290 2277 1614 26367
1986  756 1326 2611 2103 2474 1287 2666 2017 2413 3100 2774 1173 24700
1987  780 1804 1960 2258 1673 2070 1653 2413 2764 2331 2434  784 22924
1988  931  849 2189 2321 3568 4706 2320 2129 2945 4042 2432 1844 30276
1989  434  684 1823 2381 2378 1445 1497 2169 2515 4754 2064  573 22717
1990 1217  589  877 1787 3347 1549 2868 3662 2551 4255 2130 2591 27423
1991  845 1028 2351 2708 3916 1935 2653 2645 1329 2555 1845  387 24197
1992 1504  644 3346 1698 1287 1613 2437 1761 2333 3559 2122  958 23262
1993 1089 1272 1833 2835 1523 1179  -10 2769 2244 3507 2916 1773   -10
1994  596  853 1846 3704  -10 1600 2224 2330 4052 5518 3100 1398   -10
1995 1359 1087 2355 2557 2794 1379 1542 3533 2795 3517 2301 1353 26572
1996 1249 1950 3377 1829 3443 1245 3137 1013 2234  -10 1009  -10   -10
1997  471  899 3162  -10 1849  -10  -10  -10  -10  -10  -10  -10   -10
1998  -10 1205 1549  -10  -10  -10 2731 1656 4432 5753 3921 1212   -10