1900 1539   84  269  191 3112 2959 4270 4318 2380 4148 5151 1049 29470
1901  325  239  424  381 1572 2807 2525 3178 3018 3213 8313 1374 27369
1902 4877  150  592 1133 2819 1778 4270 1468 2809 3617 3094 1803 28410
1903  254   89  244  419 3744 2771 4249 3620 2949 2550 7188 4001 32078
1904 1783  119  419 2911 2809 4021 3609 2830 3520 2068 6688 1783 32560
1905 2139  287  157  579 5832 2057 2304 3813 1727 3416 4552 2413 29276
1906  373  290  361 1074 2558 3579 4884 4651 3170 3388 6767 3973 35068
1907  627  348  549  269 1608 4290 4536 4798 2977 5585 3904 2377 31868
1908  975  274  897  323 5712 2675 3749 4290 2939 2784 8057 2304 34979
1909 2695  488  470  904 1831 4442 3259 3917 4148 490510795 8733 46587
1910  747  909 1387  838 3071 3462 5352 3792 3061 3975 7630 3861 38085
1911  251  460  358  777 4351 3957 3703 2946 2951 4199 4016  668 28637
1912   71  460  168  191 3056 4039 3335 2507 3106 4483 5540 2913 29869
1913 1704  445  201  683 5740 3000 3843 4549 2515 4732 4255 1664 33331
1914  343  335  231 1046 4511 4140 2728 4067 3759 5629 4661 2256 33706
1915  866 3142  434 2647 1969 4067 5263 3274 3518 5552 5672 2400 38804
1916  592  498  681 1588 2383 3627 2652 2118 2644 4468 3576 1450 26277
1917  279  114  193  475 3076 3650 3449 4011 4488 1999 5204 2962 29900
1918  833  170  104 1356 4892 2174 2631 4788 3896 6876 3614  483 31817
1919  462   91  155 2781 1765 3068 3454 1720 2982 5573 1684 1872 25607
1920  130  137  274  437 1392 3376 4465 5852 1730 4359 5403  523 28078
1921  333  414  249 1887 3457 3856 2664 4686 2847 2101 5070 1651 29215
1922 1740  180  234  536 2256 2108 1118 3691 3233 3523 3970 1829 24418
1923  503  175   91  307 2840 3853 2624 3899 312710711 3889 1300 33319
1924  155  711  180 2756 3774 4188 5240 1885 2286 5476 7694 2245 36590
1925  930  185   79 1389 2090 3498 5354 1958 2075 4188 5829 1534 29109
1926  178  452  109   86 3487 7932 4102 5293 2654 3940 7465 1930 37628
1927 1168  815  323 1760 3584 3490 4735 6764 4399 3332 7201 4242 41813
1928  434  180  615  218 3231 4120 2614 6220 3927 4577 4369 4173 34678
1929  206  142  658  170 2558 4821 4742 6040 2007 3490 2283 1999 29116
1930  625  191  272 1740 3609 2388 2283 3645 2764 1844 4303 1996 25660
1931  511  246 1138 1092 4498 2352 3393 4450 2093 5187 7699  881 33540
1932  366  241  683  566 4204 3647 4432 3073 1816 4255 9431 1941 34655
1933  533   20  282   89 2062 4034 2510 2101 2314 503910937 4689 34610
1934 1001  140  279 1392 3033 2512 2339 3520 5410 4442 7318 3978 35364
1935 1476  787  203  475 4359 4130 6662 3739 5413 226110853 3307 43665
1936  391   33  221  836 3266 2685 4755 3500 3703 2885 5870  897 29042
1937 1067  117   81  419 5331 6835 2413 3368 3579 4211 5900 8367 41688
1938  577  282  427 1588 3236 4575 5652 5669 2667 4384 4724 7440 41221
1939  122  127  163  254 1595 3200 1694 2962 4295 4450 8936 4338 32136
1940  678  465  160  465 2794 3660 4039 4836 3498 4135 5311 1080 31121
1941  826  729  577   91 2278 2934 5306 4305 5019 6393 6114 1552 36124
1942  386  175  838 2116 2273 4722 4407 2728 5491 8039 3200 6033 40408
1943  554  655  292  996 4133 3094 2652 5080 2670 2598 5509 3830 32063
1944  312  752   46 2268 6459 1603 3002 4674 1118 5118 4168 5679 35199
1945  480  221  109  483 2070 1681 5032 4486 2941 4656 6170 5230 33559
1946  528  191  203  140 1367 2446 3127 3373 3586 3904 6487 6784 32136
1947   94  452   94 1697 1836 2380 3231 4343 3688 4498 3157 3129 28599
1948  211   36  307  399 1852 2372 4018 2926 2883 3838 5690 1097 25629
1949  224   81  122  526 2852 3231 3203 3962 2449 4501 9309 4028 34488
1950  221 1008  551 1082 1836 3515 4374 4260 2604 3490 9936 5022 37899
1951  230 1430  150 2150 2810 2750 3260 3290 2580 4860 2700 2830 29040
1952  830  240   10 1770 3990 4600 5300 5160 2480 5360 5270 5070 40080
1953 1740  510  440  600 2150 1510 4560 2940 3120 4680 5560 2310 30120
1954  350  440  170 1090 3150 3840 4380 4930 2710 2480 6990 2650 33180
1955 2840  450  340  110 3410 2770 2430 3410  800 3550 6080 3610 29800
1956 2600  360 1130  610 4640 2470 6290 3770 2970 3980 7550 1700 38070
1957  270  100  120   20 1560 3020 2820 5380 2920 2130 7100 1780 27220
1958 1700  850 1420 1300 1670 1990 4830 3240 4000 6640 3700 1940 33280
1959  800   10  100 1010 3530 2360 3910 2840 5420 2600 4050 5620 32250
1960  690  150 1200 2640 6140 3210 2770 2790 2140 4900 8140 7410 42180
1961  414  205  448  853 2584 2846 4352 3332 4222 3260 7619 5145 35280
1962  401  163  324 1072 3039 3817 3552 3592 3176 3840 7069 3743 33788
1963  573  867  472 1842 1847 2585 4007 3009 3732 3479 8759 2726 33898
1964  313  305  353 1404 2375 3424 5195 4660 3039 5014 5305 2381 33768
1965  767  391  229  376 3167 2497 3402 4005 3854 3729 6553 3464 32434
1966 1567  507  519  826 4184 3019 3591 3882 2301 3720 4022 4737 32875
1967  622  201  188 1258 1742 4109 3714 3657 3131 3561 6315 5169 33667
1968  595 1147  383  879 3509 2810 3927 3336 3250 4261 6638 2389 33124
1969 1562  375  629 1414 2283 3264 2726 5045 3568 443311983 3769 41051
1970 1348  726 1046 2272 3271 3261 3851 5249 3587 4139 7203 7504 43457
1971 1651  759  605 1197 3601 3519 4024 4810 4139 4595 5183 1467 35550
1972 3349  260  454 1204 3275 2251 3188 4381 4035 3515 5793 5174 36879
1973  390  274  189 1044 3635 3817 4723 6319 3476 5247 7538 3303 39955
1974 1177  272  451 1173 4005 3138 4244 4402 3888 4987 5600 1814 35151
1975  646  466  219  451 3074 3255 4707 5559 3892 420110797 4928 42195
1976  564   92  108  755 3059 3088 3250 3117 3870 3927 4904 1783 28517
1977  252  211  976  575 2058 2805 3136 4667 3711 3229 6859 2255 30734
1978  273  450  827  939 3165 2668 4309 3668 3291 4664 5233 2762 32249
1979  389  498  234 3118 3059 2864 2778 5480 3106 4449 6253 3696 35924
1980 1547  558  240  784 3090 3511 4012 3902 3823 3738 7780 5344 38329
1981  281  261  514 1396 3847 4199 3430 5627 2769 3790 5438 3537 35089
1982 1333  181  524  884 4231 2829 4671 2560 3580 3828 3396 1352 29369
1983  257  572  920  584 2895 2554 3451 3812 3457 4580 6418 3589 33089
1984  727  690  396 1116 3590 3393 4059 4538 4077 3764 6766 1572 34688
1985  224  100  162  611 1795 2872 3236 3408 3011 3834 3892 2656 25801
1986  355  364  486  674 3058 2494 2565 3465 3004 4867 4114 1874 27320
1987  230   68  149  823 1567 1725 4124 4720 2391 4832 2014 3886 26529
1988 1381  206  536  529 4424 3606 4050 7640 5600 5773 2168 2136 38049
1989  357  275  127  471 1781 1484 2374 2173 2707 2687 2700 3396 20532
1990  599   70  519  184 3965 2235 2616 4285 2557 3023 5214 3138 28405
1991  171  211   56  514 1514  -10 3912 3159 4350  935 4664 1049   -10
1992   92  159  172  615  -10  380 2642 2557 1261 2656  727 1762   -10
1993 2641 1166  -10  -10  -10  -10  -10  -10  -10  -10  -10  -10   -10
1994  -10  -10  -10  -10  -10  -10  -10  -10  -10  -10  -10  -10   -10
1995  -10  -10  -10  -10  -10  -10  -10  -10  -10  -10  -10  -10   -10
1996  -10  -10  -10  -10  -10  -10  -10  -10  -10  -10  -10  -10   -10
1997  -10  -10  -10  -10  -10  -10  -10  -10  -10  -10  -10  -10   -10
1998  -10  -10  -10  -10  -10  -10  -10  -10  -10  -10  -10  -10   -10