1900  -10  -10  -10  -10  -10  -10  -10  -10  -10  -10  -10  -10   -10
1901 1056 1053 1086 1862  816  291  109   40  206  632 1204 1228  9583
1902  330  374 1801 1330 1218  113   78  195  386 2600 2501 3407 14333
1903  -10  -10  -10  -10  -10  -10  -10  -10  -10  -10  -10  -10   -10
1904 1047  942 1608 1590  698  531   17   38  201 1626 2724 1435 12457
1905  -10  -10  -10  -10  -10  -10  -10  -10  -10  -10  -10  -10   -10
1906 2434 1373 1450 1594  168  107   14   29  451 1379 2640 1226 12865
1907  388 2694  770 2632  341   79   14    4   90  462 1376  993  9843
1908  563  962 1298 8002 2024    4   15  243  887 1855 3569 1868 21290
1909 1415 2753 1965 4248 1854   13   16   54 1784 4901 2954 2424 24381
1910  -10  -10  -10  -10  -10  -10  -10  -10  -10  -10  -10  -10   -10
1911  -10  -10  -10  -10  -10  -10  -10  -10  -10  -10  -10  -10   -10
1912 3661 1770 2903 2904  888   34   18   59  103 2054 2808  714 17916
1913  341 1808  955 1814  287   30   14    0   68  581  180  533  6611
1914  818  892  584  821   19    8   14  125  281 2122 2548 1477  9709
1915  789  750 1841  -10  879  -10   25  -10  167 1415 4416 2042   -10
1916  -10  -10  -10  -10  -10  -10  -10  -10  -10  -10  -10  -10   -10
1917  -10  -10  -10  -10  -10  -10  -10  -10  -10  -10  -10  -10   -10
1918  -10  -10  -10  -10  -10  -10  -10  -10  -10  -10  -10  -10   -10
1919  -10  -10  -10  -10  -10  -10  -10  -10  -10  -10  -10  -10   -10
1920  -10  -10  -10  -10  -10  -10  -10  -10  -10  -10  -10  -10   -10
1921  -10  -10  -10  -10  -10  -10  -10  -10  -10  -10  -10  -10   -10
1922  -10  -10  -10  -10  -10  -10  -10  -10  -10  -10  -10  -10   -10
1923 2482 2469 2347 4024 3968  392   24   37   93 1431 2585 2592 22444
1924 3088 1485 2133 1681 1165  475   25   86 1032 4548 2501 1295 19514
1925 1851 2870 1559 1675 1598   57   28   46    0 1512 1868 3061 16125
1926 1591 2826 2776 1257 1091   81   34   67  256 1526 2699 1056 15260
1927 1661 1632 1765 1871  878   60   30   30 1641 1533 2090 1141 14332
1928  -10  -10  -10  -10  -10  -10  -10  -10  -10  -10  -10  -10   -10
1929 2479 1707 2641 1274   85   18   18   11  971 1168 2709 1297 14378
1930  818 1219 1976  857 1691   24   17    6   74 3594 1089 1013 12378
1931 1348 3632  327 2557  423  335   18    2  476 1092 2669 1641 14520
1932 2312  847  817 1472  975  116    7   63  521 1067 3525 2978 14700
1933 1516 2585 3229 2849 2167   16   48   53  628 2147 1619 1202 18059
1934  896 1445 2360 2148 3029  660   55   23  744 1834 2452 2551 18197
1935 1031 1926 2336 2640 1517   35  118   31 1125 3381 2232 2526 18898
1936 2115 1236 1809 1827 1258   66   14  436 1335 1542 1541 2482 15661
1937 1692 1741 1934 2166 1483  675   15   91  452 1337 1849 1402 14837
1938 1280  942 1591 2211 1826   28   38  197  407 2052 3179 2299 16050
1939 1636 2119 2123 2500 2491  726   18  262  141  780 1862 2338 16996
1940 2369 1482 2283 3187  684   30    8   48  371 1935 2263 1973 16633
1941  776 1759 2069 2208 1926   48    6   19  623 1659 2097 1812 15002
1942 1398 1631 1738 2388  635   98   13   38  333 1271 1613 1879 13035
1943 1435 1168 1865 2471  942   58   18  116  429 1218 3220 1511 14451
1944 1663 2084 2318 2757 1934  232   42  158  842 2784 3477 2347 20638
1945 2112 1422 2684 1776 1095   40   47  126  790 3832 2463 1958 18345
1946 1731 1417 2047 1347  692   17   18  115  890 2427 3474 2194 16369
1947 1886 1656 1874 2398 2832  562    6   83  653 3228 3259 1890 20327
1948 1628 2050 1211 1855  716  169   42  101  604 2289 2523 1618 14806
1949 1788 1822 3279 2495 1415   70   80  210  942 3398 2855 1911 20265
1950 2060 2293 2465 2852 1984  160   12  175  447 2060 3326 1548 19382
1951  893 1519 2453 1788 1773   53   14   60  407 1945 2922 2460 16287
1952 1341 2091 2703 1864 1976  201   19   70  694 1670 3305 1733 17667
1953 1949 1808 2380 1812 1740  284   39  343  254 1116 1958 1116 14799
1954 1130 2633 2437 1483  991   27    6  148  569 3322 2571 1935 17252
1955 1791  819 2638 1999 2302  102   48   30 1079 2738 2811 1960 18317
1956 1228 1206 2118 2010 1050   87   25   50  474 2192 2203 1925 14568
1957 1933 1612 2530 1952 1868   94   67  103  258 1572 3043 2233 17265
1958 1083  568 1808 1643  605   18    3   17  440 1180 2437 2199 12001
1959 2559 2272 2271 2084 1116   61   37   94  694 3049 3097 2429 19763
1960 1295 2699 2212 2273 1449  238   59   41  920 2629 2981 2171 18967
1961 2705 2358 2798 2570 1182   93    4   20 1582 3238 3856 2058 22464
1962 2262 1950 2649 2216 1418  140   14  188  521 2254 2546 2305 18463
1963 1815 1399 2153 2306 1868  285   97  280  529 2070 2727 2147 17676
1964 1343 1479 1758 2391 1356   30   12  196  195 1919 2669 2041 15389
1965 1753 1674 2610 2214 1637  112   38  142  757 1845 1770 1132 15684
1966 1891 2074 2286 3005 1155  293    6   44  364 1890 3831 1959 18798
1967 1847 1451 2399 1291 1312  142   26   26  643 2344 2722 1751 15954
1968 2402 1774 2056 2160 2014   81   25   58 1036 1805 2774 1634 17819
1969 1901 1430 2371 1944  993   47   34   50  387 1826 3515 1999 16497
1970 2282 2064 2634 2837 1745   64   63  109  814 2737 3375 1983 20707
1971 1060 1169 2141 1676 1233    2   38   39  831 1904 2892  900 13885
1972 1470 1027 1400 1622 1613  215   26   60  218 1560 3529 2305 15045
1973 1873 1607 1542 2204 2042   78    3  148  349 2157 3494 1143 16640
1974 2032 1801 1565 1704 1453   88   20  116  435 1779 2789 1409 15191
1975 1390 2045 2342 1574 1679  340   37   25  776 2533 3380 1941 18062
1976 1627 2418 2492 1925 1167  253   16  144  614 1896 3011 2403 17966
1977 2055 1494 2893 1674 1184  249   29  222  936 2999 3139 1570 18444
1978  906 1345  961 1570 1115  176    3   67  513 1493 3493 1305 12947
1979 2311 1583 2299 2168 1678  362  107  424  628 1297 1895 1882 16634
1980 2498 2389 2012 2238 1033   37   63  140  596 1792 3487 1911 18196
1981 2108 2228 2004 1741  677   40   10   87  433 2475 3060 2235 17098
1982 1600 1525 2132 1639 1244   68   19   22 1006 1815 2348 1939 15357
1983 1826 1524 1186 1288  945   85   27   30  315  720 3328 2194 13468
1984 1345 1831 2251 2010 2122 1121  176  642 2459 2405 3761 1405 21528
1985 2149 1273 1924 3054 2012  127  125  301  946 2170 2739 2112 18932
1986 1793 2280 2313 2394 1495  326   29   67  591 1625 1658 2069 16640
1987  710 1703 2472 2003 1108   67   61  185 1313 2055 3131 1939 16747
1988 1693 2039 2228 1950 1069  641   36   36  717 1774 2705 2321 17209
1989 1329 1675 2160 2158 2087   74    2   77 1165 2684 2797 1795 18003
1990 1818 1626 2035 1293 1947   63   14   90  683 3321 2783 2542 18215
1991 2559 1030 1238  -10  -10  -10   12   95  -10  690  -10  -10   -10
1992  -10 2109  -10  -10  -10  196   20   41  649  -10 2111 1944   -10
1993 1599 1465 1671 1841  447  121  -10  152  376 1993 2258 2500   -10
1994  810  772 1807 2027  -10   35   13  287  689 4953 4465 2433   -10
1995 2676 2215 2188 2433 1333   79    9  409  520 2189 2907 1821 18779
1996 1769 1991 3010 1451 1727   77   60   26  409  -10 1810 1122   -10
1997  836 1245 3312  -10 1127  -10  -10  -10  -10  -10  -10  -10   -10
1998  -10 1545 2937 2939  -10  471   80  150 2108 3135 3812 2078   -10