1900  -10  -10  -10  -10  -10  -10  -10  -10  -10  -10  -10  -10   -10
1901  -10  -10  -10  -10  -10  -10  -10  -10  -10  -10  -10  -10   -10
1902  -10  -10  -10  -10  -10  -10  -10  -10  -10  -10  -10  -10   -10
1903  -10  -10  -10  -10  -10  -10  -10  -10  -10  -10  -10  -10   -10
1904  -10  -10  -10  -10  -10  -10  -10  -10  -10  -10  -10  -10   -10
1905  -10  -10  -10  -10  -10  -10  -10  -10  -10  -10  -10  -10   -10
1906  -10  -10  -10  -10  -10  -10  -10  -10  -10  -10  -10  -10   -10
1907  -10  -10  -10  -10  -10  -10  -10  -10  -10  -10  -10  -10   -10
1908  -10  -10  -10  -10  -10  -10  -10  -10  -10  -10  -10  -10   -10
1909  -10  -10  -10  -10  -10  -10  -10  -10  -10  -10  -10  -10   -10
1910  -10  -10  -10  -10  -10  -10  -10  -10  -10  -10  -10  -10   -10
1911  -10  -10  -10  -10  -10  -10  -10  -10  -10  -10  -10  -10   -10
1912  -10  -10  -10  149 1474 1637  601 1854 1889 3040  552  467   -10
1913  -10  -10   68  418 1652 1937  635 2173 2360 4090  821  352   -10
1914  306   40  -10  203 2722 2504  470 1197 3036 2389  660  -10   -10
1915  280  -10   54  304 2465 2431 1390 1475 2166 2122  738  292   -10
1916  910  -10  -10  309 1430 2226  236 1119 2064 1857 1441  175   -10
1917  -10   26  127  166 1170 2717 1602 1598 2392 3102  599  -10   -10
1918  349  135  601  955 3215 2589 1018  971 2023 2256  572  122 14806
1919  402   67  -10  340 1182 2112 1256 2012 2775 3810  654  139   -10
1920  114  -10   23  -10 1741 2028  656 1830 2286 1941  588  131   -10
1921  253  150  388  490 2158 2982  422  760 2826 4960  618  200 16207
1922  180   97  260  137 2639 3129    0 1351 2727 1509  458  204 12691
1923  329   24   37  138 1472 2848  734   55 3228 2616  278  203 11962
1924   95  100   65  365 1492 2988 2050 2912 2637 3047  528  211 16490
1925  614   31   59  486 1885 2389 1549 1098 2910 2116  902  148 14187
1926   42    4    7   83 1239  947 1063 1000 2322 2949 1199  326 11181
1927  116   22   32  376 2117 2122 1065 2383 3380 2840  514   45 15012
1928   53   30  108   96 1264 2399 1493 1262 1422 1116 1024  183 10450
1929   56   19  360   81 1579 2228  927  846 1834 1236  464   89  9719
1930   35   19   94  420 1139 1896  723  893 1434 1052  114   82  7901
1931   37   18   61  119 2108 2220 1665  739 2621 1346  552  188 11674
1932   80   18   73  264 1732 2300 1502 1560 1631 1510  788  179 11637
1933   95   15   34  147 2024 1955 2022 2350 4021 1754  515  170 15102
1934  139   27  132  262 2486 1829 1134 1790 5296 2489  569   67 16220
1935  101   40   51  327 1835 1918 1446 2169 2022 2491  580  237 13217
1936   25   26   84  355 1945 3213 1488 1140 1925 2051  654   69 12975
1937  210   11  250  341 2238 2107 1077 1131 4145 3024  745  403 15682
1938  139    9  189  237 2264 2045 1036 2275 3048 2061 1433   74 14810
1939   11    6   96  123 1147 2073  958  785 2452 1823  845  325 10644
1940  115   21  104  138 1458 1970  748  825 2806 2012  499   78 10774
1941   69   18   73  404 1924 1625 1608 1035 2801 1214  861  253 11885
1942   34   29  148  242 2422 2131 1078 1295 2791 2393  629  550 13742
1943  151   36   99  433 2049 2214 1022 1436 2579 2232 1113  297 13661
1944  154   52  134  359 1542 3033 1496 1881 2662 1857 1169  470 14809
1945   69   10   71  236 2264 1987 1161 1694 2458 1752  663  170 12535
1946   48    7   22  122 1269 1614 1204 1306 2437 1854  718  443 11044
1947   43   15  196  224 1119 2632 1342  890 2104 2346  957  486 12354
1948  161   31   63  192 1732 1728 1470  875 2103 1814  944  120 11233
1949   44   19   44  366 1503 1714 1154 1440 2596 2657  692  324 12553
1950  162   26  122  160 1424 2882  961 1582 2594 2648  706  402 13669
1951   63   14   14  116 1266 1885 1255 1418 3184 1532  476   67 11290
1952  159    8  326  981 1689 3992 1562  956 2733 1909  448  114 14877
1953  110   70   10  640 3526 1736 1251  590 2561 1361  439  453 12747
1954  270   90   25  167 3081 4312 1299 1183 3559 3071  227  107 17391
1955   65  119   26   85  700 1886 3914 3605 4125 4695  532  488 20240
1956   63   47    1   75 1898 2121 1087  962 2413 1928 1374  360 12329
1957  109    3   23  216 1935 1475 1097 1143 2443  975  206  237  9862
1958   44    1   17   46 2615 2499 1709  998 1712 1981  284  100 12006
1959  144    0    6  455 2288 2008  433 1265 1782 2909  550   93 11933
1960  241  110   95  443 1711 2532 1025 2320 2071 3088  526  207 14369
1961   71   66   66  365  599 2135 1770  830 2586 1545 1974  174 12181
1962   63    0   81  370 1587 2689 1004 1687 2283 2270  298   23 12355
1963   53  128    8  304 1184 1799 1533  709 2597 1465 1241   31 11052
1964   16   18   16   75 1288 3119 2260 1939 2068 1473  410   91 12773
1965  218   38   76  126 1794 1935  718 1079 2800 1792  338  149 11063
1966  119   23  192  291 3320 2588 1835 1406 1857 2519  189  152 14491
1967  153   92  101  873  492 2061  846  924 2633 1368  399  175 10117
1968  133   33    0   20 2826 2772  764  962 2747 1936  848  209 13250
1969  257   20  131  374 1801 1248  741 2628 2989 4230  566   63 15048
1970   92    6  271  918 1512  891 1819 1631 3382 2632  872  254 14280
1971  251   59    0  264 1768  949  859 1880 3232 2367  503   99 12231
1972  235   28    4  145 1591 1419  538  420  870  889  493  289  6921
1973   10   14   63  215 1387 1971 1556 2100 2874 3766  476  101 14533
1974   23   20    2  105 2385 2266  823 1102 3774 1273   97   88 11958
1975   80   19   33  132 1703  339 1052 1605 4174 2307 1284   78 12806
1976   23    0    1  195 1328 3133  417  490  546 1658  621  120  8532
1977   11   53    6  411 1747 1992  488 1004 1898 1033  833  164  9640
1978   17   19  100  159 2340 1415 1541 1175 2657 1961  300  357 12041
1979   23   16   26 1339 1154 2976 1152 1822 3451 1943  973  120 14995
1980  111   26  126  210 1635 1934 1349 1280 2498 2046  968   83 12266
1981   61   14  122  429 2723 3033 1275 2204 2225 2078  720  129 15013
1982  190   37   45  270 3691 2218 1072  322 2440 1507  273   38 12103
1983   23  117  151  109  250 2034 1077 1407 2278 1954  964  225 10589
1984  116  108   55  294 1470 1932 2226 1811 3407 2024  446  471 14360
1985   18   13   40  292  995 1372 1167  824 1715 1868  451   98  8853
1986   37   17  105    2 2545 1257  565  918 1452 1270  155   97  8420
1987   71   10  106  241 1084 2024 2075  894 2013 1218  187  111 10034
1988  125   20   96  164 1766 3052 2161 2434 3337 2881  330   60 16426
1989   48   26   51  370 1114 1397 1031 1439 3877 1313  521  204 11391
1990  153   32 1092   61 1661 1469  843  990 1659 1712 1421  205 11298
1991   71   17   21  229 1440 1677 1063 1265 2244 1788  367  298 10480
1992   77   26  163  342 1042 2362  938  839 2452 1943  385  166 10735
1993  198   14  169  281 2997 2250  937 1299 3044 1965  328  256 13738
1994   43   34  -10  273 1782 1212 1090  956 2517 1980  521  139   -10
1995   50   31  208  705  -10 1901 1550 3900 2052  -10  -10  212   -10
1996  621  -10  -10  271 2751 2046 2041 2196 2139 2129 1398  -10   -10
1997  -10   51  -10  -10  -10  -10  -10  -10  -10  -10  -10  -10   -10
1998  -10  -10  -10  -10  -10  -10  -10  -10  -10  -10  -10  -10   -10