1900  157  113  196  403 6495 4516 9735 3600 4368 1764    0    0 31347
1901   78    0  196 4903 4920 4019 8103 8807 4229 3350    0    0 38605
1902  157    0  196  810 1023 3636 4940 6116 1835 4388  241    0 23342
1903   78    0  196 4903 1624 6809 800911722 2903 2167    0    0 38411
1904   78    0  196  403 1732 6187 6958 6888 2472 2869 2052    0 29835
1905   27    0    0  630 1542 5518 8790 8157 6475 7579 1413    0 40131
1906   27  525    0 2301 4773 8478 8262 5745 7412 2881 2609 2085 45098
1907    9    0 1135  321 3991 5319 6839 6225 5891 3192 2414  265 35601
1908  195   14  201  464 2893 5341 6761 6715 7212 2485 1117   42 33440
1909   76   73 2374 3555 3333 6806 7025 8612 4871 3433 1320  281 41759
1910   27  262  901  637 2146 3242 8401 8107 6745 3338  593  285 34684
1911   22  108   75  335 1855 5787 7137 7687 7035 3539 1608  193 35381
1912   24  303   20  479 1667 5704 9579 6775 6014 2823 1462  110 34960
1913  117   24   24   79 2491 4578 7003 7027 5099 1742 1220  376 29780
1914  226   28   77  197 1834 4063 6969 4550 5550 3464 2789  283 30030
1915    0   80  300 2997 2545 5272 8347 6637 6604 2153 1872   40 36847
1916   46   49 1737  879 1518 601611099 6469 6117 2344  699  346 37319
1917  599  468  378  438 1604 4163 5146 6834 7463 2281 1825 1903 33102
1918  647   35  551 2549 4341 5218 7843 4707 3715 2540  431  430 33007
1919   52   60 2160 1709 3364 4669 6021 5121 4814 1880 1111  113 31074
1920   72   88  111  409 2134 5510 8027 4295 5730 2045  875  107 29403
1921   60  151  317  886 2197 4461 5624 8175 5733 2229 2539  461 32833
1922  119   65  384 1431 1948 4275 7172 6400 7381 3928 2466  958 36527
1923  222   89  605 1468 2246 4554 7695 5697 5746 3341 2053  315 34031
1924  429  631  387 1005 2616 7698 7254 7542 7893 3228 1781   36 40500
1925   12   93  771  927 2407 5853 6740 6273 6683 4397 1690  131 35977
1926   70   41  316 1064 2367 6064 6581 6541 6411 2580 2157  139 34331
1927   15   62  338 1574 2906 6266 7578 5413 5922 3822 1915  216 36027
1928  368   42  638 1317 2765 4793 8671 8621 7112 4300 1335  541 40503
1929   14  165  501  895 2542 6718 8173 6431 6238 3052 1049   29 35807
1930  147  417  560  743 2904 4142 6609 5819 6359 3127  679  169 31675
1931  638  181  822 1181 3406 5253 8368 7252 6200 2869 1500  835 38505
1932  519  851 1166 2551 3135 5292 7844 5098 5685 2649 1844  513 37147
1933  101  676  304 1190 2051 7392 7662 7905 4296 2543 2757 1181 38058
1934   69   99  380  910  959 5084 8822 9515 6169 3641  946  119 36713
1935  325   93  278  604 2187 6547 8053 8807 6609 3858 1523  275 39159
1936   64  431  558 2062 4242 5482 6474 5663 6387 3266 3074  637 38340
1937   10  258 1153 1239 2082 3691 8329 7610 5960 3230 1826  447 35835
1938   14   58 1204  866 3284 4170 7080 6610 6424 4210 1945  149 36014
1939  276  352  468  633 2805 4884 6964 6782 5765 4505 1440  494 35368
1940  193  159  246  852 2135 4461 6276 7154 4277 3824 1630  476 31683
1941  353   22  478  748 2107 5587 6609 8479 5446 2041 1586  311 33767
1942  221  318  318  914 2384 3523 8585 6688 4296 3210 1766 1147 33370
1943  156  174  595 1556 2504 4669 6860 7538 6841 2892 1512 1163 36460
1944   70   95  496 1196 1469 4524 7167 6798 6487 3095 2025  606 34028
1945   77  124  498 1499 1766 3603 8601 7383 5706 3418 1426  105 34206
1946  223   29  604  977 2661 3718 7439 6388 5362 4469 1205  591 33666
1947   14  223  722 1072 1574 5099 8212 8575 6362 2890  785  733 36261
1948    5  110  276 1062 2222 5819 6881 6787 5874 2355 1257  110 32758
1949  395   91  625 1302 2277 3764 7278 7638 4294 2854 1849 1468 33835
1950   70   61  381  726 1979 3925 7073 5632 6939 3349 1710  299 32144
1951  557  516  371  746 2765 3769 5779 8039 5354 5082 2009  162 35149
1952  128  310  577  479 2629 4119 6912 9145 5493 2458 1776  476 34502
1953  433  444  500 1360 2907 5866 8852 6816 5780 3456 1254  601 38269
1954   83  557  715 1682 2643 5156 7758 7346 5953 3621 2202  382 38098
1955   87  626 1292 1606 2500 5149 7258 7079 5982 2914 1208  997 36698
1956  118  405  795 1584 2513 4571 6820 4051 4660 2847 1249  990 30603
1957  155   89  482  770 1645 4726 7918 5885 6097 4931 1667  656 35021
1958  327  254 1262 1437 2330 5104 3684 4357 5370 2682 2678  643 30128
1959  262  626  638  804 3297 4257 8231 5213 5775 2096 2510  198 33907
1960  136  186  631  672 2104 6067 6829 7717 6417 3056 1071  489 35375
1961   50  143  406 1367 1723 5497 9658 8125 5594 2494 1104   86 36247
1962  129  150  350 1033 2822 4935 5726 6787 6453 2423 2269  231 33308
1963  177  618  693  684 1883 3716 6599 8618 4879 3207 1168  202 32444
1964  177   97  332  481 2471 4413 7467 8075 5555 2821 1515  877 34281
1965  585   79  206 1239 2724 5088 6034 6398 5265 3818 1313   25 32774
1966    4   86  472  777 2391 4378 6649 9084 7560 4868 1694  994 38957
1967   55   55  205 1171 1725 4748 8256 6832 6123 4121 1509  250 35050
1968   56  622  334  896 3131 4684 6599 6411 5194 3568 1650  751 33896
1969   42  122  859 1378 2540 4436 7163 7154 5439 4408 1589  471 35601
1970   48  144  447  953 3042 4161 7451 5329 4618 2530 1165  219 30107
1971   28  115  233 1181 1472 3187 5107 5964 5070 2954 1390  851 27552
1972  164  106  450 1054 2453 4774 6365 5487 4435 2955  974  139 29356
1973    7  124  642  802 2525 3340 6854 5265 5372 2750 1161  343 29185
1974   17   78  284  679 1420 3648 8087 7226 5090 2590  763  113 29995
1975   12  117  361  917 1731 3117 7279 6804 6192 2643  734  208 30115
1976  122  240  552 1568 2094 4929 5070 5055 5462 4878 1967  319 32256
1977   69   26  359  335 2201 4257 7887 7058 6798 2519  655  216 32380
1978  198  267  377  799 2389 5524 6093 7293 6906 2960 1441  392 34639
1979  117   32  187  625 2723 5868 6849 8216 5103 3450  909  646 34725
1980  179  229  189  861 3005 4380 6053 9064 4295 2838 1344  824 33261
1981    3  164  389 1046 2554 3827 7646 4946 4020 2451  885  310 28241
1982   16  188  246 1248 2673 5255 5161 8256 3606 2800  838   32 30319
1983    2   88  149  431 2360 5587 5104 6007 4283 2129 1276  177 27593
1984   35  157 1159 1257 3396 3942 5883 4333 3248 2071 1122  133 26736
1985  136  175  277  642 1425 4010 6532 7406 4260 2353 1063   21 28300
1986    3  126  212  827 2231 3255 5915 6196 4621 2776  801   25 26988
1987   93   16  131  633 2029 4022 4778 6600 4579 2598  426  181 26086
1988    0  157  263  893 1451 3673 7253 7505 4880 2022  940  125 29162
1989   25   89  470  636 1649 4076 5088 8466 4411 3132  794  227 29063
1990   53   71  159  872 1833 4222 6140 6681 4521 2861 1155  752 29320
1991  129   70  271  539 1521 3894 7047 7426 3458 3582  527  357 28821
1992  320  247  160  516 2070 5035 6574 8766 4667 2526 1560   65 32506
1993   19  146  976  921 2052 4598 7088 5885 4073 2569 1083   29 29439
1994   68  242  549  739 2038 3786 8548 6162 5800 4314 1632   13 33891
1995   64   18 2137 1855 1775 3537 5365 7703 4931 2405  513  619 30922
1996   57  310  399  694 2186 3874 6886 5825 5349 2201  279  176 28236
1997  411  -10  208  857  -10  -10  -10 7094 4226  -10  749  -10   -10
1998  -10  244  202  482  -10  -10  -10  -10  -10  -10  195  -10   -10