1900  -10  -10  -10  -10  -10  -10  -10  -10  -10  -10  -10  -10   -10
1901  -10  -10  -10  -10  -10  -10  -10  -10  -10  -10  -10  -10   -10
1902  -10  -10  -10  -10  -10  -10  -10  -10  -10  -10  -10  -10   -10
1903  -10  -10  -10  -10  -10  -10  -10  -10  -10  -10  -10  -10   -10
1904  -10  -10  -10  -10  -10  -10  -10  -10  -10  -10  -10  -10   -10
1905  -10  -10  -10  -10  -10  -10  -10  -10  -10  -10  -10  -10   -10
1906  -10  -10  -10  -10  -10  -10  -10  -10  -10  -10  -10  -10   -10
1907  -10  -10  -10  -10  -10  -10  -10  -10  -10  -10  -10  -10   -10
1908  -10  -10  -10  -10  -10  -10  -10  -10 2756 3425 3325 2006   -10
1909 2974 1596 3932 2052 4338 4468 3958 3807 6281 2542 4033 2196 42177
1910 2375 1431  -10 2649 2754 3120 1646  -10 2485 2416 2616 2342   -10
1911 2171 2309 2609 2426  -10 3851 1252 1829 2355 1062 1451 2920   -10
1912 2377 1369 2925 2989 2882 1797 2677  563  971 1062 5099 2043 26754
1913  -10 3353 1729 3755 4043 2222 1468 1193  791  -10  -10  -10   -10
1914 2032 1991 3350 3860 2495 1983  189  470  974  270 1012 1884 20510
1915 1900 3217 1689 1698 2080 1332  930 2471 2882 1951 1899 1999 24048
1916 4030 3994 3208 2452 3892 1703 4365 2488 5050  853 1931 2617 36583
1917 4360 3354 6419 2629 6492 5866 4158 6419 3655 4340 2612 2876 53180
1918 2117 6199 2931 3686 6193 2668 1530 1496 2096 1902 1945 5836 38599
1919 4199 2603 5350 2276 6785 2013 1049 1043  803  734 1185 1186 29226
1920 1789 3589  695 2095 1737 2862  526  656 1575 4299 1943 1477 23243
1921 3395 3718 3335 5197 1930 3910 4044 1945 3568 5232 4877 1411 42562
1922 1260 2963 2954 4099 3303 3291 1683 3333 3168 3915 4139 2280 36388
1923 2749 5559 4626 2546 2883  761  635 1801 1115 1234  632  574 25115
1924 2781 2781 1815 3117 2566 2354 1892 1037 2231 4175 2648 1775 29172
1925 1978 3897 1544 1326 2531 4081 1353 2158 1219  459 4102 2071 26719
1926 1468 2470  798 1801  712 1198  866 1523 3247 3412 2480 1140 21115
1927 2320 2388 3268 1614 7832 2067 2932 4534 2152 2455 3856 1399 36817
1928 1094 2536 2983 2428 3962 2009 1999 2919 1918 3685 2101  831 28465
1929 2902 2707 1785 3386 1963 1510 1242 6653 1924 5331 1574  614 31591
1930 3937 2945 2379 2175 2858 2823 1374 1840  191  891  672 1651 23736
1931 2057 1879 2046  867 1193  437 1358  611  960  951 1194 1458 15011
1932 2006 2826 2631 3844 1185  959  437  499  815  573 2829 2184 20788
1933  744 2320 2431 1503 2134 3771 3314 2793 4673 3368 1588 2966 31605
1934 2654 1647 1787 2543 3152 4394 1925 3765 2084 1481 2144 2995 30571
1935 3608 1970 3178 2705 3552 2117  835 2084  929 2051 5171 2299 30499
1936 2422 2904 1325 3302 1681 4672 7736 1437 3572 3179 3298 2395 37923
1937 2870 1295 2446 2550 1564 2057 3275 2596 3816 3304 2309 1164 29246
1938 1116 4051 1461 2235 5726 3281 4073 4474 4701 3137 1862 1939 38056
1939 1934 2175 3401 3740 4521 4497 3009 2228 8113 2527 3215  641 40001
1940 3719 4701 2945 2141 3507 1657 3486 3273 2228  244 2538 1737 32176
1941 1214 1709 1837 3895  472 1063  338  202  812  293  413 2938 15186
1942 1513  866 3173 3424 2760  460  637 1790 1335 1241 2886 2599 22684
1943 2821 2859 3560 5183 3102 1576 4269 4543 2121 4073 3841 2317 40265
1944  985 1934 2536 3381 2507 4848 1934 2209 1951 1773 1224 1576 26858
1945 3206 3089 2792 2122 2796 1389 2777 1327 3037 2919 1827 2496 29777
1946 3373 2921  948 3626 2508  765  782 1370  542 2579 1609 2611 23634
1947 1010 3083 2591 5923 4176 6138  572 2390 4809 2657 2588 2281 38218
1948  997 1564 2043 3686  534 2042 1810 2384  681 4000 4775 2037 26553
1949 2203 2528 3639 3383 2679 7463 5747  637 2149 4479 1946 3313 40166
1950 3185 2297 2540 3778 3433 2080 4915 6360 3640 4202 2609 4175 43214
1951 1248 1288 5279 2498 3530 1572 1446 1435 1903 1065 3128  830 25222
1952 3329 4017 4073 2252 2761 3715 1819 2113 2757 2152 2591 1366 32945
1953 2128 1171 2688 3688 1607 1548 1827 2880 1973 2004 3655 1599 26768
1954 2461 4017 1904 2364 2522  896 1215  743 2541 3404 1707 3260 27034
1955  986 2325 2897 1788 3325 2521 3333 1624 2431 2779 1064 1231 26304
1956 2138 2167 2862 2548 2289 4103 2928 2863 4302 1916 1983  464 30563
1957 2328 2420 1416 2762  734 1052  517 1624 1833  945  981 3338 19950
1958 1551 2725 1526 2163  856  494  594  714 2435 1996 1947 5346 22347
1959 1480 2812 1617 3188 1639 2002 1366  660 1306  793 1081 1951 19895
1960 2189 2553 2989 2027 2921 4939  508 2380 1397 4223 2938 2620 31684
1961 3328 1365 1384 4811 3881 1172 1776  560 3217 2551 3041 1706 28792
1962 1179 1997 2632 4981 2967 7316 1587 3424 4546 1786 2036 2115 36566
1963 1796 1029 3417 2291 2044 1946  494 2526 1978 2946 5177 1356 27000
1964 1822 1307 2118 2121 2267 3839 2241 3742 4346 2671  932 1583 28989
1965 2267 1497 4053 4131 4026 1751  442  875 1148  962  295 2178 23625
1966 2316 2850 1558 1176 1546  372  765  329 1422  967 1413 1676 16390
1967 2376 3244 3188 1561 2707 2406 1269 2326 2195 3592 2099  548 27511
1968 2998 3104 1609 1357 2369 2114 1917 1281 2326 2178 2428  551 24232
1969 2525 2716 1158 5984  665 2916 1021  850  747 3595 1299 2067 25543
1970 1520 1997 2334 2724 1990 1774 2231 1996 2053 5863 2579 3858 30919
1971 2878 1323 3806 4221 4634 5635 2366 1254 4561 2765  825 2082 36350
1972 3254 4449 3010 3882 3306  856 1068  129  317  715 1125 1745 23856
1973 1375 3123 1565 1932 2107 1728 1462 1371 1936 3194 1904 2563 24260
1974 3698 2105 3912 3734 1864 4784 6238 1309 3234 4531 5554 2806 43769
1975 2108 3461 4444 2581 5809 3874 4023 2450 3904 3588 2576 2220 41038
1976 2763 3728 2111 4869 3945 2490 2275 1524 2060  996 1466 1510 29737
1977 4062 1588 3133 3514  872  895 2835  970 1348 2694 1906  705 24522
1978 1641 3552 1965 1808 3033  718 2155  665  607 1178 2021  926 20269
1979 3279 2801 1019 3681 1544  491  893  208  498 2292 1434 2776 20916
1980 2097 2862 4115 1249 1585  142  465 1386  322  635  623 2121 17602
1981 3471 1834  877 1895 1012  808 3717  869 2098 2182 1097 1863 21723
1982 2147 2088 2417 4043 3875 1901 1290 1180  397  225 1441  778 21782
1983 1784 2134 2819 1718 1480 2367 1746  220 2427 1311 1594 2553 22153
1984  747 1787 3595 2771 2507 1638  473 1263 2902 5635  415 2206 25939
1985 2684 2108 5436 2761 4966 3979 2613 3956 2034 2766 3492 2487 39282
1986 3277 2962 1597 4204 1007 1481 1671  999 1021  964  745 2672 22600
1987 1451 3658 1022 1657  832  460  723  191  664  468  408 6239 17773
1988 3919 1524 1587 3405 1609 3058 1863 3020 3451 3421  985 2002 29844
1989 1985 1722 2888 9155 3393 4074 4022 5461 3635 3261  893 1636 42125
1990 3571  976 3791 1732 3224 2802 3398  949 4999 2236 1440 2259 31377
1991 1508 1872 1866 2584 4248  652 1011 2244  680 3345 1724  456 22190
1992 1469 2929 1595 2487 3095  848 1142  281  272  698  585 1750 17151
1993 1482 2321 1752 2674 1165  406  405  184  262  324  739 2219 13933
1994 3308 3869 2046 1855 4041 1274  430 2274  968 1508  361  613 22547
1995  -10  -10  -10  -10  -10  -10  -10 3312  -10  -10 1126  -10   -10
1996 3029 1211 2352 1582  -10 2518 2627 1026 2957  -10 2618 2794   -10
1997  -10  -10  -10  -10  -10  -10  -10  -10  -10  -10  -10  -10   -10
1998  -10  -10  -10  -10  -10  -10  -10  -10  -10  -10  -10  -10   -10