1900  717  760  188  352  397  608  421  912  294  757  509  780  6695
1901  276  268  478  554  248  462  496  475  397  615  475  816  5560
1902  366  249  347  422  669  507  437  995  380  512  373  466  5723
1903  479  278  550  733  576  689 1047  791  772 1371  641  317  8244
1904  519  666  404  225  497  374  531  510  393  416  555  569  5659
1905  294  268  642  472  301  640  307  880  513  773  695  242  6027
1906  958  564  419  233  604  454  332  442  354  853  919  620  6752
1907  309  331  319  584  622  682  406  406  160  952  532  697  6000
1908  326  461  514  497  359  376  675  645  521  257  425  401  5457
1909  271  174  701  444  325  675  837  623  571  980  365  963  6929
1910  587  658  257  489  598  509  870  443  419  551 1092  799  7272
1911  339  361  504  302  305  602  164  226  619  875  884  902  6083
1912  650  381  686  129  351  792  647 1516  670  702  702  672  7898
1913  692  211  652  539  529  498  512  273  457  730  702  428  6223
1914  375  398  950  303  359  572  713  348  588  479  755 1252  7092
1915  853  675  372  303  534  401  852  622  589  395  880 1188  7664
1916  370  825  676  444  493  663  359  747  484  771  681  810  7323
1917  410  169  520  489  375  559  692 1198  398 1214  484  353  6861
1918  617  335  252  529  364  261  823  506 1392  557  497  800  6933
1919  673  545  680  614  158  348  747  442  441  569  609 1075  6901
1920  727  215  330  830  499  442  914  499  564  288  209  550  6067
1921  651   78  280  296  247  167  118  480  391  282  531  462  3983
1922  723  543  500  624  180  420  984  666  690  314  526  630  6800
1923  427  728  375  364  693  307  552  606  726 1215  625  701  7319
1924  511  249  256  545  655  434  895 1034  746  976  435  572  7308
1925  539  632  323  544  723  195  671  647  909  679  796  814  7472
1926  640  490  164  534  496  539  588  591  462  843  876  245  6468
1927  539  547  562  516  276  933  658  882 1087  482  762  594  7838
1928  841  438  370  435  519  592  455  629  300  912  988  595  7074
1929  285  158   72  411  271  394  520  360  258  931 1115 1035  5810
1930  524  169  375  428  588  352 1100  710  943  673 1132  511  7505
1931  639  645  124  778  713  450  919  934  553  359  530  347  6991
1932  350   99  373  671  763  146  851  386  722 1468  406  173  6408
1933  263  464  472  211  549  574  426  352  524  836  479  130  5280
1934  473   99  487  503  331  406  466  534  437  757  484  933  5910
1935  542  559  187  703  367  785  201  506 1003  825  895  703  7276
1936  848  526  199  432  190  672 1116  239  780  647  837  474  6960
1937  897  842  680  611  625  421  476  399  789  456  493  709  7398
1938  775  258  146  172  477  258  543  490  567  933  784  672  6075
1939 1163  271  532  556  265  420  677  635  427 1463 1299  484  8192
1940  419  390  717  518  226  271  835  301  511  583 1479  756  7006
1941  507  518  752  270  494  246  658 1066  159 1017  538  465  6690
1942  656  213  475  182  566  308 1154  498  618 1002  676  673  7021
1943  947  298  148  334  436  499  315  592  575  405  912  397  5858
1944  528  328  177  408  291  539  493  425  937  979 1274  556  6935
1945  570  478  278  452  646  478  427  768  692  600  275  689  6353
1946  482  875  327  318  518  696  650  988  832  548  923  621  7778
1947  362  393 1051  534  268  432  528  237  345  131  701  635  5617
1948 1159  284  245  446  540  738  561  795  382  533  331  580  6594
1949  320  256  293  481  505  174  341  379  436 1044  759  564  5552
1950  324  849  186  625  503  497  860  778 1012  368 1293  681  7976
1951  701  701  815  732  517  436  590  929  604  250 1135  522  7932
1952  810  319  628  305  375  313  340  752  897  726 1028  772  7265
1953  227  485  137  576  389  581  712  655  556  385  361  307  5371
1954  465  473  505  119  406  618  817  986  732  673  934  541  7269
1955  575  498  378  160  666  555  152  307  497  824  343  558  5513
1956  945  344  242  288  237  574  794 1058  462  867  369  468  6648
1957  389  774  432  156  363  377  815  888 1121  526  513  413  6767
1958  684  825  358  332  568  766  702  806  641  707  356  754  7499
1959  858   43  476  525  130  255  386  371   38  721  627  830  5260
1960  796  398  332  188  346  418  828  838  899 1383 1165  957  8548
1961  842  509  141  537  281  354  644  572  807 1075  728  868  7358
1962  589  339  388  487  431  133  691  609  684  473  592  634  6050
1963  209  174  591  529  538  637  468 1010  594  486  899  195  6330
1964  178  225  597  578  372  903  402  478  322  946  519  776  6296
1965  683  217  489  615  550  462 1030  727  951  196  709 1290  7919
1966  391  755  324  643  311  926  842  752  364 1009 1113 1096  8526
1967  416  472  346  499  737  273  285  542  635 1063  733  680  6681
1968  584  411  295  385  528  556 1021  920 1127  648  445  470  7390
1969  456  582  595  462  819  491  633  941   63  129  999  611  6781
1970  510  714  500  678  201  233  595  446  699  536 1184  463  6759
1971  665  250  418  262  473  793  441  684  201  438  882  253  5760
1972  478  318  361  504  491  534  671  293  478  196  779  406  5509
1973  254  422  131  602  687  394  789  215  948  599  474  468  5983
1974  534  513  359  121  225  473  639  714 1373 1416 1078  558  8003
1975  839  211  832  535  402  338  398  434  977  270 1030  379  6645
1976  538  226  192   88  246  113  342  370  960  801  884  663  5423
1977  689  744  475  401  441  500  262  721  190  334 1043  526  6326
1978  682  385  581  399  423  711  547  433  541  142  326 1000  6170
1979  596  545  884  521  808  470  244  619  244  514  778 1125  7348
1980  482  520  666  271  211  822 1069  695  278  902  613  683  7212
1981  636  301 1002  494  723  529  456  341  735 1301  572  696  7786
1982  447  192  499  189  472 1008  290  657  516 1274  756  659  6959
1983  603  405  535  804  918  379  225  171  991  531  525  484  6571
1984  979  421  549  161  797  417  379  375 1125  666  816  494  7179
1985  729  111  525  488  529  937  608  749  212  289  708  761  6646
1986  814  107  653  511  451  399  459  780  413  849  694  905  7035
1987  301  349  580  305  595  829  989  874  434 1158  729  317  7460
1988 1252  579  858  226  511  230 1057  528  650  692  435  370  7388
1989  257  430  619  717   98  547  463  376  385  629  404  876  5801
1990  562  879  183  443  180  548  200  403  631  748  666  574  6017
1991  551  370  320  452  170  946  705  170  600  405  875  306  5870
1992  318  224  637  493  476  407  744 1131  709 1060 1075  461  7735
1993  590  162  145  615  536  512  819  512 1008  987  626 1097  7609
1994  811  385  566  587  585  323  448  595 1117  940  396  812  7565
1995 1109  712  629  196  324  339  383  526 1106  210  443  592  6569
1996  241  516  243  156  499  191  341  892  347  586 1115  351  5478
1997   76  592  182  212  583 1019  394  607  183  641  764  702  5955
1998  791  130  599  829  260  957  380  423  983 1247  801  673  8073