1900  -10  -10  -10  -10  -10  -10  -10  -10  -10  -10  -10  -10   -10
1901 1430   56  388  106  684 6073 1732  792 2748 1965  222 1154 17350
1902  632  202  704  677 1136 3071  163  793  245  743  680  952  9998
1903  544  106  137  472 3499  534   63 2308  420  477  864 1137 10561
1904  379  482  438  198  676 3585  349  251 1194 6110  979  541 15182
1905  801  310 1243  659 1639 3162  382 1326 2709 2716  828 2050 17825
1906  666  520  751  811 2033 4191  260 1243 6374  989 1400  428 19666
1907  188  347  101  100 1524  978 1000  455  705 1315  535  323  7571
1908  907  416  467  317  520 2777  271  351  506 1942  698 2313 11485
1909  829  128  435  331 1280 2002  602 1528 3752 3303 8152   67 22409
1910 1276  171  909  425  355 2116  688 1148 2290 3927  511 2255 16071
1911  840  217  605  486 1180  388  177  431  330 1052 1111 1644  8461
1912  487  388  488  325  206  260  124  582  214  784 4959  261  9078
1913  573  154  307  914  989  624  650  610 1130  725 1610  268  8554
1914  552  281  286  388  671  669  146  141  254  783 1541  518  6230
1915 1065  730  255 1645 1962 4810  545 3137 5007 3601 2178  425 25360
1916  444  844  362  683 5744  876 2339 2859  841 3563 4944   56 23555
1917  586  405  303  921 1410 1338  806  847 3911  826 1091  408 12852
1918   84  624  565 1390 2198  724  497 1384  933 1669  281  468 10817
1919 2176  508 1022 1042 4015 1213  634  299 1584 1926  822 1625 16866
1920  121  310  403  104 1772  193  115  866  916 1627  280  110  6817
1921 1786 1037  513  608 2118  664  446  710 2666 2086  467  877 13978
1922  728  840  581  265  515  986  189  652  836 2174  289  269  8324
1923  769  878  202  994 2019  391  181  678  401 3101  339  582 10535
1924  260  487  139  247  325  878  623  798 3329 2708 3959  692 14445
1925  279  341  244 1048 1183  411  423  145 1660  563 1896  643  8836
1926  241  820  520  139  592  306  837 1384 2209 1263  824  844  9979
1927  957  543   48  503  668  288 1510  820  799 4085 1437   89 11747
1928  274  165  139  275 1219  642  245 3494 1513 1315 1384  281 10946
1929  327  251  316  152  335  317  426 1023 1888 1215  558  717  7525
1930  877  687  157 1005  525  667  291  629  493 1318 2293  231  9173
1931 1413  327  431  681 1367 1326 2953  911 1899 2483 1743  831 16365
1932  635  305  232 1460 1028 1091  219  624 1425 1787 1831  408 11045
1933  219  134  685  122  730 4527 3431 3472 2317 6184 2640 2029 26490
1934  808 1396  532 1086  847  438  523 1388 1008 1736 2298  942 13002
1935  548  560  482  162  643  577  355 2080 1748 3692  331  744 11922
1936  500  463  406  345 2896 6347 1287 1872 1440 1880  567 1102 19105
1937  926  305  367  469 3475  611  548 1539  622 1747 3126  523 14258
1938  424  519  601  379  713 1365  655 1929 2528 1312  680  465 11570
1939  403  272  548  582  645 1288  329  910  493 3266 6984  542 16262
1940  838  873  607  382  992  518  416  199  823 1643 1297 1834 10422
1941 1953 2776  405  923  567  292 1207  161  997  890  543  674 11388
1942  986  389  106  606 1929 6315  480 1755 1519 2800 1342 1595 19822
1943  166 1142  921  894 1677  427  329  859  766 3042  614  610 11447
1944  283   52   58  241  534 2941 1959 2396 1487 4087 1013  515 15566
1945  960  118  230  400 1367  615  545 3196 3432 1927 3108 2747 18645
1946  171  886  596  696  266  170  228  929 1642  937 1557  747  8825
1947  350 1439  294  272  805  294  981  563 2532 1214  652 1523 10919
1948 1085   83   74  518 2728 3794  890  714 2370 1539  874  369 15038
1949  325  160  313  226 1650  679 1116  872 1809 1282 1677 1628 11737
1950  603  829   92  468  617  566  533 2186 1873 4911 1679  805 15162
1951  140  367   56  495 1187  872 1005 2992 1213 1581 2833  320 13061
1952  578  550  121 1018 1303  716  933  910 1490 1888  623  976 11106
1953 1123  143  247  358 3062 1030 1063  564 2184 1045  858  557 12234
1954  242 1180  767  498 2193  677  677 1410 1350 1680  976  502 12152
1955  553  652   39  204  998 1974 1040 1476 1675 1563  482 1169 11825
1956  309  412 1019  507  953 1057 1150  347  586 2760 1056  482 10638
1957  342  844  467  970 2120  575  377  406 1706 1307  294  476  9884
1958 1428   97  100   83 3217 2233  516  728 1398 3262 1029 1001 15092
1959  908  212  311  665 1335  534  568  455  960 2084 1200  997 10229
1960 1571  752  936 1830 1275 4236  501 1153 1658 2224 1164 1113 18413
1961  443  324  760  463 1018  800  710  672 1661 2998 1154 2076 13079
1962  755  106  341  944  407 1587  526 1304 1025 1379 1126  938 10438
1963  190  742  984  505 2244 1891  609  883 1020 5079 3054 2568 19769
1964  714  277  247  906 1530 1209  569 1603 1124 2064  669  778 11690
1965  330   24  111  173 1516  640  310  925 1424 1521 1741 1628 10343
1966  703  197  714  538 2381 2694  790  747  755 1619 3956 1164 16258
1967  292  917  352  260  479 1248  415  298 1341 1021 1228  135  7986
1968  631  471  652  155  935 1171  653 1060  800 2115 1378  383 10404
1969  526  173   66  992 2179 2905  341 1717 1375 2249 1689 1292 15504
1970 1340  568  358  361 2570  463 1286 1361 1328 1823 2507  573 14538
1971  473  900  309  658  807  417  419 1634 1143 2110 1844  165 10879
1972  768  519 1009 1008 1548 1322  293  503 1004 1913  593 1209 11689
1973  490  479  135  693  322  917  622 1665 1497 4550 1046 1616 14032
1974  356 1269  629  517  801  474  684 1860 3201 2923 1234  667 14615
1975  115   60   24  294  701  526 1138  951 2639 1068 2716  968 11200
1976 1256  553  324  435  513  844  155 1032  382 1278  834  377  7983
1977  281  673   42  980 2572  261  243 1028 1175 1096 1004 1271 10626
1978 1210 1033  961  775 1331  965  642  879 1005 2196  910  252 12159
1979  378 1399  366 2403 1033 3234 1155  907 4275 1436 1428  614 18628
1980  638  255   90  582 1792  680  647 1741 1384 1482 2132 1698 13121
1981  275  530  410  211 1061 1193  286 1987  809 2364 2234  500 11860
1982  336  200   54  526 1157  421  372  443 2556  845  769  167  7846
1983  179 1022  280  386  295 1231  221  945  772 2485  446  228  8490
1984  547 1270  635 1528 1273 1680  423  649 1892  875  578  284 11634
1985  269  547  318  751  678  408  305 1293 1037  796  774  326  7502
1986 1172  227  668  593 1963 2723  229  732 1030  712  878  316 11243
1987  955  403  489 1431  695 1158  784  850 1378 3866 1601 1219 14829
1988  934  256  308  293 1115 1536  987 1738 3332  852 1373 1035 13759
1989 1104  716 1118  155  850  241  384  896 1499  718  391  714  8786
1990  352  546  704  527  776  772  568  386 1000 2172 1571  604  9978
1991  312  159  774  738 1361  371  277  556 1219  832 1264  587  8450
1992  105  971  332  446 1408  893  275  740 1163  716  674  740  8463
1993 2283  530  767 1864 3255  746  496  552 1707  660 1441 1469 15770
1994  815  307  565  780 1409  301  389  695 1258  842 3265  641 11267
1995 1099  625  549  562  765 1307 1454 1807 1402 2975  575 1548 14668
1996  947   86  572  663  919  785  435 1366  863 2092 3949  223 12900
1997  593  212  484  484  503 2152  228  843 1596  684 3915 1314 13008
1998  -10  -10  -10  -10  -10  -10  -10  -10  -10  -10  -10  -10   -10