1900 1170  103  373 1617  413 1101  797 1220  890 2725 4257 1526 16192
1901 1349  631 1082 1207  634  575  390  313 1643  895 2644 1676 13039
1902 2043  726  700  893  474  732  382  546 1359 3104 4789 2625 18373
1903 1186 1180   84  679 1747  823  909  699 1831 2093 1424 2146 14801
1904 2584  279  506  613  904  534 1094  243  511 2137 2128 2997 14530
1905  524  427  160 1406 1805  554  159  621  878 1541 3109 1446 12630
1906  538  387  360  838  827  637 1219 1178  930 2364 4006 1855 15139
1907 1452  276  887 1783  774  401  766  433  729 2799 3813  938 15051
1908 1056 1183  710  518  662  227  271  717 1093 2064 1230 2479 12210
1909  833  656  688 1494  589  514  476 2020  565 2149 1170 1904 13058
1910 1102  567  247 1160  555  676 1031  942 1171 2068 3305 3028 15852
1911  809  142  444  240  632 1057  499  321 1228 2491 3108 5045 16016
1912  453   74  403  738 1396  738  469  723 1239 2482 3105 2378 14198
1913 5552  524  569 1042  692  315  620  510  613 3081 3201 3775 20494
1914  627  142 1156  701  740  635  237  884 1279 3672 2858 3045 15976
1915 1668  591  463 1189  667  749 1219  921  739  919 2549 2023 13697
1916  186   61 1098  837 2457  331 1454  897  851  899 2174  963 12208
1917 2146 1440 1309  412  519  556  838 1576 1609  782 2713 2155 16055
1918 2333  332  586  472  751  541  445  426  416 2331 2532 2305 13470
1919 1182  392  767  657 1246  714  878  254 2121 2103 2363 3419 16096
1920  891  276  960 1605  763  748  255  511  614 1028 4114 1347 13112
1921 3674   34  561 1175  281  595  747  741  633 2907 2209 3935 17492
1922  645  748  210 1176 1223  948  259  558  365 3570 2626 1892 14220
1923 3556  281 1029  602  384  920  869  613 1373 2238 3623 4407 19895
1924 1514  298 2049  711 1026  276 1093  835 2087 1667 2147 1862 15565
1925 1959  777 1808  817  630  531  197  377  522 2268 3734 2121 15741
1926 2164  119  494  555 1800  653 1223  420  949 2386 3073 1652 15488
1927 1412 1054 2165 1127 1614  713  437  708 1918  798 2663 1526 16135
1928 1307  947  448 1469  647  313 1034 1169  380 2304 4393 1685 16096
1929  384  434  993 2171  895  419  400  937 2093  932 3066 2466 15190
1930 1917  536 1149  980 3629  602  381  914  719 3276 2337  781 17221
1931 3368  528  284 2043  884  701  747  809  882 1444 3428 3853 18971
1932  399  449  538 1102 1457  364  180 1928  603 2746 3059 1946 14771
1933 3470  508  438 1049 2386  507  726 1199  913 2003 2748 1518 17465
1934 2520  836 1341  728  686  711  292  513  238 3372 1179 1133 13549
1935 1210  403  623  713 1175  674  174 1399  789 1537 4666 4699 18062
1936 1218  767 1102  293 1362  286 1028  639 1452 1615 1806 3930 15498
1937 1981 1043  827 1188  763  162  507 1161  771 1404 3732  711 14250
1938 1202 2983 1378 1716  291  397  637  910  959 1858 1256 1971 15558
1939 1090  442  689 2295  814  447  341  506  777 2844 3111 2244 15600
1940  127  600  162 1117 3327  772  309  261  646 2624 3277 3406 16628
1941 1364 1042  801 1132 1404  561  668  754 1824 2794 4494 1620 18458
1942 1345  264  839 1673  999  565  402  620 1282 2437 1960 3728 16114
1943 1297  806  534 1433 3408  405  358  342  488 1883 2526 2513 15993
1944 1169 2372 1823 1211 1130  772  508 1453 1256 2599 4263 1729 20285
1945  131  441 1171  822  430  646  584  638  294 2595 4287 1559 13598
1946 1150  312 1044 1055  412  528  519 1221  907 2723 3932 4603 18406
1947 2515  943 1010 1320  937  890  609 1705 1003 2358 1559 3742 18591
1948 1047  103  235 1407  797  458  301  588  395 2444 2169 4775 14719
1949 1722  527  330 1434 1083  533 1015 1452  763 1628 2393 4675 17555
1950  594  958  399  526 1244  229  363 1048  700 1558 2819 1453 11891
1951 2819 1190  662 1536 1385  983  557  383 1122 1727 3254 1586 17204
1952 2953  544  641 1362 1333  336  916  311  326 1486 1905  997 13110
1953 2003  866  564 1281   64  532 1975  808  647 2525 2179 1686 15130
1954 1957  642 1556 1599  887  243  655 1160  494 2305 1641 3487 16626
1955 2882 1486  786 2018 1084  488  613  883 1079 1027 1532 1508 15386
1956  747  216  505  748  237  750  491 1407  913 1858 2606 2115 12593
1957 1176  919  151  536 1068  430  536  423  453 2658 6421 6627 21398
1958  954  447  739 1330 1286  308  487 1057 1083 2471 2046 1639 13847
1959 1256  467  106 1430 1095 1284  433  736 1140 2211 3434 1378 14970
1960 2617 2655  468 1132  839  273 1544  266 1064 1386 2520  837 15601
1961 2217  886  818 1028 1326  400  851  733  859 2323 3663 3165 18269
1962 1965  642  660  757 1402  418  312 1046  654 2553 2195 1696 14300
1963 3777 1337  981 1374  865  692  987 1177 1540 2116 4235 2826 21907
1964  877 1150  920  739  529  522 1340  994  855 1333 1272 1482 12013
1965  290 2803  791 1526 1196  248  159 2243 1031 2982 3624 3180 20073
1966 1231  350 1543 1407  206  311  196  635 1168 3011 2621 2432 15111
1967  709 1129  491  642  664  744 1197  633  746 3062 3206 2701 15924
1968  712   63 1168  708  424  717  523  320  736 2001 2345 1421 11138
1969  798  690  247 1037  970  365  147 1406  416 3599 2132 5334 17141
1970 1202 1399  640 1487  794  305  474 1512  572 2017 4228 2095 16725
1971 1868  752  401 1150  372  342 1349 1252 2125 1414 1473 4759 17257
1972  364   92  155  790 1630  660 1054  448 1837 4461 3203 2013 16707
1973  297  145  576  696 1161 1284  574  827  587 3008 1310 4289 14754
1974   87  625  244 1484 1043  554  726  604 1722  476 1132 3013 11710
1975 1017  670 1180 1002  730 1009  654  797  840 1297 2795 2355 14346
1976  703   98  381 1152  392  288  476  782  586 1734 3412 2932 12936
1977  241 1128  570  825 1370  575  470  415 1178 2834 3160 2080 14846
1978  753  329  512  549 1644  246  357  292  840 2016 4189 2103 13830
1979  448  515  436  707  606  428  571  414 1825 2187 4235 2036 14408
1980  185   13  369 1622  606  285  306  436  820 1462 2352 1409  9865
1981 1558  266  650  672 1075  481  986  780 1780 2031 2209 1588 14076
1982   20    0  377  837  852  483  442  471  676 1540 4216 2682 12596
1983  249   37  113  235  780  303  587  753  941 1003 2054 4528 11583
1984 3314 4787 1669 1555  527  355 1186  435 1343 1478 3137 1063 20849
1985 1567 1215  896  680  328  708  591 1368 1221 1621 4088 1898 16181
1986 1927 1570  261 1095  538  127  460  682  688 1715 4036 1876 14975
1987 2842  149  392  756  798  176   27  267  778 2539 1688 1188 11600
1988  133  643  601 1873  728  912  844 1666 3088  339 2687 2210 15724
1989 1948  318  555  752  685  450 1357 1248 1420 1293 2013  893 12932
1990 1442  273  897  456 1668  787  455  552  717 2468 2432 3052 15199
1991 1474  407  975  647  403  719  339 1003  560 2671 1986  554 11738
1992  375    5    1  325 1203  601  489  647 1710 1172 3956 2258 12742
1993 1127  422  269 1486 1556 1098  621  471  397 2013 4280 4631 18371
1994 1049 1542  452  770  308  121  458  448 2138 2244 2739  909 13178
1995 3238  553   33 1336 1231 1131  427  960 1164 1780 1486  959 14298
1996  746  830   17 2285  614 1425  347 1425 1206 1682 2058 3686 16321
1997  755  239  509  733  529  -10  855  491 1160 2406 4704 3055   -10
1998 1451   49   86  616  -10  293 1257  592 1124 2248 3059 4652   -10