1900  908  982 1026  538  451  433  725  473  702  644  687  283  7852
1901  679  713  691  515  410  449  724  643  398  705  746  754  7427
1902  606  827 1061  454  388 1011  593  974  539  587  306  658  8004
1903  713  802  923  515  169  430 1227  588  254  530  613  488  7252
1904  642  620  795  566  400  362  898  678  748  543  788  400  7440
1905  631  791  307  283  491  730  661  677  785  279  589  567  6791
1906  538  623  999  458  550  543  704  429  561  620  734  648  7407
1907  561  525  775  679  441  472 1146  852  863  733  536  687  8270
1908  636  896  541  634  474  306  587  738  199  570  378  529  6488
1909  664  899 1012  491  435  473  661  924  754  759  626  719  8417
1910  567  732  299  449  549  771  896  573  481  887  880  543  7627
1911  684  369  449  290  295  730  692  558  828  451  618  441  6405
1912  649  548  771  416  618  380 1357 1092  516  519  642  557  8065
1913  479  347  870  483  543  460 1019  620  411  999  423  493  7147
1914  536  476  662  453  354  832  694  616  517  485  744  321  6690
1915  568  565  830  273  540  381  951  601  995  494  593  642  7433
1916  403  735  715  343  397  616  627  409  444  833  428  970  6920
1917  695  572  719  710  721  572  462  905  283 1161  480  401  7681
1918  933  650  401  297  532  971 1167  534  884  521  408  433  7731
1919  564  370  709  528  337  369  672  692  538  505  574  329  6187
1920  333 1096  800  578  223  313  953  577  504  798  378  521  7074
1921  621  441  586  338  324  413  528  631  510  667  470  401  5930
1922  595  477  325  522  404  977  979  775  346  634  308  397  6739
1923  881  178  685  526  499  393  843  698  267  613  677  398  6658
1924  644  353  612  425  619  518  650  915  439  354  386  375  6290
1925  401  695  768  408  468  630 1246  448  537  971  749  460  7781
1926  409  564  439  334  757  534  449  853  414  949  587  417  6706
1927  640  408  265  317  592  610  784 1251  455  653  692  494  7161
1928  585  492  545  416  370  513  640  575  447  411  366  630  5990
1929  611  296  597  488  464  743  578  910  556  792  506  403  6944
1930  627  724  822  494  256  511 1054  666  547  309  262  350  6622
1931  827  529  430  484  275  621 1284  521  919  564  212  548  7214
1932  896  528 1029  623  288  724 1078  920  652  855  500  485  8578
1933  755 1128  542  282  485  604  498  484  971 1028  618  415  7810
1934  289  647  596  688  448  540  802  751  281  463  528 1099  7132
1935  605  330  723  520  303  241  722  652  562  474  255  807  6194
1936  944  697  360  408  549  945  790  555  372  465  650  541  7276
1937  688  518  480  305  547  834  596  652  962  584  618  602  7386
1938  557  628  337  508  477  480  816  756  463  283  469  837  6611
1939  657  588 1232  635  563  928 1375  782  918  943  463  867  9951
1940  991  738  325  653  538  587  721  720  912  624 1201  462  8472
1941  968  691  513  336  859  484 1003 1392  715  533  416  792  8702
1942   56  523  109  170  442 1003  930  841  757  427  193  102  5553
1943  279  102  229  239  178  729  523  432  742  234  180   76  3943
1944   25   76   81  196  505  541  673  777  777   76  302  330  4359
1945  437  142  264  277  658  500 1090  734  520  488  211  305  5626
1946  229  432  419  653  749  765  348  617  442  470  401  409  5934
1947  155  450  104  160  879  724  468  777  605  775  363  569  6029
1948  500  485  366 1798  653  747  988  615  960  132  333  650  8227
1949  851  808 1608  737  503  615  775  800  886  607  831 1072 10093
1950  627  302 1001  358  384  864  686  564  594 1135  759  777  8051
1951 1220  920 1110 1020 1070  280  820  810 1230 1020 1100  710 11310
1952 1650  710  290  490  480  430  830 1510  820  710  610  200  8730
1953  370  560  190  880  440  990  900 1750 1270  370  290  780  8790
1954  660  300  680  750  320  400  870  920  940  530  500  420  7290
1955  510  500  599  400  290  284  620  700  520  430  960  440  6253
1956  520   70  130  120  130  710  720 1010  670  670  560  230  5540
1957  170  280  150  250  390  450 1330  750  760  280  460 1070  6340
1958  200  300  380  570  980  750 1900 1970  960  340 1290  860 10500
1959  870  170  930  240  490  590  660  670  880 1120  590  360  7570
1960  850  360  120  350  130  100  340  360  580  700  520  280  4690
1961 1460  250 1000  100  850 1620 1430  330  660  900  150  230  8980
1962  180   50  470  260  530  880  560 1170  690  540  970  420  6720
1963 1300 1140  810  340  500  980  490  460  840  690  740 1510  9800
1964  440 1280  900  170  230 1120  810  450  790  830  460  590  8070
1965  970  700 2210  750  610  690  640 1870  810  620  890  610 11370
1966  700  550  410  430 1060 1020 1890  850  420 1160  670  520  9680
1967 1000 1610  300  250  640  390  940  400  450  830  950  710  8470
1968  550  560  160  550  470 1280 1030  520  700 1160  600  530  8110
1969  520  460  400  500  790  460 1090 1270  510  470  320 1030  7820
1970  660  410  620  500  500  540  300  870  180  530  390  620  6120
1971  749  340 1247  602  688 1308  429  508  645  843 1090  632  9081
1972  726  843  782  485  386  437  544  696  356  709  950  668  7582
1973  737  848  597  561  257  681 1146  894  363  386  866  785  8121
1974  447 1003  914  706  325  437  894 1003  358 1275  622  582  8566
1975  229  173 1491 1671  417  312 1570  427  498 1069  795 1013  9665
1976  940  376  782 1133  437  429  782  729 1308  813  696  653  9078
1977 1453  925  414  643  412  140  284  374  160  360  244  783  6192
1978 1346 1593  599  915  360  272  421  387  368  341  226  451  7279
1979  481  957  411  319  307  374  559  333  321  539  582  434  5617
1980  638 1694 1014  453  699  492  492  179  352  574  657 1074  8318
1981  976  345  320  716  334  328  754  754  696  340  678  637  6878
1982  910  452  662  722  476  356  390 1279  704  251  373  626  7201
1983  410  971 1463  493  223  377 1385  409 1132  471  992 1095  9421
1984  344 1116 1001  250  663  719 1789  422  743  380  969  701  9097
1985 1437  558  668  528  513  545 1456  956  734  641  465  590  9091
1986 1011  582  432  389  386  809  772  889  604  703  517  412  7506
1987  298 1164  460  267  460  588  816  730  656  912  715  607  7673
1988  560  588  954  230  487  855  878  585  577  558  886  327  7485
1989  414  226  447  684  708  477  961 1353  769  601 1092  907  8639
1990  655  422  374  575  408  502  729  765  598  799  813  812  7452
1991  378  560  493  319  298  895 1010  827  848  746  507  467  7348
1992  572  357 1067  646  367  547 1012 1191  723  862  268  400  8012
1993  251  599  655  681  756  404 1010  899  803 1109  405  610  8182
1994  933  573  606  570  475  443  751 1347  440  965 1066  729  8898
1995  414  515  825  607  232  619 1127  770  754  782  544  426  7615
1996  721 1124  873  556  427  595 1288  885  666  699  506  650  8990
1997  592  156  444  869  880  496 1175  862  926  -10  573  359   -10
1998  924  989  743  614  785  424  769  525 1065  806  693  664  9001