1900  226   64  317  387  805  826 1301 1596  786  756  189  282  7535
1901  254  198  352  456  659  905  751 1120  733  707  294  374  6803
1902  117  151  560  524 1052  823 1331  836 1766  900  238  213  8511
1903  209   46  435  300  853  537 1365 1381  804  723  636  451  7740
1904  155  350  616  768  620  975 1434 1465 1340  844  166  242  8975
1905  157  115  210  569  821  878 1049  981 1373  779  345  261  7538
1906  110   94  264  285  933  996 1276  867  665  955  281  362  7088
1907   95   92  139  642 1063  809  775 2009  867  817  373  201  7882
1908   90   86  505  389  738  963 1372 1448 1379  692  183  272  8117
1909   75  135  301  940  802 1110 1355  801 1144  751  776  307  8497
1910  198   89  425  457  662 1329 1583 1027  919  383  757  213  8042
1911  224  131  313  540  755 1119 1882 1412  946  720  831  165  9038
1912  168  168  305  537 1111  841 1059 1062 1096  689  385   99  7520
1913   73  246  232  343  468 1032 1502 1116 1109  389  385  258  7153
1914  193   64  396  218  410 1433 1645  795 1647  536  800  146  8283
1915  316  356  403  674  774 1574 1491 1761 1007  774  437  159  9726
1916  155  317  282  641  943 1230  858 1007 1327  471  377  307  7915
1917  247   84  175  299  616 1009 1806 1102 1031  761  493  327  7950
1918  158  116  272  275  807 1320 1214  981 1583  363  471  125  7685
1919  164  128  290  646  792 1218 1127 1024 1502  658  445  299  8293
1920  233  244  179  405  660 1526 1322 1387 1111  539  343  213  8162
1921   76  146  183  482  619  568 1136  648  781  433  411  307  5790
1922   87  241  378  380 1096 1180 1937  887 1183  575  442  114  8500
1923   80  108  488  556  778  925  942 1220 1216  839  869  222  8243
1924  101  150  140  445  665  505 1145 1327  814  847  660  261  7060
1925   60  193  157  219  582 1357  759 1866 1309  436  337  355  7630
1926  106  153  186  347  459  698 1257 1301 1438  512  371  343  7171
1927   86   78  298  427  881  885 1244 2182  871  979  630  125  8686
1928  160  107  413  209  602  720 1271  778 1515  793  574  154  7296
1929  134   89  110  353  420  991 1491 2453 1036  722  245  231  8275
1930   23  152  495  236  697  628  906 1559  749  891  702  146  7184
1931  155   57  399  636 1100  994  614 1657 1391  876  218  123  8220
1932  210  184  326  505 1089  980 1493 1332  623  897  543  172  8354
1933   75  107  138  326  492  825 1592 1526 1023  762  546  259  7671
1934  373   74  294  356  862 1071  919 1068 1391  375  858  136  7777
1935   98   99  293  683 1079 1331 1077  875 1687  632  373  179  8406
1936  232  134  208  572  638  980 1566 1754 1387  761  518  209  8959
1937   87  104  218  630  963  746 1349 1620  995  716  213  273  7914
1938  116  157  224  654  540  485  858 1622 1334  536  582  119  7227
1939  241  145  299  640  686  837 1745  845 1559  789  384  111  8281
1940  158   69  300  457  566  722 1906 1228  557  695  581  327  7566
1941   83  170  347  861  845  700 1323  854  972  800  235   96  7286
1942   24  124  280  595  838  798 1689  885 1246  625  584   73  7761
1943  159  119  201  415  718 1144 1259 1709 2135  310  253  184  8606
1944   58   53   67  170  642  838  926 2858  631  673  478  124  7518
1945   89  104  204  300  868 1156  621 2063  435  561  419  123  6943
1946   94   90  288  418  816 1037 1600 1762 1027  629  309  210  8280
1947   94   70  393  411  424  692 1768 1397 1058  960  665  204  8136
1948  112  173   89  770 1337 1431 1429 1035  930  746  248  109  8409
1949  195   50   86  540  822  385 1008 1916 1783  450  314  134  7683
1950   80   79  317  219  786  993 1526  811  659  171  717  181  6539
1951  108   73  331  388  724 1105 1002 1724 2435  592   71  236  8789
1952   96   75  158  446  681  939 1390 1087 1215  921  270   46  7324
1953  211  150  595  326  932  771 1642  707  816  607  111  288  7156
1954   27  241  416  363 1052  477  506 1006 1743 1048  260  558  7697
1955  132  211  296  329  727 1073 1315 1723  827  950  799  432  8814
1956  185  169  310  491 1010  693 1566  724 2258 1446  535  160  9547
1957  108  511  342  470  700  977 1584 1400 1244  608  401  387  8732
1958  334  256  451  540 1147 1336 1553  702 1144  891   90  165  8609
1959  150  108  245 1499 1143 1626 2177 1670 1500 1178  325  253 11874
1960  147  116  359  498 1571 1434  792 1183 1649  511 1322  366  9948
1961  221  103  352  602  754  791 2083  827 1165  690  383  268  8239
1962   66  102  412 1024  752  986 1691 1229 1487  627  418  447  9241
1963  383  102  149  635  677 1499 1411 1739 1131  502  802  234  9264
1964  161   22  159  571  646 1591 1430 1398 1199  470  281  325  8253
1965  255  253  345  673 1130  601 1050 1438 1583  547  235  415  8525
1966  242  305  565  479  705  587 1242 1704  479 1326  373  120  8127
1967  106  103  192 1103  650 1563 1584 1178  511  443  308  585  8326
1968  246  241  620  187  710 1236 1065 1743 1745  219 1188  215  9415
1969   56   83  518  360  817 1001 1713 1721  522 1059  327  193  8370
1970  333  362  289  171 1080  991 1413  845 2052  258  333  121  8248
1971   62  525  328  225 1276 1448 2330 1860 1064 1090   93  297 10598
1972   56  403  220  554  836 1182 1182 2091 1448 1776  821  168 10737
1973   61  140  295  516  722  481 1408 1302 1002  477  427  212  7043
1974  205  163  336 1007  665 2015  461  862 2133  826  302   96  9071
1975  382  232  811  652  463 1059  926 1139 1053  454  113   89  7373
1976  217  159  323  668  578  804 1022 1404  829  524  336  586  7450
1977   60   96  404 1024  888 1103 2000  506  906  660  502  116  8265
1978   42   49  292  329  781  447 1575 1920  753  501  441  265  7395
1979  191  584  377  547  302 1356  974 2007  968  270  423  327  8326
1980  184  117  200  449 1049 1013 1085  446 1978 1199  471  624  8815
1981   45  133  222  413  834  954 1982 3513 1111 1040  429  110 10786
1982  349   69  318  416  945  506  812 1089  846  829  431  407  7017
1983  129  235  259 1223  816  987  996  879  874  769  799  316  8282
1984  210  118  222  305  450 1250 1594 1625 1246 1069  253   63  8405
1985  108  393  304  478  421  824 1201 2074 1323  610  318   63  8117
1986  139   89  264  631  881  533 1042 1271 1046  266  335  158  6655
1987  193  201  308  439  660  607 1637 1652 1458  752  486  229  8622
1988  239  208  257  411  577  580  637 1636  721  931  570  194  6961
1989  131   66  302  388  663  857 1681  943 1203  853  459  300  7846
1990   61  292  158  589  634 1370  922 1991 1261  459  599  499  8835
1991  289  116  208  638  703 1455 1711  964 1002 1131  290  242  8749
1992   97  123  212  464  857 2994 1770  893 1749  375  338  339 10211
1993  182  127  126  534  466  876  417 1889 1027  796  582  321  7343
1994  117  273  615  584 1548  698 1753 1192 1733  923  601  225 10262
1995  155  141  351  525  903  764 1809 1433 1381  591  584  177  8814
1996  150   87  410  302  675  862 1272 1478 1319  898  677  205  8335
1997  281  134  518  351 1230  761 1280 2045  822 1150  181  385  9138
1998  163  202  536  633  997  695  465 1251  775  974  582  284  7557