1900   44  361   28    9    7    0    0    0    0   29   17  162   657
1901  112   36   21   12   42    0    0    0    0  149   29   94   495
1902   65   80   42   43    6    0    0    0    0   37   43   81   397
1903   57   89  104   13    4    0    0    0    0   15   21   69   372
1904   74  164   23  127   19    0    0    0    0   35   34  152   628
1905   55   68  114   53    7    0    0    0    0   44   14  120   475
1906   52   82   57   56   62    0    0    0    0  242   24   41   616
1907  144   98  112   31    4    0    0    0    0   62   46   49   546
1908  110  118  207  202    7    0    0    0    0   18   35   85   782
1909   47   55   19  202   11    0    0    0    0   64   21   39   458
1910   54   21  142   35   18    0    0    0    0   27   33   31   361
1911   66  177   57   70    6    0    0    0    0   41   50   80   547
1912   34  174   32   13   30    0    0    0    0   67   22   82   454
1913   34  152   44   21   60    0    0    0    0   47   50   86   494
1914   30   57   26  138   13    0    0    0    0   18   49   86   417
1915   34   46   66   26    4    0    0    0    0   15   21   39   251
1916  108  114  229   30    3    0    0    0    0   14   31   61   590
1917  123  179   47    7    4    0    0    0    0   22   27   74   483
1918   34  117  174   57   27    0    0    0    0  255   44   71   779
1919  151   57   33   23   24    0    0    0    0   16   28   82   414
1920   37  325  156   17   16    0    0    0    0   16   31  127   725
1921   69   97  134   13   43    0    0    0    0   16   17  267   656
1922   61   87   78    8   14    0    0    0    0   14   23   82   367
1923   25   87   25   26   62    0    0    0    0  255   24   70   574
1924   63  116  137    6    6    0    0    0    0   51   56   72   507
1925   54   24   31   54    4    0    0    0    0   50   50   44   311
1926   53   64  118   41    6    0    0    0    0   16   18   57   373
1927   31  150   13   39    3    0    0    0    0   32   56   43   367
1928   98  123   14    4    3    0    0    0    0   14   29   44   329
1929   52   95   16   97   11    0    0    0    0   15   59  392   737
1930   59   69   46   36    7    0    0    0    0   17   27  354   615
1931   39  231   19   25    2    0    0    0    0   70   17   42   445
1932   60   72    5    9    2    0    0    0    0   30   41   20   239
1933   34   56   17   19    5    0    0    0    0   17   15   34   197
1934   61   81    3   26   62    0    0    0    0   17  140   57   447
1935   31  116    9   19    3    0    0    0    0   45   29   21   273
1936   14   56    8    9   24    0    0    0    0   18   68  100   297
1937   51   62    3   78    6    0    0    0    0  255   36   74   565
1938  257   85   37    8   20    0    0    0    0   19   68  112   606
1939   15  110   83   12    1    0    0    0    0   24   48   24   317
1940   48   28   42  116    1    0    0    0    0   61   31   43   370
1941   17   93   93   26    1    0    0    0    0   17   10   93   350
1942   35  201   86    4    4    0    0    0    0  187   21   23   561
1943   46  143  119   40   22    0    0    0    0   84    6  305   765
1944   51   22   14   18   62    0    0    0    0   13  136  392   708
1945  160   93   39    7   62    0    0    0    0   57   34   50   502
1946   10  332   30    5   62    0    0    0    0   66    7   24   536
1947   51   14   48    8    6    0    0    0    0   12   50   47   236
1948   33  131  104  202    6    0    0    0    0   12   42   78   608
1949   45  113   59   65   58    0    0    0    0    9   57  137   543
1950   74   78   20   34   38    0    0    0    0   33   14   22   313
1951   24   21    4    4    0    0    0    0    0    2    4  102   161
1952   16  131    5    2    0    0    0    0    0    9    3    8   174
1953   21  126  120  248    2    0    0    0    0    0   57  130   704
1954    8  205  119  155    0    0    0    0    0    1   86  267   841
1955   12    3   10   11    9    0    0    0    0    1   16  228   290
1956   29   13   20    2    2    0    0    0    0    1    2   27    96
1957   32   40   48    5   21    0    0    0    0    7   15   13   181
1958   48    7    0    2    1    0    0    0    0    1    2   22    83
1959   10   15   18    3    2    0    0    0    0    1    2   70   121
1960   14    0    5    0    0    0    0    0    0    0   34   17    70
1961   41    3    0    3   37    0    0    0    0   65    0  153   302
1962   64    0    0    0    0    0    0    0    0    0    0    1    65
1963   11   37   28  338    4    0    0    0    0    9    5   70   502
1964   40    0    0   18    0    0    0    0    0    0    0  205   263
1965  250    0   28   13    0    0    0    0    0    1    8    0   300
1966  366  129   44    0    0    0    0    0    0    0   21    6   566
1967    5   15    3    1   31    0    0    0    0  162   14    0   231
1968    8   42   35  150  108    0    0    0    0    0  234    4   581
1969  193    0  257   44    0    0    0    0    0    7   33    0   534
1970   15    0    1    0    0    0    0    0    0    0    9    1    26
1971  164    8   70  133    0    0    0    0    0    4   18  174   571
1972   48   20   67    5    0    0    0    0    0    0  158    0   298
1973    0    0    0   31    2    0    0    0    0   13  199    7   252
1974   75   57   87    0    0    0    0    0    0    4   22  100   345
1975    5  671    8    9    0    0    0    0    0    3    0  131   827
1976    0    0   56    0   27    0    0    0    0    0    0   12    95
1977    3    8    5   95    0    0    0    0    0   27    3  102   243
1978   43 1252   16    3    0    0    0    0    0    0    3  176  1493
1979    0  228   10    2   15    0    0    0    0    0    6   54   315
1980    6  286   28    1    0    0    0    0    0    0   10  431   762
1981    9   14   23    8    0    0    0    0    0 1191    0    3  1248
1982   68   80   38   70   81    0    0    0    1    0   59    0   397
1983   10   30   39    5    2    0    0    0    0    0    4  121   211
1984   19    0   45   12    0    0    0    0    0    5    0   70   151
1985   10    4  558    7   12    0    0    0    0    0    0  181   772
1986    0   11   30  102   90    0    0    0    0    0   88   10   331
1987    0   93   70    0    0    0    0    0    0  269    0  162   594
1988  173   30   60    0    0    0    0    0    0    5    0   69   337
1989   42   21   35   15    5    0    0    0    0    0  141    0   259
1990   30   31   87   41    1    0    0    0    0   58    4   21   273
1991   54   15  171    8    5    0    0    0    0   12    9   66   340
1992  112   37    2    4    5    0    0    0    0    1   93   33   287
1993   31   34    5    3   70    0    0    0    0   30    5  275   453
1994  278    7   49    2    1    0    0    0    0   12  111   17   477
1995    2   50    7   36    1    0    0    0    0    1    7   10   114
1996   16   18   16    9    3    0    0    0    0    3   25    9    99
1997   75   10   18    1    0    0    0    0    0  188   14    8   314
1998   15   25   15    3   46    0    0    0    0    0    0    1   105