1900 2505  776 1873  519  197  248  118   24    5   16  578 1359  8218
1901 1104 1615 2351 2113  192  297   43   74  101  128  304 1400  9722
1902 2048  849 2710  963  280   47   34   34   62   42  428  807  8304
1903 1616  648 1093  840  605   30   44   35   16   44  380 1035  6386
1904 2264 1361 1968  951  390  379  122   10    5  168  219 1305  9142
1905 1347 1615 1908  344  223   23  422   11   20    8  653  998  7572
1906 1882 1354 1418  434  423   28  107   20   10  137  245  583  6641
1907 1239 2327 1274 1945  153   86  294   72    6   35  612 1522  9565
1908 1295 2051 1678 1298  242  214   24   65   13   10  523 1334  8747
1909 1899 1818 1925  578  257  101   24  126  158   44   55  375  7360
1910 1142 1942 2416 1052   91   25   74  128    3   76  172 1237  8358
1911 1180 1480 1745  461  929  266   61  310   11   81  473 1050  8047
1912 1234 1032 1065  362   57  241  139    5   16  257  141 1147  5696
1913 1281 1742 2715 1247  474  129   10   10   73   52  435 1154  9322
1914 1280 1393 2299 2290   81   54  475   24    2   30  324 1103  9355
1915 1624 1620 1685  740  211  171   17   44   17   30  270 1173  7602
1916 5890 2260 2340 2230 1230 1080  160  670   60    0 1180 2270 19370
1917 1281 1046 2573 1376  283  197   70   20    3  141  586 1586  9162
1918 1743 1846 2408  868  395  105   65   58    1   19  426  500  8434
1919 1692 1683 1074  451  399   19    8    1   13   83  341  874  6638
1920 1369 1467 3134  293  414   81  236   15    0  370  310  760  8449
1921 1122 1672 2212 1376  613   19   93  112    5  246  472 1355  9297
1922  847 1480 2062 1182  753  110   40  137   56  152  590 1245  8654
1923  887 1688 2063 1292  520    9   73  293    3   82   97 1548  8555
1924  879 1191 2105  197   38  176   16   93    1   98  320  515  5629
1925 3060  980 2483 2789  440    0    0    0   10    0  309 1241 11312
1926 2215 1497 2604  690  245   25  454   24   45   72  293 1218  9382
1927 2014 1560 2031 2826   40  114  105   25    1   20  120 1283 10139
1928  820 1439 2995 1218  161  220    9    3    3   97  180 1117  8262
1929 1462 1359 2369  919   56   15  125  205    1  129  221 1230  8091
1930 1460 1084 1934 1734   52   69   14   51  125   10  283  896  7712
1931 2347 1122 1433 1258  204   34   12  121   25   10  504 1459  8529
1932  876 1905 1674 1280  251   40   52   93   81    6  195 1051  7504
1933 3660 1860 3400  230   30  610   50  250   90    0   30 1610 11820
1934 3340 2150 3022  600  340  600  390  150   60   20  100 1650 12422
1935  760 4130  810  120   10   50    0    0   30   90  140  890  7030
1936 1650  360 2320 2630  260  100   60    0   20   40  230 2450 10120
1937 1940 3080  470 1220  150  100    0    0    0   40   90 1930  9020
1938  830  410 4340 1160   40 1450  290   40   40   30   80  710  9420
1939 3300  980 2210 1730  470    0  140  130   30  510   80  270  9850
1940 1160 2460 1500  330    0  317  320    0    0  150  150  360  6747
1941 3570  900  570  970   40  270  190   10    0  200  170  360  7250
1942  190 1330 1230 1680  620   60  200   90  110   90    0 1600  7200
1943 2310  740  500  650  370  320  130   40  210   10    0  490  5770
1944 1010  920 1100   30  110   50  680  120   20  120  720 1750  6630
1945 2130 1828 3028  847  418   44  279    0    8   16  270 1831 10699
1946 1246 1014 3126  716   30  200  120   60   60   10  100 2310  8992
1947 1868 1361 3191 2105  151  101    0   59   85  380   40  980 10321
1948 1250 1130 1700 1180   40   40  360   10  170  100  690  920  7590
1949 2690 1560  830  720  840  200  370   50   30   40   40  900  8270
1950 2080 1690 2490  970  200   30   20   40   10    0  300  940  8770
1951 1330 1250 1450 1200  470    0   10    0   80   10  920  880  7600
1952  710 1480 1780 2250  480  310   60  220  120   50  170  510  8140
1953 1130  690 2920  940  100    0    0   10  220   20    0 2210  8240
1954 2060 2690 1080 1180   20    0  190    0   60    0   10  110  7400
1955 1610 2680 2350  620  500  370  760   20    0  310  350 1050 10620
1956 3040 2130 1840  840  240   60  170    0   40    0   90 1050  9500
1957 2090 2090 2110 1880  100  370   30   80   20   30    0 2400 11200
1958  980 1510 3190 2780  100 1030   20   10   10  160  200 1450 11440
1959 1120 1590  390  600   50   70  380   10   40    0   50 1100  5400
1960 1410 1390 2920  420  200  330  220   40   80   10   40  510  7570
1961  600  700 1800 1500  700   30  400    0   20   30  600 2000  8380
1962 1300  800 1700  400   30   20   10    0   30  400   40 1000  5730
1963 2000 1000 2200 1800  100    0   20  100    0    0 2400 1400 11020
1964 2300 1200  900 1200   30  100  200    0  100  300  200 2900  9430
1965 2700 2800 5100 2200   60   30  100    0    0  100  100 2100 15290
1966 1000 2050 1260  640  100  120  180   50  150  400  130  410  6490
1967 1670 2300 1320 1080  610  100  140   30    0  150  520 2200 10120
1968 2680 1290 1280  550   50  340   40   50   10   40  430  100  6860
1969 1820 1330 2120 3730   40  110    0  330   20   50  500 1410 11460
1970  680 1420 1410  860   30   10   10   30    0  100    0 2420  6970
1971  830 1910 3360 1040  990   50  210    0    0   80  110  460  9040
1972  810 2040 1360 1020  240    0   80    0   30  680  140 2770  9170
1973 1760 1270 1530 1740   60  240   10   20    0   60  170  640  7500
1974  750  920 3980 1230  580  340  120  160    0    0   40 1090  9210
1975  860 1310 2640 1390  340  190  120    0   50  138   20 1286  8344
1976 1560 2030 1380 2180  520   50   70    0    0    0  140  150  8080
1977 1510  640 3240  640   20   50  230   20   60  140  323 1328  8201
1978  790  380 3520 1340   90   30    0   70   60  150  810 1650  8890
1979 2430 2500 1150 1600  480    0  340    0   50    0  920  370  9840
1980 2470  620 2540 1870    0    0    0  290   20  130   90 1200  9230
1981  420 2120 1420  400  150  370   30    0    0   40   40 1120  6110
1982 1387 2440 1070  620  280    0   30  490   10  100  340 1400  8167
1983 1830 1800 2350  640  460 1010    0   80   20    0  170 1403  9763
1984 1700 1100 2180  570  370  300  200   50   33  140   60 1680  8383
1985 1186 1450  840  710  240   80  330   90   20   10 1200  300  6456
1986 2470 2280  990 1710   20  170   80    0    0   80  220 2240 10260
1987 1250  610 2250  470  360   50   30   50    0    0 2410   20  7500
1988  430 1470  680  500  280   22  118  140    0    0  350  670  4660
1989 2200 1430 2270  650 1570  500  160  100    0    0  360 2330 11570
1990 1040 2540 1770 1980  100   63  117   20   33    0  302 1140  9105
1991  460  690 2106 1432  211   13  480    0    0  160 2140 1016  8708
1992 1010  940 1674  711  528  205  300    0    2   57  406 1140  6973
1993 1693 2041 2520 1251  215   74  410  227   39   85  535  580  9670
1994 1339 1356  929  724   41   21   28  149   10  186  188  811  5782
1995 1485 1821 1622  449   78    3   11  289  106   23  119 1348  7354
1996 1632 2099 1986  807  783  106   88    2   16   72  210  771  8572
1997 3260 2659  -10 1764    0  189  343    0   33  370   74 1118   -10
1998  -10 1159  -10  210  -10    0  -10    0   56  -10  170  -10   -10