1900 3671  916 2765  978  236    8    6   10   17  290 2450 4161 15508
1901 1594 2302 3477 1367   39    5    5   34  437  835 2096 4259 16450
1902 2581 1436 4514 1347   71    1    5    4  170  520 1792 1900 14341
1903 1788 1207 1798  656  304    1    5   12   94  571 1622 2247 10305
1904 3545 1640 2995  797  284   13    8    3   49 1201  738 2703 13976
1905 2114 2056 1925  264  169    1   10    3  105  177 2487 2018 11329
1906 2797 2234 2162  519   83    1    6    2  218 1014 1641 1478 12155
1907 1912 2557 1856 2326  118    1    9   15   21  716 2158 2625 14314
1908 2096 2226 1434  870  151    1    4    3    9  502 2098 2923 12317
1909 2392 1740 2909  748  372    1    5    3   94  513  494 1702 10973
1910 2010 2015 3458   31    1    0    0    0    0  129  989 3184 11817
1911 2215 2889 1648  501   17    0    0    0    1   35 1718 1946 10970
1912 2187 2162 3985   17    3    0    0    0  480  334  982 1813 11963
1913 2466 1427 3325 1093  145    0    0    0  147  688 1883 2867 14041
1914 1372 1639 1965 2327   69    0    0    0    0  265 1605 2032 11274
1915 2466 1295 1775 1865    1   20    0    0  651  560 2274 2300 13207
1916 1599 1815 3167  529 1320    0    0    0   23  588 1886 2064 12991
1917 1711 1827 1898 2093  110  286    0    0    0  255 1448 2815 12443
1918 1253 1063  983  714   20    0   10    0   58  345 1456 2508  8410
1919  793 1578 1292 1265   40    0    0    0    1  773 1732 2314  9788
1920 1691 1971 1794  187  142    0    0    0    1  292 3038 3348 12464
1921 1895 1611 2348 1069  157    0    0    0  389  907 1261 2180 11817
1922 1990 2427 3324  804  140    0    0   39    0 1497 2268 2144 14633
1923 1824 1803 2344 4301  217    0    0    1   11  262 1633 2195 14591
1924 2172 1163 2466 1033    1    1    0    1    0  882 2075 2495 12289
1925 1882 1577 1670 1310  449    0    0    0  360  838 1960 2400 12446
1926 1946 1432 2869 1235   42    0    0    0    2  920 1442 2614 12502
1927 1578 1453 2860 1362  129    0    0  115    0  665  923 3883 12968
1928 1573 2420 1867  439   31    0    0    0  254  437 1220 2218 10459
1929 1811 2207 1890  722    0    0    0    1  127  666 1133 2338 10895
1930 2855 1613 2875 2316    1    0    0    0  117  974 1511 2676 14938
1931 3354 1867 2237 1323   50    0    0    0  334  171 1291 4086 14713
1932 1448 1959 1402 1654  406    0    0   20    2  372 1316 2589 11168
1933 2006 1578 2020 1287   10   10    0    0   23  462 1787 3187 12370
1934 2601 1231 2556 1587   12    1   10   19    0  970 2117 1575 12679
1935 2608 2459 1845 1206  410    0    0    0   12  274 1810 2755 13379
1936 2557 1771 3037  718   25   14   11   11   10  418 1355 2170 12097
1937 2306 2717 1896 2245   32    0    0    0  118  736 2966 1729 14745
1938  868 1324 2164  863   78    0    0    0    0  672 1636 2429 10034
1939 2256 1097 1495 1102  652    0    0   19  305  663 2055 1886 11530
1940 2679 2763 2273 1251   49    0    0    0   97 1199  925 2146 13382
1941 1598 2377 1783  569  175    0    0    1    1  772 1659 2832 11767
1942 3039 2562 1991  909   12    0    0   20   20  977 1514 2082 13126
1943 2753 1480 2486 1639  823    0    0    0   20    0 2180 2027 13408
1944 2216 2498 3456 1274   46   20    0    0  136  615 2857 2457 15575
1945 1967 1217 1535 1125  138    0    0    0    0  573  965 3407 10927
1946 1736 2457 1150  810  158    0    0    0   91  265 1544 2166 10377
1947 2108 2162 1843 1085   13    0  200    0   53 1078 1247 2152 11941
1948 1924 2222 2238  838  692    0    0   49   11 1493 1076 1842 12385
1949 1061 1868 2690 1194   36    0    0    0    0   28 1113 2706 10696
1950 2841 1335 3022 1286    1    0    0    0    3 1346 2060 2076 13970
1951 2660 2226 1970 1315  540    0    0    1  244 1271 3006 3702 16935
1952 4084 3783 2067 2264  159    0    0    0    1  522 2772 2035 17687
1953 1962 1436 2709 2575   98    0    0    0   10  400 1214 2709 13113
1954 1421 2476 1847  571    2    0    0    0   39  890 1593 3188 12027
1955 2528 1065 1499 1483   32   19    0    0   11  586 2051 2719 11993
1956 3172 1987 3607 2337  233    0    0    0  302  178 1696 2113 15625
1957 1858 2282 2607 1994  606    0    0    0   79 1441 1025 3237 15129
1958 1939 1430 3157  996   19    0    0    0  171  268 1012 1347 10339
1959 1422 2121 1951  514   38    0    0    0   73 1085 1666 2143 11013
1960 1799 2093 2917 1215   28    9    0    0  132  629 1642 1131 11595
1961 3176 2760 2009 1139   51    9    0    0    1 1042 2629 3330 16146
1962 2761 2021 4216 1277    0    0    0  133    5  463 2928 1798 15602
1963 2196 1364 2920 1759    0    0    0    0  703 1654 2973 3037 16606
1964 1938 1946 2173   76   57    9    0   11   67  425 1921 2628 11251
1965 2029 1525 2961 1038    1    0    0    0   72  221 1682 2389 11918
1966 2749 1233 3311  722  241  114    0    0  609  570 1250 2218 13017
1967 1555 1898 3023 1693  152   10    0   10  419  583 3039 4262 16644
1968 2211 2394 2241  713  126   10    1    0   44  933 1079 2909 12661
1969 2513 2676 1992 2104  588    0    0    0    3 1331 2379 2088 15674
1970 2364 2176 1988  641    2    0   66    0   38 1003 2288 2971 13537
1971 2651  895 2577 2278    0    2    0    0  345  421 2453 2763 14385
1972 1379 1571 2345 1504  182    0    0    1  496  952 1595 4259 14284
1973 1945 1471 2812  959    0    0    0    0    5  442 1595 2078 11307
1974 2059 1399 3039 1554 1847    0    0  380    0 1048 2480 2456 16262
1975 1542 1637 2055 1356  513    0    0    0    3 1201 1221 2330 11858
1976 1991 2261 3541 1561  118    0    0    2  156 1137 2166 1366 14299
1977 2385 1609 1793 1450  168    0    0    0  327  774 1895 2953 13354
1978 2582 2191 2601 1315   25    0    0    0    0 1628 2269 3474 16085
1979 1741 2760 3468 1490  200    0  163    0    0  894 2025 3003 15744
1980 1761 1634 3189 1681    3    0    0    0  493  830 2213 2336 14140
1981 2013 2053 2781  643   37    0    0    1   65  727  569 3415 12304
1982 2482  839 1901 1437  233    4    0    0   11 1029 2676 3350 13962
1983 2233 1794 1982 1337   82    0    4    0  101  913  905 1696 11047
1984 2134 1590 2227  440   80    0    0    0    0  649 3140 2340 12600
1985 2444 1962 2049 1050  298    0    0    0   77  346 1901 2581 12708
1986 1769 1783 2769 1160   51    0    0    5  196 1856 1372 2899 13860
1987  670 2113 2950  235    9    0    0    1  178  885 1322 1640 10003
1988 2908 3053 2354  455    0    0    0   17  193 1072 2176 1869 14097
1989 1711 1820 1628 1858   27    0    0    0    0 1222 1949 2571 12786
1990 1945 2702 2156 1736  209    0    0    0    4  682  953 2114 12501
1991 2464 1575 3552 1380  324    0    0    0    3 1220 1082 2075 13675
1992 1409 1150 2372 1700 1069    0    0    0    0 1258 1984 1394 12336
1993 2200 1308 2221 1396  150    0    0   37  108  623 1972 1197 11212
1994 1982 1984 2836  697   15    0    0    0    7 1228  853 1758 11360
1995 2665 2297 1859  698    0    0    0   23   90 1262  935 1493 11322
1996 2413 1971 3545 1849  138    0    0    0   75  401 1115 3098 14605
1997 1775 1435 3339 1080    1    0    0    0  180  766 1754 3970 14300
1998 2557 1704 1333 1695    0    0    0    0  260  -10  -10  -10   -10