1900  -10  -10  -10  -10  -10  -10  -10  -10  -10  -10  -10  -10   -10
1901  -10  -10  -10  -10  -10  -10  -10  -10  -10  -10  -10  -10   -10
1902 3954 2333 1940 2167 1694  979 3054 1004 1016 1390 1544 1753 22828
1903 1169  705  561  520  979 1490 1312  400 1007 1543 2211 7495 19392
1904 3880 3310  510 2250 1980 2080  250 2830 1230 2130 3450 2910 26810
1905 1280  260  460  580 1890 1910 1950 2290 2450 1290 1640 2090 18090
1906 1230  730 1340  130 1480 2100 1120 1280 1906 2071 2797 1960 18144
1907 3410 3100 1470  740  600  910 2170 1050  740 2050 3390 5080 24710
1908 2110 2990 2090  920 1190 3180 1640  950 2550 1180 3930 3710 26440
1909 1890 1650 1330  700 1070 2410 3360 1660 1470 1670 3700 4220 25130
1910 3544 4202 2102 1749 1295 1553  997  915 1960 2268 4514 4091 29190
1911  840 3200 1390 1860 1080 1840 3210  390 1380 1840 1570 1410 20010
1912 1020 1420  440 1210  170  550 2230 1830 1680 3120 2620 2260 18550
1913 3350 3170  580 2110 3440 1550 3560 1590 1230 2530 2480 3390 28980
1914 2030  120 1110 1470 1310 2870 1061  250 1460 2120 1370 1780 16951
1915 3060  140 1080  580 1270 1750 1270  770 1240 2390 1920 5530 21000
1916 8360 2410 2210 1280 3400 1730 1230  760 1320 1840 2870 5190 32600
1917 3680 3520 1570  960 1860 1480 1110 1160 1750 2320 3270 2160 24840
191813850 4530 5620 1350 1040 2520  480 1150 1050 1030 2830 2600 38050
1919 1230  660  740  680  930 2510 1810  520 1370 1590 3460 4300 19800
1920 4230 2020 1160 1000  530 1360  570  420 1730 2280 4200 2000 21500
1921 3620 2790 3600 1490 1450 2810 1500 2010 2110 2590 5590 4480 34040
1922 4070 1910 1670 1380 1700 2090 2480 1520 1800 2060 1950 3880 26510
1923 4000 1210 2230 2970 2060 4930 2140 1470  900 2580 2880  530 27900
1924 2700 3230 2250  260 2330 2380  220 1990 1800 3420 4510 8650 33740
1925 1850 5520 2920 2950 4480 1130 1747 1070 1440 1760 2090 3550 30507
1926 1300 2050 1300  240 2000 1270 1790 1480 1990 3880 4540 6200 28040
1927 4320 1530 1560  610  820  630  770  720 1200 2990 1940 3830 20920
1928 2470 4980  550 2470 1410 1380 2210 1450 1120 2040 3910 4110 28100
1929 4750 1690 4090 3220 2200 1180 1470 1540  770 1980 2470 2540 27900
1930 2900  470  640 2100 1620 1310  740  940 1130  660 2520 5370 20400
1931 2120  340  970  370  290  630 1860 1000 1623 2930 3190 3520 18843
1932 2910 1550 1900  460 3830  690 1440 1160 1140 2750 3770 4190 25790
1933 3750 2030  300  690  810 1440  660  550 1900 1800 2300 2800 19030
1934 4830 5030 4200 1410 1380 2360 1880 2830 2330 2080 4550 3690 36570
1935  882 2130  810 1700  610  540 3820  250 1580 2380 2680 2270 19652
1936 4290  600 1600 2120 2710 2750 1750 2420 1730 1878 1526 3660 27034
1937 2070  930 2130  480 1470  900 1220 2290 1460 2250 2590 2790 20580
1938 1590 2420 1940 3160 1410 1510 1200  720 1480 2550 3330 3500 24810
1939 7840 4170 2950  770 1780 1960 1500  720 1390 1150 2970 5230 32430
1940 1935 1484  713  941 1180 2230 1460 2730 1404 1697 1234 2087 19095
1941  -10  -10  -10  -10  -10  -10  -10  -10  -10  -10  -10  -10   -10
1942  -10  -10  -10  -10  -10  -10  -10  -10  -10  -10  -10  -10   -10
1943  -10  -10  -10  -10  -10  -10  -10  -10  -10  -10  -10  -10   -10
1944  -10  -10  -10  -10  -10  -10  -10  -10  -10  -10  -10  -10   -10
1945  -10  -10  -10  -10  -10  -10  -10  -10  -10  -10  -10  -10   -10
1946  -10  -10  -10  -10  -10  -10  -10  -10  -10  -10  -10  -10   -10
1947 3797 2457 3772 2672 1973 1206 1232 1289  967 2162 2598 4845 28970
1948 1241 2360  972 1607  944  681 1609 1507 1392 1016 3517 2088 18934
1949 2341  746 1312  854 1501 1156 1366  729 1301 2665 3126 5641 22738
1950 3906 2598 3837 1943 1423 1613 1283  872 1888 1653 1958 2622 25596
1951 1270 2020  870  760 2790  660 1410  820 1460 1260 3290 2960 19570
1952 2040  970 1360 1380 1110 2040 1140 1680 1470 4720 1480 3990 23380
1953 4040 2330 1020 1210  520 1950  800  730 1420 2060 2100 2680 20860
1954 1690  930 3490  390 2400 1070 2280 1320 1090 1160 1500 4300 21620
1955 6010  870 1070 1180 1420 2660 1990  840 1010 1400 2290 2950 23690
1956 3440 2140 2040 3560 2230 2410 1190 2220 1790  900 2210 4710 28840
1957 2100 3330  620 1830  770 1590 1370 1340 1090 2060 1330  690 18120
1958 1780 2200  810 1510  900 1250 1120 1930  820 2790 2560 2930 20600
1959 1460 1740 1580  610 4340  830 1530  840  940 1250 3300 2630 21050
1960 1360 1520 1090 1460 1580 1500 1990  800 1270 1970 3580 2380 20500
1961 1356 2242 1097 1094 1760  825 1940 1137  645 2032 2898 1391 18417
1962 2116 2377 2014  836 2057  493 1321 2276 2477  490 1963 1892 20312
1963 2418 1255 1080  838  615 1704 1199 3030 1501  861 2769 1852 19122
1964 1729 3774  772 1905  680 1347  954  503 1493 1948 3493 1514 20112
1965 2243 2649 2352 1947 1163 1743 1604  875 1737  938  940 5433 23624
1966  994 1273  983  336 2979 1003 2427 1319  650 1507 1754 4070 19295
1967 8625 3402 1363  489  719  512 1163 1484  758 1378 2251 2040 24184
1968 1976 1642  800  295  406 1027  598  725 2307 1368 3439 2857 17440
1969  584  359  130  831  563 1620 2469  974  961  957 1558 3761 14767
1970 2048 3212 1676  649  885 1257 1724  922 2257 3445 3904 2549 24528
1971 3260 1950 2610 2020 1810 3210 1860  980 1380 2880 1850 2260 26070
1972 5870  500 2520  950 1710 1430  730 2120 1770 1280 2860 2350 24090
1973  460  700  960  810 1120  560 2420 1910 1460 1932 6722 4221 23275
1974  260 2380  780  930 2780 2100 1170  280  500 2340 1900 4120 19540
1975 2720 2190 1670 3270 1150 1640 1640 1310 1520  920 1500 6080 25610
1976 3660 2260 2240 1000 1360 1640 1833 1250 1080 2760 1880 3650 24613
1977 1410 4810 1010  740 1340  -10  -10  -10  -10  -10  -10  -10   -10
1978 2040 2360 1870 3210 1140 1140  630  120  370   80 1990 6000 20950
1979 1070 1127   40 1330 1342 3090 2130  610 1820  280 2020 2880 17739
1980 4080 2610  750 1540  660 2115 1220 1997  460 1440 4810 2570 24252
1981 3320  810  430  901 1380 1710 2170  540  470 2990 3480 3120 21321
1982 1710 3120 3510  100 1020 2210 1350 1930 1250 1500 1040 1900 20640
1983  840  260  600  200  240  990 4750 1290 1940 2210 3190 2951 19461
1984 4930 4650 1950  720 1690 1610  680  890 1740 1400 4590 5090 29940
1985 5370 1850  730 1170 2760  820 2250  710 2170 2548 2310 1870 24558
1986 3133 1310 2790 2940  860 1850 1060 1630 1780 4380 3610 1020 26363
1987 2070 1690  700  300  240 1720 2020 2840  640 2020 5820 2360 22420
1988 1140  950  890 1130 1050 1950 1280 1500 3220 4660 3220 5640 26630
1989 5980 3300 3100  690 3340 1980 1020 1060 1060 2900 1920 1250 27600
1990  380  540  280  350 2603 1910 1690  570 2400 3480 3300 1110 18613
1991 2840 3360 4050 1300 1440  -10 2620 1370  380 1240 4400 1060   -10
1992  -10  540  670  230  270 1420 2550 1240 1020 1570 1420  -10   -10
1993 1512 2290 1210  790  550  -10 1660 2750 1200  940 4450 6290   -10
1994 2840  690 1592 2050 1760 1530 1250 1240 1720  820 1630 5090 22212
1995 1920 1050 1350 1150  870 1470 1918 2500  -10 1860 2970  -10   -10
1996  -10  -10  -10  -10  -10  -10  -10  -10  -10 2020  -10  -10   -10
1997  -10  -10 1920  370  940  -10 2940  -10  -10  -10  -10 1710   -10
1998  520  -10  -10  -10 1685  779 1149 1460 1251 3240 2880 4330   -10