1900  -10  -10  -10  -10  -10  -10  -10  -10  -10  -10  -10  -10   -10
1901  -10  -10  -10  -10  -10  -10  -10  -10  -10  -10  -10  -10   -10
1902  -10  -10  -10  -10  -10  -10  -10  -10  -10  -10  -10  -10   -10
1903  -10  -10  -10  -10  -10  -10  -10  -10  -10  -10  -10  -10   -10
1904  -10  -10  -10  -10  -10  -10  -10  -10  -10  -10  -10  -10   -10
1905  -10  -10  -10  -10  -10  -10  -10  -10  -10  -10  -10  -10   -10
1906  -10  -10  -10  -10  -10  -10  -10  -10  -10  -10  -10  -10   -10
1907  -10  -10  -10  -10  -10  -10  -10  -10  -10  -10  -10  -10   -10
1908  -10  -10  -10  -10  -10  -10  -10  -10  -10  -10  -10  -10   -10
1909 2394 3455 2620  781 1307  510  597  579 1829  297  331  831 15531
1910 3773 3205 4187 1762  673 2237  716  200  217  442 2540 1491 21443
1911 1066 1961 1579  782  627  486 1180  989  194  326   40 1474 10704
1912 2726  852 2593 1455 1822  135  490  743  189  213  984  950 13152
1913 3112  377 1224 1173  149 1032  972  428  975  365   82  134 10023
1914 2656 2734 1098  112  522   87  967  172   84   80  153  908  9573
1915  974 1099  465  279  190 2039  646  258  772 1332  986 2548 11588
1916 1538 1453 1056  426 1034  494  579  406 1746 2126 2184 1332 14374
1917 1448 3251 3946 1741 1810 1269 1655 1541  678 1807  305 1652 21103
1918 2183  770 2620  789  892  106  220   47  779  -10  -10  -10   -10
1919 1437  580 1191  965  814  223 1953  227  639  600  273  329  9231
1920  986 4306 1113  704  362  371  551  204  271  291 1425 1924 12508
1921 1388  431  640  267  742  218  381  273  171  206   18  460  5195
1922 2301 2421  578  124 1867  741  700 1294  979  147   70 1121 12343
1923 4620  960  214 1726  642  483  831  780  442   18  237  389 11342
1924  800 1066  727 1038 1409 1532  511  390  287  870  686 1325 10641
1925 2014 1315 1747 2225 1776  708 1144  205  945  264  195 1163 13701
1926 2585  766  343 2810  650 2023 1296  109  476  844  101  984 12987
1927 1308  465 2176 1617 1310  317  522  902  430  189   72 1166 10474
1928 1038 2136 2074 2421  664 1079 2047  213  736  314  328 1895 14945
1929 2325 2282 1211 1104   37 2622  943  201  374   11   49  710 11869
1930 2369 2378 4447  416  153  596  332  527  225   85   30  579 12137
1931 1058 2359  974  608  466  835 1021  925    8  159  488 2397 11298
1932  820 1871 1505 1394  307 1480  455  367  928  920  192 1352 11591
1933 1618 2146 1952  500 1770  771  946  598  778 1190 1289 2685 16243
1934 1994  449 2638  505  737  699  114 1002  493  556  622 1586 11395
1935  907 1590 4413 2304  578  294 1843  172  136  122   22  820 13201
1936 1773 1317 1508  564  342  436  183  547  278  740  225  710  8623
1937 1622 2104 1991  768  603  899  447 1130  107  242 1981 1447 13341
1938 2250 2572 2861 2277  947 1756  700 1287  250  432  566 1731 17629
1939  223 4070 1144  494  674  634  478  947  212  150  113   44  9183
1940 2022 3090 2710   92  231  374 1051  461   77  476   62 1011 11657
1941  760 2289  719  511  851  524  254  146  163  109  250  577  7153
1942  221  595 2176  763  439  351  158  565  122  642  270  857  7159
1943 1701 1499 2779 1360  235  830  765  210  808  624  465 2742 14018
1944 1721 2259  300  127  336  421  812  974  352  199  143  585  8229
1945 1861  674 1840 2329  769  499  546  152 1174  167 3195  444 13650
1946 1389 1448 4831 3539  185 1419  368  507  175  307  149  623 14940
1947 2072  704  351 2903  453  339  413  158  269 1751 1401  805 11619
1948 5529  385 4435 1036  204 1342  185 1294  761  167  349 1128 16815
1949 1255  970 5027 2313 1208  901  300  309  169  109  207  687 13455
1950 1931 1208 1736 1016 1970 1199  787  784 1208  628  720 2971 16158
1951 1313 3688 2106  334  244 1886  461  688  809  547  276 2439 14791
1952  781 1657 1301 1119  553  720 1544 1105  218 1179  982 1174 12333
1953  616 1368  331 1449 1237  306  462  556  511   89  400 1277  8602
1954 1882 3192 1041  416 1598  925  329   94  586  460 2026 2123 14672
1955  672 1519 2780 1004 1098  230  364  507  755  424  762 3631 13746
1956 3641 2704 2211 2719 1712  427  471  919 2828  462  596 2224 20914
1957 2311 1503  613  337  159  266  131  952   65    7  274 1521  8139
1958 3431  710  805  731  116  868  545  137 1359  289  811  306 10108
1959 2803  762 2034  295  907  257 1069  119  541  219  437 2079 11522
1960  422  804 2144 1123 3992  539  801  455  411  269  359  220 11539
1961 2280 1258 1120  482  638  611 1035 1810  153  958  746 1619 12710
1962 2520 1163  799 2102 1267  995 1442  896  245  346 1480 1697 14952
1963 1833 2725  524 1212  983 1252  955  563  248  202  103  931 11531
1964 2234 1480 2787 1278  308 1847   26  829   27  714 1092  447 13069
1965 1585 3967 1597  152   71 1010  559  597  477   50  167 1518 11750
1966  546 2198  997  121  357 1178  654   61   84  914 1334  817  9261
1967 3583 3273 3286 1464  841 1145 2213  606 1814  831 1238  983 21277
1968 3293  406 1050 1304  533  813  101  454    8   37  412 1075  9486
1969  501 2121 1401  142  429  496  147  720  426   65  898  618  7964
1970 2226  472 1280  639  280 1589  872  544  185  771 1340  144 10342
1971 3353 1883 2186 1434 1617 1345  755   33  636  184  791  297 14514
1972 2771 3217 2648  406  321 1368   51   80   50   80  519  208 11719
1973 1011  988 1095  136  409  121 1691  554  366  330  672  976  8349
1974 2828 3908 1942  423  475 1051  762  114  335 1635 1443  107 15023
1975 1152 1549 3054 2439  901 1480  224  562  283  229  585 1962 14420
1976 5797 1567 2929 1709  410  595  618  291 1706 1813  777 1036 19248
1977  971  860  420  132  245  507  355  840  602   80  988 1090  7090
1978  914 1143  641 1008  644  806 1152  649  110  214  648 1286  9215
1979 1393  875 2616  599  519  803  426   23   36  117  608  518  8533
1980 1333 3297  745 1068  623  171  738  115  739  205  176  683  9893
1981  915 1598 3232  415  595  450  184  247  121  233  797 4179 12966
1982 1706 2634 2036  869  325  674  460  153   29  157  629 1140 10812
1983 1363  895  866  742   87  627  367  366  501  713  711  489  7727
1984  966 1582  123  639 1312 1259  227  354  333 1304 1285  562  9946
1985  896 1494 2106 1356  730  760  837  479 1470  338  459  725 11650
1986 1832 1132 2702  201 1697  866  215  322   83   24 1173  -10   -10
1987  289  855  713  315  363  438  496  601  180 1110 1224  834  7418
1988 2698 1628 1074  699 1576 1031  710  286  830   53 2185 1425 14195
1989 5954 2061 1917 1319  607 1165  782  979  614   96  225 1997 17716
1990 5181 2316 2064  266  106  767  397  773  286  350 1563 2319 16388
1991  693 1660 3190  689  491 1648  279  121  212  196   92  788 10059
1992 1440 3170 3922 1331  164 2307   98  351  434  117  133  310 13777
1993  432  827 1845  -10  -10  133  193   96  105   66  530  -10   -10
1994 2374 1601  563  528   51  661  310  478   24    0  132  411  7133
1995 1213  384 3177 2294  -10  253  -10  -10  129  -10  126  -10   -10
1996 3036  766 4260  742  714  692 1195  817 1032  184  774  -10   -10
1997 2228 1110  774  282 1089 1095 2397  187   43  180  159 1359 10903
1998  493 1018 1336 1788 1123  508  288  434  536  146 1172 1449 10291