1900 1750  175  586  655  131    3  125    3    0   69  125 2180  5802
1901  550 1048 1014  377   12    0    0    3   17  148  429 2212  5810
1902 1257 1067 1020  211    3    1    0    1   98   23  456 1273  5410
1903  288 1509  480   48    1    0    0    3   62   56  240 2168  4855
1904 3123 1341  397  145   19    0  918    1   27   27  108   86  6192
1905 1574  868  514   28    7    0    1    2   13  282  311  462  4062
1906 2905 1115  580  176    2    0    0    0   30   23  335 1038  6204
1907 1964 1157 1004  776   27   58    1    0  240  257   77 1709  7270
1908  515  932  182   13    2    0    1    0    7   11  460 2711  4834
1909 3808 2197 1876  424   70   12   60    2    1  143  424 1441 10458
1910 1407 1421  741  526    0    4    0    0    2   93  228  172  4594
1911  264  876  923   34   10    0   18    8   27   77  451  701  3389
1912 2815 1659  503  181    3   50    0    1    5   73  224  848  6362
1913  546  883  737  825   39    3    0    0   33   82 1024  672  4844
1914 2354 1156  890  307   89    1    0   23    1  229  421  812  6283
1915 1506 2826  198  150    6    7    0    0   83   20  232 1320  6348
1916  627  419 1052  119    5    0    0    0    0  329 1061 2572  6184
1917 2307 2839 1182  463   72    1    0    9    7   21  340  832  8073
1918 1221 1279 2138   41   21    1    1    5    9  483  232 1528  6959
1919  712  911  706  174    1    0    0   17   87  505  612  451  4176
1920  815 1327  328  431   34    0    0   33    5   51  819  730  4573
1921  791 2485 1667  182  200    3    0    0    0  124  787  477  6716
1922  444  674  511   21    8    0    0    0    0  407  421  337  2823
1923 1290 1585 1533  460   35    0    0    0    1  219  345  630  6098
1924  606  682 1153    8    0    0    0    0    4  363  437  619  3872
1925 1352 1921 1549 1295  118    0    2    0    3    9  268  455  6972
1926  480  503  739  678  171    7    0    0   20  164  506 1884  5152
1927  915  462  633  509    1    0    0    0    1  178  687  391  3777
1928  781  608 1232  392   16    0    0    0   50   22  360  162  3623
1929  627  792  509   16    0    0    0    1   13  202  424  398  2982
1930  486  523  416  519    0    0    0    0    0   33  218  554  2749
1931  800  860 1302  418    1    0    0    0    0  181  419  581  4562
1932  190  464  808  130   26    0    0    0    1  161  120  313  2213
1933  193  201  155    9    0    0    0    0    0    8  443 1494  2503
1934 2715 1824 1519  833    2    0    0    3    1  113  606 1515  9131
1935 1113  589  564  149   26    0    0    0    9   29  368  745  3592
1936  808  924 1782  120  125    0    0    1    9   70  294  879  5012
1937 1710 1943  696  676    6    0    0    1    0  148  577 1273  7030
1938 2013 1384  310  418   59    4    0    1    4  329 1667  630  6819
1939  804  767 1295  163   19    4   15   11   19  319  385  804  4605
1940 1486 1192 1253  420    3    6    0    1   36  176  719  978  6270
1941  790  580  202  276    0    0    0    0    0  297   71  388  2604
1942  707 1592 1220  389    3    0    0    0    1  329  384 1591  6216
1943  796  747  545  491    2    0    2    1    0   10  498 1226  4318
1944 2724 2012  895   24    0    0    0    0    6   60  435  803  6959
1945  749 1257 1287   33    2    0    0    0    0   21  986 1532  5867
1946  327  348  348  187    0    0    0    0    7  121  333  853  2524
1947 1199 1526 1123  303    0    2    0    0   17  133  329 1287  5919
1948  755 2060  438  291   16    0    1    0    0  146  767  149  4623
1949  853  468 1435  270    0    0    4    0    2    3  263  389  3687
1950 1726 2073 1608  602   77    0    0    2    3    6  530 2021  8648
1951  816 1425  841  929  403    0    0    0    3  500  389 1150  6456
1952  582 1408   57   24    0    1    0    0    9  267  573  581  3502
1953 1247 1483  416  630   45    0    0    0    2  225  373 1168  5589
1954 1342 1512 2018  613    2    0    0    0   21   77  300 1134  7019
1955 1262  477 1228  339    1    0    0    0    0  262  298  681  4548
1956 1714 1845 1397  512   11    0    0    0  102   33  327  370  6311
1957  963 1829 1205   92   19    0    1    0    4  294  962 1078  6447
1958 1968  935  865   72   19    0    0    0   50  144  628  824  5505
1959  767 1097  775  346   37    0    0    0   15   59  240  645  3981
1960  477 1995  178  457   55    0    0    0   16   88  601  336  4203
1961  582  700  871  625   93   16    1    0    1   71  708  504  4172
1962  923  961  312  173    0    0    0  120    0  166  452  504  3611
1963 1536  825 1834  633    0    0    0    0   30  109 1733  659  7359
1964  731  566  554   65   55    0    0    0    0  132  249  644  2996
1965  796  896  592  482    0   39    0    0   60   36  915  426  4242
1966 2274  471 1089  139    1    0    0    0  160  115   89  849  5187
1967 1527 1552  914  612    5    0    0    5    4  167 1613  818  7217
1968 1600  639 1725  235  131    0    0    0    2   43  848  483  5706
1969 1380 1851  882  124    0    0    0    3   24  124  743  397  5528
1970 1090 1087  499   43    0    0    0    0    0   67  328  977  4091
1971 1878 2297  540  227   23   15    0    0    0   72  215  624  5891
1972 1335  355 1821  209    3    0    0    0    0  255   86  408  4472
1973  434  591 1304  390    2    0    0    0    0  388  298  703  4110
1974 3203 1806 1005 1102    0   15    0    6   18  241  509  715  8620
1975 1056  921 1332  341   43    0    0    0    0   58  379  472  4602
1976 2549 1513 1473  239    1    1    0    0   73  205  378  477  6909
1977 1155 1706  817  673   75    0    0    4   21  195  246 1389  6281
1978 1599 2146 1008  269    0    1    0   10    0  134  493  818  6478
1979 1551 2068  180   57   51    7    2   19   18  198  768  324  5243
1980  433 1193 1424  154    0    0    6   37   60   10  275  703  4295
1981 1072 1220  691  105    1    2    0    1    2   52  374  460  3980
1982  591 1484 1027  270    0    0    7    0   27   47  522  904  4879
1983 1191  392  160  194   59   89    0    0    0   90  641 1168  3984
1984  617  867 1045  598   26   15    0    1    1  189  538  333  4230
1985 1157 1203  835  120   36    0    0    0    0  164  386  664  4565
1986  983 1226 1171  123    5    2    0    1   68  399  454  379  4811
1987  379 1245  553  232    2    0    0    0    5  222  373  578  3589
1988 1516  662  479  393    2    0    0    3    6   94  443 1173  4771
1989 1485 1565  437  482    8    0    0    0    0   40  152  160  4329
1990 1529  635 1239  438    1    0    0    2    0  117  288  591  4840
1991 1469 1027  626   34    1    0    0    0   81  278  436  965  4917
1992  437  366  728   67    2    1    0    1   34   44  196  349  2225
1993  962 1362  634  424    6    0    1   11    3  425  542  997  5367
1994 2384  982  433   93    1    2    0    1    0   30  361  260  4547
1995  331 1461  597   94   44    1    0   13   79  221  258  360  3459
1996 1302  687  205   99    6    0    1    1    8   22  460  831  3622
1997 3237  708 1327   69   49    0    0    2  103  275   85 1217  7072
1998  -10  -10  -10  -10  -10  -10  -10  -10  -10  -10  -10  -10   -10