1900  -10  -10  -10  -10  -10  -10  -10  -10  -10  -10  -10  -10   -10
1901  -10  -10  -10  -10  -10  -10  -10  -10  -10  -10  -10  -10   -10
1902  120 5410 3040 5740 1740  460 2330 1180  470 1740 2920 1900 27050
1903 2440 1010 1360 1180 1380 2030 1350   40  880 2110 2310 3700 19790
1904 6890 4480 2340 4000 1180  720  890 2009 1298 3200 3930 2900 33837
1905 1050 1010  820 1310 1770    0 1670 1760 2170 1130 3800 4840 21330
1906 2950 2140    0  500  410  580 1030  760 2320 2930 3670 7470 24760
1907 4140 6720 6010 1660    0 2100 1560 1620 1140    0 1320 7000 33270
1908 3330 8310 4460 2730  680 2290 1460  930 2910 2870 4460 2740 37170
1909 3520 3720 1480 1310  830 2100 1160  780 1880 1510 4650 9500 32440
1910 6160 5930 2460 3830  380 2250 1430  590 2320 2170 6940 6520 40980
1911 2490 3700 4300 1280 1050 1590 2170 1420 2210 2560 1760 3910 28440
1912 2330 1980 1330 1210  180  210 1450  790 1380 4020 6750 2720 24350
1913 3620 3630 1610 4520 1450 1320 1850  740 1280 2000 2830 2740 27590
1914    0  830 2410 2280 2580 2300  970  980  800 2510 2900 4500 23060
1915 3910  290  870 1740  450 2060  440  810  760 2170 1830 3340 18670
191610640 2700 5890 2470 3750  850 1430  760 1190 1920 4010 6170 41780
1917 7390 3840 2410  790  450  830 1200 1160  640 1470 3400 3310 26890
191811840 4160 6800 2160 2250 1820  380 1310  780 3340 4620 6870 46330
1919 2910 1990 1130 1750  880 1230 2760  830 3990 5390 4860 8140 35860
1920 8050 4850 3450 3400  130  780  650 1000 2670 1730 8280 4400 39390
1921 3890 5410 7010 2670 1920 1230 2120 1510 2010 2460 3700 7170 41100
192210250 3630 3350 1930 2760 1250 3490 1050 1560 1800 3700 6550 41320
192310260 1480 6060 3320 2410 1620 1290 1710  970 2930 1180 3420 36650
1924 4240 4200 2880  930 2970 2060 1620 1360 1430 2580 407014800 43140
1925 4590 4980 6860 4810 1720 2200 1370  450 1280 3560 4240 6370 42430
1926 7060 3490 2540  420 1820  850 3480 2840 1980 5250 761013110 50450
1927 7080 3700 2850 1970  880 1290 1310 2140  170 2670 3330 7700 35090
1928 803010230 5590 3910  990  890 1670 1010 1510 2610 3690 7140 47270
1929 7120 3790 6880 6070 3650  910 2000 2600  300 2370 4760 6960 47410
1930 4210 1980 1920 2570 2220 2340 1450 2490 1850  590 4980 7340 33940
1931 5270 1260 2180 1760  780  360 1930  370 1520 2430 3080 6020 26960
1932 9040 2720 4270 2620 2060  620 2820 1190 3010 1800 5230 7110 42490
1933 6990 3880 3450 1260 1190  810 1850  440 2160 6560 4660 2960 36210
1934 609012330 7560 3230  910    0 3580 1330 3010 4220 7790 8760 58810
1935    0 2590 3800 2310  330  830 3450  190 3390 3080 4770 5180 29920
1936 4070  800 4190 3460 3340 1150 1420 2237 1362 2506 2163 7280 33978
1937 4740 2250 2130 1560 1860  830 2090 3600 1390 4310 3490 3080 31330
1938 4320 4420 3140 4840 1680 1410 1260 1330 1780 6300 3270 5970 39720
193912920 7990 5000 3110 3070  460  950  690 1610 2010 4590 7670 50070
1940 5210 2220 2480 1170 1500  840 2980 2655 1588 2421 1794 3898 28756
1941  -10  -10  -10  -10  -10  -10  -10  -10  -10  -10  -10  -10   -10
1942  -10  -10  -10  -10  -10  -10  -10  -10  -10  -10  -10  -10   -10
1943  -10  -10  -10  -10  -10  -10  -10  -10  -10  -10  -10  -10   -10
1944  -10  -10  -10  -10  -10  -10  -10  -10  -10  -10  -10  -10   -10
1945  -10  -10  -10  -10  -10  -10  -10  -10  -10  -10  -10  -10   -10
1946  -10  -10  -10  -10  -10  -10  -10  -10  -10  -10  -10  -10   -10
194710014 6511 9722 1833 2183 1057 1152 1284  991 3296 3433 7181 48657
1948 3285 4951 2137 1544 1027  569 1612 1750 1407 1416 5819 3095 28612
1949 6147 2026 1951 2142 2188  981 1627  854 1346 3899 432610653 38140
1950 8234 2705 7751 2634 1690 1460 1264 1036 2199 1995 3173 4002 38143
1951 5220 4690 3590 2140 2610  820 1190  580 1650 2840 3130 8100 36560
1952 2150 7960 1790 3520  420 1840 5390 1680 3670 4570 2840 8190 44020
195310630 5490 2970 2060  590 1930 1700 1700 1320 1250 4530 5960 40130
1954 3130 1260 6250 1910 3900  880 1070 2040 2050 2870 3430 9130 37920
1955 8080 1720 3050 1690 1590 2110  570 1880 1540 2520 5680 6610 37040
1956 7910 3640 5370 3750 3980 1410 2040 2690 1030 2290 430013040 51450
1957 3680 5170 3740 2850  950 1300 2460  820  770 1780 1770 3450 28740
1958 3690 3210 1590 1620 1080 1150 2490 1210  930 2190 5220 5320 29700
1959 5000 2040 8720 1290 4450  830 1450 2090 1180 5420 4350 4450 41270
1960 5550 4640 2000 4970  740  760  590 1660 3820 2550 5410 5970 38660
1961 6381 3515 1328 3480 1633 1615 1458 1687 1125 1450 5898 5890 35460
1962 5748 7772 5362 1174 5009  607 1819 2489 2512 2464 4407 5834 45197
1963 1852 8801 6769 1407  708 1191 1539 2796  591 2380 4544 1988 34566
1964 4949 7576 3087 3816 2597 1666 1559 1040 2359 2490 7203 3023 41365
1965 8319 7457 3389 2724  791 1229 1636 1128 1712 3715 3577 6034 41711
1966 3221 2093 2114 2074 1540  410 3018  592 1351 2087 4931 7851 31282
1967 6691 8938 4005 1623 1155  532 1147 1518 1183 4357 3367 3293 37809
1968 6111 2347 3949 1531  706  716  203  899 2480 2019 2502 5326 28789
1969 1657 1493 1660 4382 1357 1293 3115  809 1573  924 3879 6174 28316
1970 4564 6068 3142 1413 1810 4490 1076 1808 1293 3353 4411 5822 39250
1971 9540 5690 5990 2660 1400 2000 1940 1340 1340 6280 4670 4830 47680
197211420 3760 4960 2060  570 1680  780 2350 1070 1480 5350 1790 37270
1973  810 1510 2180 2510  860  800 2080 1020 2390 2641 9733 8336 34870
1974 538011060 3750 2700 2700  600 1790  690  120 2850 2880 7810 42330
1975 6620 3900 2540 4220 2020 1270 2230  740 1520 1440 4040 6950 37490
1976 9420 3980 3530 1330  460 1640 1280 3420  760 2440 2620 6880 37760
1977 4790 9770 5200 1360 1040  -10  -10  -10  -10  -10  -10  -10   -10
1978 7270 3160 2780 1750 2460  850  990   90  160  290 2340 5340 27480
1979 1886 1040 2970 3370  910 2163 2169  971 1755 2468 2434 7068 29204
1980 5665 6853 3418 2694  530 2020 1508 2533 1250 3095 5673 4476 39715
1981 6665 2408 2215 1761 1435 1389 1650  672 1222 3097 4971 5333 32818
1982 2327 4729 9852  885 2195 1377 1369 1809 1708 2020 1752 2718 32741
1983 2990  540 1301  326  623  841 3632 1490 2151 2684 5085 6796 28459
198410097 9240 4009 1934 1664 1933 1015 1536 1513 3427 5250 5628 47246
1985 7429 6270 2388 4162 2205 1224 2264  712 2316 3576 3251 3800 39597
198612050 2310 4990 5660 1440  810 1420  680 1470 3150 5046 2424 41450
1987 3120 4450 2520  460  403 1092 1500 2156  320 1989 5780 2760 26550
1988 3060 3600 2830 2100  970 1385 1830 2570 1370 2980 1370 6420 30485
1989 8140 3500 3310  370 2340 2470 1520 1670 1670 1950 3460 2150 32550
1990 2967 2200 1700 1181 2980 1970 1880  900 2393 3500 3450 2380 27501
1991 4110 1820 3100 1930 1200  -10 2550 1200  940 1859 1960 5080   -10
1992  -10 1200  940 1030  620  300 2289 1303 1050 3540  760  -10   -10
1993 3494 6290 2920 1560 1300  -10 1000 3470 1044 1530 4090 3970   -10
1994 4090 3970 4180 8080 1010 2070 2471 1550 1940 1770 6400 5200 42731
1995 4750 2387 2980 1490  910 1210 2010 1820  -10 3360 4371  -10   -10
1996  -10  910  -10  -10  -10  -10  -10  -10  -10 2160  -10  -10   -10
1997  -10  -10 4410  590 1749  -10 2080  -10  -10  -10  -10 4510   -10
1998 2010  -10  -10  -10 1170  780  -10 1330 1140 2660 3676 3880   -10