1900  598   80   76 1915 2091  741  366  992 2316  796 1219  114 11304
1901  452   76  770  902 2890 1332  815  713 1300 2625  445  179 12499
1902  206 2309  374 2227 4896  876   35 1022 1718 2280  474  420 16837
1903   78    0 1068 1690 1250 1006  725 1109 1565 1406 2096   97 12090
1904  442  424 3147 2546 1958  108  613  711 1886 2536  647  414 15432
1905  727  793  961  698 2333 1231  433 1688 2117 3094 1265    1 15341
1906  445 1351 1244 1535 2529  961  482 1945 2249 2871  603  620 16835
1907  135  859  749  928 2490  229  430 1080 1191 1379  817    5 10292
1908   82 2762 1607 1198 1685  453  639 1868 1148 1657  236  246 13581
1909  832  318 1430 2495 1129 1638  828 1270 3722 1038 2469  408 17577
1910  249   19 1980 2466 1597  689  550 1353 4556 1156  698  802 16115
1911   18  203 1366 1669 2588  787  741  671  984 3534 1204  232 13997
1912   15  305 1365 2677 2190  648  852 2133 2376 1612  290  368 14831
1913  204  175  675 2810 1852  945  712 1034 1821 1426 1658   94 13406
1914  767  182 1308 1309 1381 1847  832 2484 1192 1314 1894  600 15110
1915  394  239  155  714 2007 1131 1048 2715  600 1990  358   82 11433
1916  121  429 1278 1870 2427 3466  907  619 2160 3009 3081   10 19377
1917   16  402 1046 1884 2772 1393 1203 1601 2416 1828  517  372 15450
1918   53  309 1994 1329 3178 1280  113  773 2249 2803  697    0 14778
1919  245  619  553  996 1563  634  953  274 1331  658  583  182  8591
1920  134 1040 1001  703 1757  636  492  717 1304 1883 1259    6 10932
1921  491 1390 1751 1861 3357  860  280 1690 1910  860  679  428 15557
1922  439  859  815 1545  616 1930  544  626 2626 1490  551  161 12202
1923   28  776  286 2218  954  213  264  496 2178 1540 1711    0 10664
1924  374  185  546 2551 1436 1547 1287 1733 1005 1759 1354    5 13782
1925   15 1989 1270 1726  811  518  702  964 2121 1239  647  112 12114
1926  345   56  410 1330 2520 1486 1004 1466 1677 1847 2034  110 14285
1927  551  477  644  758 2117 1211 1166 1601 1657 1684  868   62 12796
1928    5  303  403 1223 1909  178  277 2678  713 1988  742  676 11095
1929   27  578 1983 2136 1472  764  350 2217 1737  805  394  711 13174
1930  765 1508   79 1537 2116  936 1067 1747  726 1882 1062  468 13893
1931  697  518  309 4446 3106 1844 1213 1980  878  655  515   45 16206
1932  129   22  449 1937 1603  748 1523 2210 1175 2968 1394    0 14158
1933   95   53  789  490 1460 1201  323 1972 2053 1114  507  625 10682
1934  273  983  931 1396  674 1388 1283 1293 1473 2403  515  248 12860
1935  890  751  959  957 2139 1136  652 2708  349 1890  604   10 13045
1936  147  806  508 1044 3210  777  700 1378 3341 1160  394  680 14145
1937  105  275 1020  759 4458  306  139 1582 3231  608 1693  243 14419
1938   20  234  578  873 2665  593  791 1340 1826 1371  300  119 10710
1939   52  791 1134  890 3175 1102 1136 1150 1862 1791  903  230 14216
1940   29  113  124  849 1743  992  545  562 1205 3062  821  422 10467
1941 1048  460  418 2600 1291  695  545  656  571 2329 1749 1171 13533
1942  915  307  959 1032 2430 1473 1364 1024 1498 3037  765   37 14841
1943  561 1149 1552 1126  438 1880 1052 2747  968 2681 1228   72 15454
1944  485  151  383  949 2572  979  525  941 2619 1106  586   55 11351
1945  228  494  103 3595 3328  306 1547 1585  928 1065  366  887 14432
1946  175  127 1609 1297 1445  620 1000 1622 1561 1375  978   78 11887
1947  664  218  426 1877 1367  535  349 1479 2541 1610  452  229 11747
1948  714  184  158  544 4069  316  857 1785  295 2081  260  860 12123
1949   18    0  896 1418 2196  592 1251 1460 1777  931 1033  327 11899
1950    0  397  957 2007 1660  828  880 2532 2265 1200  792 1116 14634
1951  420   10  260 1470 1730   80  760 2300 2640 1420  830  490 12410
1952    0  180  320 2240 1110  750 1410 1540 1140  850 1390   70 11000
1953  210   30  620 1100 2110  340  510  150  790 1530 1230  380  9000
1954   40 1440  800  880 1660 1690  840 1630 1150 2790 1150  180 14250
1955  600  200  240  480 2120 1410  560 1650 2050 1120   60 1030 11520
1956  150  150 2570 2030 3100 1290  430 1060  880 1830  580   40 14110
1957   20  220  920 2390 2990 2200  160  940 1100 2350  590 1590 15470
1958  620  460  150  720 2010 1420  250 2230 1740 1710  640  100 12050
1959  150  220  200 2340  940  850 1220  560 3180  960 1040  530 12190
1960  700  470 1500 1940 1770  960  530 1450 1930 1570  700  640 14160
1961  300  400  440 1190 1020  300  330  760 1510 1800  290   20  8360
1962  190  630   20 1530  550  730  440 1170 1100 1500  300  300  8460
1963  500  443 1235  700 2300    0  808  400  500 3160 1138  100 11284
1964  208  500  300 1900 1653  500  693 1506 1220 1314  800  195 10789
1965  600    0  700  551 2902  419  515 1111 1603 1040  947  472 10860
1966  100   20  842 1364 2166  100  809  300    0  400 1013  619  7733
1967    0  583  874  682  823  677  455  851 1403  990  491  121  7950
1968  280  314  834  263 1487  792  632 1305 1417 1558  907  342 10131
1969  417  218  273 2032 2463 1643  586 1751 1472 1857 1023  536 14271
1970  840  283  257  601 3457  430 1236 1616 1623 1229 1128  348 13048
1971  341  472  512 1450 1856  249  480 1524 1041 1656  776  137 10494
1972  384  572 1860 1196 1873  935  358  712 1201 1812  424  342 11669
1973  163  381  287 1808  751  614  329 1418 1523 2810  495  616 11195
1974  189  616 1224 1607  957  436  497 2340 3811 1889  713  192 14471
1975  130  140  281  664  921  403  636 1665 2811 1105 1019  537 10312
1976  156  490  600  956  623  549  254  829  647  950  368  236  6658
1977  282  156  154 1276 1473  311  480 1157  808 1079  558  421  8155
1978  468  597 1446 1302 2027  453  434 1263 1002 1307  472  215 10986
1979  187  440  737 5664 2027 1647 1184  738 5379 1389  805  232 20429
1980  116  310  438 2097 3832  626 1005 1890 1059 1066  630  594 13663
1981  343  671 1000 1291 2084  967  633 2441 1209 1980 1256  540 14415
1982  185  227  210 1622 2002  335  616  497 2433  681  606  258  9672
1983   58  422  391 2116 1260  571  336 1229  610 1280  237  270  8780
1984   63  782  809  456 1883  639  552  773 1942 1538  277  128  9842
1985  165  465  870 1515 1248  294  405 1277  742 1503  766  195  9445
1986  568  269 1050 2520 4322 1627  408  871 1012 1329  615  257 14848
1987  295  396  532 3365  872  570  398  559  925 2378  837  522 11649
1988  264  208  682 1961 1027  545  584 2012 3868  829  781  267 13028
1989  953  498 2291  989 1730  375  413 1199 1290  844  384  163 11129
1990  141  624 1192 1135  612  577  634  788 1332 2069  715  236 10055
1991  139 2560  610  620 1675  313  384  838 1242  851  327  151  9710
1992 1320  122  853 1020  790  588  572 1225 1295 1207  461  422  9875
1993  966  375 1046 3293 3896  575  436  780 1556  700  397  282 14302
1994  364  248  784 1087 1126  355  565 1081 1450 1112 1147  331  9650
1995  473  566  753  652 1763  772  955 1472 1567 2259  262  460 11954
1996  -10  -10  -10  -10  -10  -10  -10  -10  -10  -10  -10  -10   -10
1997  -10  -10  -10  -10  -10  -10  -10  -10  -10  -10  -10  -10   -10
1998  -10  -10  -10  -10  -10  -10  -10  -10  -10  -10  -10  -10   -10