1900  237  119  534  425 2838  816  896  187  245  430  668  662  8057
1901   86  171  169 1421 2888  898  811  201  246  415  245  121  7672
1902    3   49   87  699 2736 1505  876  253  292  865  845  249  8459
1903   77   56  180  777 1561 1052  652  644  298   81  213  147  5738
1904   59    4  274  857 3477 2468  742  227  356  276  525  129  9394
1905   28   50  908 1580 2383  800  833  472  604  289  431  182  8560
1906   50  126  542 2778 4852 3285  594  234   74   94  426  653 13708
1907   70  159   17 2005 4645  929 1109  317  420  879  107  309 10966
1908    8    0    0 1922 7088 1629  990  685  306  172  233   18 13051
1909   19    0  192 1826 1662  380  944  197  237  550  418  361  6786
1910   65    0    1 1108 7103  665  545  513   63  101  423  137 10724
1911    7    0   59 1564 1403  593  742  267  204  161  296   28  5324
1912   18  234  127 1252  146  197  300  395  143   99  893  521  4325
1913    4   18  318 1580 2752  730  349  677  386  264  255   10  7343
1914   71    7   62  288 2439 1372  293  490  240 1184  190   64  6700
1915    0    0  209  513 3528 2388  765   96  418  127  520  128  8692
1916    0    0  188 1138 1422 1950  784  521  310   70   72  312  6767
1917  203   95  104 2313 2863  301  754  258   45   53   19   34  7042
1918    0    0   27  314  788 1152  826  419  223   45  312  129  4235
1919   12    0  994  891 1099 1389 1165  451  259  651   60   86  7057
1920   39    0  570 1626 2711  860  486  112  129  822  111  410  7876
1921  209    0  109 1069 1190  518  333  134  240   21   42    7  3872
1922    3    0  247  619 4178  900  721  277  383  200  511  263  8302
1923  111   99   56  493 1236 1384  977  467  382  762  515  246  6728
1924   24   48  161 1030 1668 2770  396  156  269   17  249  127  6915
1925  454   52   38   48 1053 1078 1249  370  155  502 1111   92  6202
1926    0   10  288 1251 2872 1411  812  221 1055   38  448  116  8522
1927    5    0  380 1207 4096 2342 1009  250  241  264  413  300 10507
1928   71   33  223  526 1289 1035  196  556  133  163  548  265  5038
1929   50    2  102 1355  623 2566  824  416  939  326  400  296  7899
1930  138   77  794 1068 1553  366  539  226  198  570  460  158  6147
1931    5   84   26  533 4939  705  746  420  280  330  148  378  8594
1932   50    5  209  540 3636 1995  375  560  295  119  363  595  8742
1933  444   10   41  685 1583 1202  977  624  485  173  396  551  7171
1934   71    5   42  868 3251 2996 1164  420  156  208   52  459  9692
1935    5  136  255  311 1925  999  535  871  245  883  331  359  6855
1936  251   27  192 1531 1355 3372  957  323  958  380  539  736 10621
1937    9   17  210 2238 2541 1092  662  300  248 1205  204  441  9167
1938   42    2  201  794 3660 1552  764  351  259  598  567  336  9126
1939   71    4  199  330 2062 1346   90  183  136  289  211   37  4958
1940  101  215  448 1978 3222 1097  790 1077  257  259  155  167  9766
1941    1    1   19  945 2564 1368  615  571  689  337  317  942  8369
1942   68   25  764 1009 2597  488  585  365   95  323  332    7  6658
1943    3  149   42  724 1220 2176  576  182  124  142  177   18  5533
1944   24    0  100 1072 2134  790  650  389  222 2343  225  238  8187
1945   20   10   44  776 4829  788  431  322  194   26  897    3  8340
1946    2    2    2  347 2759 1769  360  493  944  274  203   60  7215
1947   97    0  185 1124 5365 1115  165 1014  350  197  137  108  9857
1948   16   41   67  564 1690 1033  540  333  127  588  135  587  5721
1949    0    0    8  238  702  609  629  227  276  739   80  607  4115
1950    0    2  302 1034 1822  434  569   95  226  161  234   41  4920
1951    2   31  236  903 4277  856 1415  294  308  896  291  422  9931
1952   42   17   29  261  634 1309  201  221  443  164  277  115  3713
1953  189   46  117 1584 2483  368 1052  377  363  690  136   40  7445
1954    0   64  111 1420 1079  825  369  431   94   60  156   92  4701
1955   58   94   66 1147 3209  831  507  135   72  100  156  148  6523
1956  291   60  113  353 1241 1030  159   30  174  117  158  137  3863
1957  244    2  127  906 2041  555  435  167  486  217  792  386  6358
1958    0   34  433  667 1345 1056  142  266  138   27   22   76  4206
1959  176   25   60 2619 1231  902 1556  355   91  150  128  161  7454
1960    8   15  774 1412 2903 1483  816  174  123  479   85  182  8454
1961   13  281   67  675  502  836 2523  783 3641  956 2152  365 12794
1962  116    1  285  863 1790  744  565  615  291  112  165  401  5948
1963   29    2  299 3421 1809 1203  836  287  659  128  918  552 10143
1964  425  100  107 1423 3491  986  816  400  170  253   49  376  8596
1965  102    0   10  292 1022 1487  441  261  358 1138 1028   18  6157
1966  142   70  236 1319 1646 1959  355  391  463 1040  506  133  8260
1967    0   48   14 1120 1511 2038  641 1133 1813 1372  903   13 10606
1968    0  211 1041 1653 2725 1741  893  389  207  150  947  435 10392
1969    8  175  128  652 1552  446  302  441  100  322  411   34  4571
1970  128   12 1192 1892 1933 1253  774  406  265  121  105  173  8254
1971    2    0   98  511 2471 2003  396  129  180   77   41  143  6051
1972  212   73   30  256 2811  910 1210  426  658  900  317  141  7944
1973   31   14    9  930 2247 2734  298  326   84  235  226   80  7214
1974    2    3   45  542 1058  752  995  118   89  131  115   94  3944
1975   53    3   44 1292 1545 2064 1613  115  234   59   11  105  7138
1976   30   15   70  556 1366 1449  820  238  445   81  302  246  5618
1977   47    1   94 1069  519 1334  245  897  305 1254 1284  394  7443
1978  168   87  464  925 2036 1122  959  134   63  104  777 1016  7855
1979  547   71  520  663 3536 1648 1224  241  227   75  301  136  9189
1980    2   47   42  549 1106  507 1048 1159  202  244  327  166  5399
1981  122    8 1409  592 2414 1044  726 1050  360  802  201  219  8947
1982    3    0  295  902 5017 1665 1181  165  567  841  355  305 11296
1983    4   29   28  766 3160 1823  918  410  396   97   83  137  7851
1984    0    0   62 1138 1144 2748  994   93  437  568  865  381  8430
1985   27  105  109  938 2529  266  590  554  762  201  124  405  6610
1986   17    2  174 1514 4781  606  419  353  130  158  185  389  8728
1987   69    1    4  544 3887  967  728 1495  207   92  112   58  8164
1988   80    8   68 1354  724 1840  245  248  595   91  515  417  6185
1989   96    2  657 1075 1092  654  339  557  163  357 1316  380  6688
1990   78  119  527  842 1644  494  168  125  396  677  287  519  5876
1991   47    7  211  555 2847  951 2049  817  139  259  162  209  8253
1992   29   28   68  826 2208  728 1027  643  266  186  385  254  6648
1993  -10   34  812  738  -10 1978  579  367  210  625  407  250   -10
1994   20   33   86 1114 1870 2107  786  451  410  488  638  284  8287
1995   66   37  327 1215 1750  760  676  630  505  455  304  287  7012
1996   65   85  245  878 2266  762  714  273  154   91  253   97  5883
1997  -10  -10  -10  -10  -10  -10  -10  -10  -10  -10  -10  -10   -10
1998  -10  -10  -10  -10  -10  -10  -10  -10  -10  -10  -10  -10   -10