1900    1    0    0    1    2    0    5    5    0    4    0    1    19
1901    1    0    0    1    1    0    2    5    0    4    0    1    15
1902    1    0    0    1    7    0    5    5    0    4    0    1    24
1903    1    0    0    1   14    0    3    7    0    1    0    1    28
1904    1    0    0    1    2    0    3    7    0    3    0    1    18
1905    1    0    0    1    4    0    2    8    0    6    0    1    23
1906    1    0    0    1    6    0    3    8    0    8    0    1    28
1907    1    0    0    2    1    0    3   21    0    1    0    1    30
1908    1    0    0    1    5    0    5    5    0    4    0    1    22
1909    0    0    0    1   24    0    2    5    1    3    0    1    37
1910    0    0    0    1    2    0    2   16    1    1    0    1    24
1911    1    0    0    5    9    0   10    4    0    3    0    1    33
1912    0    0    0    1    1    0    7    8    0    2    0    1    20
1913    1    0    0    2    3    0    2    7    0    1    0    1    17
1914    1    0    0    1    6    0    6   12    0    2    0    1    29
1915    0    0    0    1    2    0    2    5    0    1    0    1    12
1916    0    0    0    1    4    0    3    9    0    1    0    1    19
1917    0    0    0    1    2    0    1    5    0    1    0    1    11
1918    0    0    0    1    6    0    2    5    0    2    0    1    17
1919    0    0    0    1    2    0    3    4    0    1    0    1    12
1920    0    0    0    1    4    0    3   11    0    1    0    1    21
1921    0    0    0    1    3    0    4   48    0    3    0    1    60
1922    0    0    0    1    4    0    7   12    0    1    0    1    26
1923    0    0    0    1    4    0    5   48    0    1    0    1    60
1924    0    0    0    1    2    0    3   14    0    2    0    1    23
1925    1    0    0    0    3    0    4    8    0    1    0    1    18
1926    1    0    0    0    2    0    3    5    0    2    0    0    13
1927    1    0    0    0    2    0    5    5    0    3    0    3    19
1928    2    0    0    0    5    0    2    6    0    1    0    0    16
1929    1    0    0    3   24    0    6   11    0    3    0    5    53
1930    1    0    0    0    2    0    2   14    0    1    0    5    25
1931    1    0    0    0    1    0    2   36    0    3    0    0    43
1932    0    0    0    0    2    0    5   25    0    1    0    0    33
1933    1    0    0    0    2    0    2   17    0    3    0    0    25
1934    0    0    0    0    5    0    2   10    0    1    0    0    18
1935    0    0    0    0   35    0    2    8    0    7    0    0    52
1936    0    0    0    0    5    0    3   27    0    2    0    0    37
1937    0    0    0    0   12    0    2    7    0    1    0    0    22
1938    0    0    0    0    3    0    4    5    0    1    4    0    17
1939    0    0    0    0   10    0    3   21    1    2    0    0    37
1940    0    0    0    0   21    0    3    7    0   21    0    0    52
1941    0    0    0   12   11    0    2    5    0    1    0    0    31
1942    0    3    0    0   11    0    7    8    0    5    0    0    34
1943    0    0    4    0    3    0    5    4    1    5    0    0    22
1944   11    0    0    0   50    0    8    5    1    0    3    0    78
1945    0    0    0    0   80    0    2    8    0    1    0    0    91
1946    0    0    0    0    1    0    6   11    0    0    0    0    18
1947    0    0    0    0    5    0    2    5    0    0    0    0    12
1948    0    0    0    8    2    0    1    4    0    2    0    0    17
1949    0    0    0    1   97    0    2   18    0    1    3    0   122
1950    0    0    0    1    0    0   85   45    0    0    0    0   131
1951    0    0    0    0    0    0    0    0    0    0    0    0     0
1952    0    0    0    0    0    0    0    3    0    0    0    0     3
1953    4    0    8    0   73    0   30    3    0    0    0    0   118
1954    4    0    0    0    0    0    0    0    0    0    0    0     4
1955    0    0    0    0    0    0    0    0    0    0    0    0     0
1956    0    0    0    0    0    0    0    9    0    0    0    0     9
1957    0    0    0    0    0    0    0   24    4    0    0    0    28
1958    0    0    0    0    0    0    0    0    0    0    0    0     0
1959    0    0    0    0    0    0    0   64    0    0    0    0    64
1960    0    0    0    0    0    0    0    0    0   45    0   17    62
1961    0    0    0    0    0    0    0    3    0    0    0    0     3
1962    0    0    0    0    0    0   33   20    0    0    0    4    57
1963    0    0    0    0    0    0    0    0    0    0    0    0     0
1964    0    0    0    0    0    0    0   18    0    0    0    0    18
1965    1    0    0    0    0    0    0    1    0    1    0    0     3
1966    0    0    0    0    1    0    0    1    0    0    4    1     7
1967    0    0    0    0    0    0    0    8    0    1    0    0     9
1968    0    0    0   29   14    0    8    4    0    1    0    0    56
1969    0    0    0    0    0    0    1    4    0    1    0    0     6
1970    0    0    0    0    2    0   12    2    0    0    0    0    16
1971    0    0    0    0    0    0    3    4    0    0    0    0     7
1972    0    0    0    0    1    0    2    4    0    1    0    0     8
1973    0    0    0    0    2    0    3    2    0    1    0    0     8
1974    0    0    4    0    2    0    4    3    0    0    0    0    13
1975    0    0    0   37    0    0    0    0    0    0    0    0    37
1976    6    0    0    0    0    0    0    0    0    3    0    0     9
1977    0    0    0    0    0    0    0   88    0    0    0    0    88
1978    0    0    0    0    0    0    0    0    0    0    0    0     0
1979    0    0    0    0   33    0    0    0    0   27    0    0    60
1980    0    0    0    0   18    0    0    0    0    0    0    0    18
1981    0    0    0    0    0    0    0    0    0    0    0    0     0
1982    0    0    0    0    0    0    0    0    0    0    0    0     0
1983    0    0    0    0    0    0    0    0    0    0    0    0     0
1984    0    0    0    0    0    0    0    0    0    0    0    0     0
1985    0    0    0    0    0    0    0    0    0    0    0    8     8
1986    0    0    0    0    0    0    0    0    9    0    0    0     9
1987    0    0    0    1    0    0    0    0    0    0    0    1     2
1988    0    0    0    0    6    0   45   63    0    0    0    0   114
1989    0    0    0    0   22    0    1    5    0    2    0    0    30
1990    0    0    0    1    1    0    2    1    0    1    0    0     6
1991    0    0    0    1   47    0    1    2    0    1    0    0    52
1992    0    0    0    1    2    0    3    9    0    0    0    1    16
1993    0    0    0    1   15    0    3    8    0    1    0    1    29
1994    3    0    0    1    4    0   16    9    0   10    0    0    43
1995    0    0    0    1    1    0    3    6    0    0    0    0    11
1996    0    0    0    0   13    0    3   24    0    0    0    0    40
1997    0    0    0    0    3    0    4   10    0   41    0  -10   -10
1998    0    0    0    0   15    0    4   10    0  -10  -10  -10   -10