1900 3142 2714 1899 2232 2633 2382 2102 1211  377  647 1052 1499 21890
1901  353  451 1545 1238 2751 2789 1798 2339 1549  835 1608 3079 20335
1902 2814 2435 3867 2534 1822 2910 2567 1450  828  538 1537 1301 24603
1903 1118  851 2468 2981 3919 4985 1951 1401 1516   79  781 2911 24961
1904 2197  868 3567 2928 2473 2079 2336  417  600  434  621 3398 21918
1905 1053 1360 1066 1887 2710 2891 1868 1010  820  571 1053 3413 19702
1906  905  876 1126 3913 3328 2469 3055 2386  606  529 1527 2053 22773
1907 2925 2414 4136 3754 4419 2785 1919 1102  357  187 1412 1432 26842
1908 1070 1576 1890 1264 3294 1992 3466 2655 1331  647 1352 1955 22492
1909 1604 2684 2457 1481 3063 2964 3085 1911  417 1120  690 3055 24531
1910 2639 1771 2031 1663 2547 3654 2570 3051 1284  628 1051 1155 24044
1911 2169 2547 3475 1993 2647 3102 2210  976  181  887  868  603 21658
1912  312  101  353 1426 2587 2443 2735 1935  431  485 1136 3468 17412
1913 3964  559 1602  491 1055 2768 3050 1317  901  796  684 3781 20968
1914  607  976  836 1475 4812 2328 1653 1114 1160  959 1125 1435 18480
1915 1685 3645  448 1805 4184 2561 1920 1147  189  270 1054 1710 20618
1916 2083 1318 1048  599 2973 2685 2600 2420  401  703 3032 2919 22781
1917 2716  869 1351  717 1960 2710 2383 1807 1418 1018 2259 2640 21848
1918 1922  966 3056 2426 3599 2698 2876 1084  106  290 1250 2074 22347
1919 1109  173 2412 2530 5244 2009 2248 1424  685  286  966 1936 21022
1920 3586 1405  530  465 1379 2690 2008 1271  786  505  920 2378 17923
1921 1294  176  876 2211  346 4780 3160 1130 1011 2157 3853 3289 24283
1922 1713  993  584  707 2971 3590 1769 2842 1038  685 3057 4518 24467
1923 1988 1103  650  724 1544 3329 1053 1590  718  761 1292 5066 19818
1924  985  614  159  471 2609 3868 2832 2754 1368 1256 1031 2639 20586
1925  853  729 3171  816 1600 2088 2161 1764  759  204  145 1155 15445
1926  393  183  130  323 3207 4472 2625 2212  735  448  750 3123 18601
1927 4634 2021  581  989 4750 2643 3665 2020  923 1560  618 4525 28929
1928 4051 1479 2145 1315 3679 3464 2204 1627  641  214  656 2450 23925
1929  708 1163  842 2048 2750 3325 2353 1251  767  473 1598 1350 18628
1930 2366  807  553 2577 3005 3039 4442 1009  463  450  387 1729 20827
1931  837 1231  407  769 3106 2812 3544 1618 1042 1074  546 1849 18835
1932 2082  426 1849 3944 3341 3111 1797 1502  383  675   72 2798 21980
1933 1839  982 1564 1219 3466 3248 2320 3031  489 1090 2509 5470 27227
1934 5120  566 1055  748  866 2165 2135 1028  575 1400 1206 1409 18273
1935 1355 2586  781  316 2527 3470 2162 3113 1013  975  741 1018 20057
1936 1482  555 2745 3453 3399 2725 2369  759  351  930 1066 4349 24183
1937 2500  201  463 1592 3514 4345 3555 1744  634  773  927 2212 22460
1938 3240 3710 3507 2684 2803 3017 2755 3072  626  706 1037 1418 28575
1939 2742 1068 1463 2656 2102 2491 2571  932  552  454  445  984 18460
1940  976  147  229  388 1925 3392 2617 1907  780  726 1049 3038 17174
1941 1741  342  468 1175 2098 4809 2842 2371  852 2013 1448 2508 22667
1942  734  648  575 2288 2864 3920 3410 1419  889 1397  183 7351 25678
1943 3845 2059 2752 2328 3614 3054 2015 1283  394  593 2480 2914 27331
1944 1604 1084 1612 1440 2327 3634 3180  975 1447  151  534 2491 20479
1945 1598 2863  694 2111 3686 4486 2050 1169  446  559 1476 1946 23084
1946 1169 1316  528 2652 3601 2267 2657 1389  537  702 1296  763 18877
1947 1984  290   66  515 4667 3610 3563 1324 1558 1315 1796 2202 22890
1948 1373 1751 2177 3303 3452 3030 2729  965  813  665 1631 1974 23863
1949 2942 1823 1951 2186 2815 2803 2498 2091  972  963 1423 6164 28631
1950 6433 1340  416  863 3004 3754 2995 2320  183  698 1436 1396 24838
1951 4367 2434 1116 1852 4128 4425 2590 1366 1237 1207  147 1556 26425
1952 2753  907  121 1127 2750 3978 2782 1743  814  217 2090 2783 22065
1953 3774 2438 2411 1652 3952 2230 2152  488 1009  356  353 2276 23091
1954 2999  806  624 5061 2517 3331 4257 5091 1233 1235 3788 2134 33076
1955 2054 1288 2996 1381 2526 2155 2601 1458 1653 1003 2785 4541 26441
1956 2248 1073 1917 1277 3650 3200 3364 2709 2661 1077 1245 3828 28249
1957 1323  643  234  545 2512 2368 2137  501  204  500  917 2623 14507
1958  840  915  962 4120 1847 3103 1090 1326  300 1119  203  850 16675
1959 1029  602  449 1164 1212 4483 2726 2406  543 1145 1535 1977 19271
1960 1419 1173  463 1714 3447 3103 2766 1926  435  780 1507 1852 20585
1961  982  401  154  110 1338 3430 2623 2226  683  607 1111 1439 15104
1962 1405  412  802  948 2633 3477 2523 2046  307  640 1560 1153 17906
1963 3953 2032  761 1012 2944 2353 2050  908  527  132  641 1086 18399
1964  510  280  470  931  903 3625 2421 1643  304 1031 1008 5036 18162
1965 1943  752  535  546 3804 3042 1749 1020  332  774  828 1124 16449
1966  460  397  807  732 2029 3544 3317 1841 1139  903 1391 3636 20196
1967 3139  551 1103 1600 5066 4127 2736 1868 1486  355 2330 2132 26493
1968 1924 2286 1776 2265 1977 3945 2221  947 1237  910 1779 1270 22537
1969 2089 1378  423 1319 4115 2549 2256 2961  555  907  451 1774 20777
1970 3808 1326  795 2224 2842 3676 3398 2643 1123  861 2468 1726 26890
1971 1889 1240  932 1361 3694 3588 2962 3060  909 1347 2266 3191 26439
1972 3112 1047 1891 3310 4416 2875 2215 1408  835 1053 2449 1014 25625
1973  683  304  386 1153 1875 3190 2237 1856 3638 2769 1908 5316 25315
1974 2853 1065 1189 1123  782 2984 3134 2385 1724 1125 1893 1884 22141
1975 2310 1132  700  916 3183 3144 3035 2452 1606  799 1842 3786 24905
1976 4303 3664 2586 3041 3031 4030 1777 1152  300   57 1755 2867 28563
1977  759  722  634 2094 2561 2564 2685 1558 1336  697 1034 1760 18404
1978 1409  786  407 1313 3960 3496 2294 3024  961  778  984 1889 21301
1979 1372  270 2335 2126 3187 3470 3439 1887  652  844 1090 2198 22870
1980  511  126 1459 1371 2511 3201 2831 1258  698 1635 2731 2268 20600
1981 1359 1868  344 3339 2613 2937 3056 2132 1178 1319 1120 1506 22771
1982 1388 1368 1731 2516 2620 2500 2201 1303  451  608  792 1900 19378
1983 1382 1078 1181 3747 4018 2781 1931 1744  574  796  685 2030 21947
1984 2754  615  616  724 2906 2966 3028 2508 1473 1622 2343 3658 25213
1985  643  654 1495  850 1677 2489 1661 2438 1310 1070 2218 1667 18172
1986  507 1196 2335  439 2550 3604 2083 1205  312 1552 1455 1795 19033
1987 1009 2093 1344 1731 2319 3582 3211 1012  902  751 1463  900 20317
1988 1315  386  337  272 2786 2871 2848 3272 1432  723 2007 3070 21319
1989 3118 2515 2286  846 3540 3064 3403 1279  677 1551 2711 2262 27252
1990 3313 1427 2893 3623 2536 2632 3529 2321  449  340 1688 3031 27782
1991 1638  633 1381 2484 1505 3360 2839 2235 1689  576 1482 1320 21142
1992  893  990  921 1020 2647 2398 1766 2071  225  354  610 1383 15278
1993  -10 1045 2530  729  -10  -10  -10 1134  959  -10  -10  -10   -10
1994  -10  -10  -10 1449  -10  -10 2351 1379 1106 1202  -10 1606   -10
1995  948  -10  -10  -10 1835 3742  -10  -10  884  709 2447 1663   -10
1996  -10 1881  965  583 3745 4786 2753 1527  945  320 1731 1527   -10
1997  -10  -10  732  -10  -10  -10 2406 1411   27  -10  351  852   -10
1998  -10  -10  -10  -10 2698  -10 1144 2044  -10  -10  -10  -10   -10