1900  303  333  454  485  627  398  757 1032 1105  460  417  659  7030
1901 1037  456  577  222  389  500  415  876  321  888 1192  254  7127
1902  730  712  330  207  256  401  529  772  994  989  539  689  7148
1903  493  900  466  219  282  490  652  904  707  431  783  638  6965
1904  732  127  442  222  415  507  636  834  662  664  803  548  6592
1905  874  781  161  284  520  288  949  537  733  585  601  818  7131
1906  589  270  559  912  597  462  622  514  638  699  505  596  6963
1907  849  578  680  297  229  593  792  817 1230  491  445  308  7309
1908  840  566  233  308  456  558  618  397  455 1325  700  602  7058
1909  904  551  254  292  214  360  701 1112  857  935  427  918  7525
1910  783  355  492  547  347  609  359  220  824  964  397  390  6287
1911  832  573  401  591  206  533  661  729  788 1071  386  289  7060
1912  458  294  259  541  318  382  402  595 1074  513  698  443  5977
1913  330  527  449  439  347  527  888  593  513  953  517  693  6776
1914  979  352  335  631  513  606  388  591  955  447  509  485  6791
1915  239  300  395  572  715  464 1090  590  634  407  788  209  6403
1916  636  415  269  332  265  253  443  639 1118  481  639  341  5831
1917  522  704  266  276  566  653  636  473  927  638  680  716  7057
1918  788  673  618  191  409  535  509  404  689  755  992  246  6809
1919  304  542  400  499  177  813  459  818 1237  733  323  253  6558
1920  581  863  772  286  417  549 1152  915  728  769  875  566  8473
1921  712  617  525  527  701 1034  715 1438  944 1042  596  710  9561
1922  190  478  343  228  563 1058  610  705  663  701  889  535  6963
1923  748  259  440  198  516  515  821  491  748  591  459  455  6241
1924  444  404  385  391  457  490  415  719 1131  885  920  844  7485
1925  988  422  414  421  364  536  738  657  698  967  683  497  7385
1926  432  426  555  525  505  239  558  709  716  769  630  801  6865
1927  386  782  499  247  303  761  300  629  787  793  321  520  6328
1928  321  393  332  383  377  858 1054  601  755  768  515  375  6732
1929  828  273 1027  350  363  571  535  936  830  771  460  482  7426
1930  498  824  871  300  317  601  376  583  596  728  497  564  6755
1931  330  176  510  140  617  541  923 1015  737 1033  378  879  7279
1932 1285  750  509  233  321  414  751  821 1513  369  712  926  8604
1933  463  413  533  359  115   85  856  702  521  683  727 1062  6519
1934  853 1033  219  434  435  548  546  516  578  797  666  301  6926
1935  885  637  403  360  518  612  790  285  564  713  416  547  6730
1936  403  345  473  371  190  572  948  856  783  445  691  868  6945
1937  431  290  288  237  469  800  342  397  960  699  839  490  6242
1938  571  852  724  597  602  809  654  713  604  699  701  208  7734
1939  392  875  242  462  489  654  579  482  998  557  574  708  7012
1940  604  424  296  497  239  404  520 1017  894  724  454  745  6818
1941 1081  356  465  223  292  411  593 1093 1136  721  363  574  7308
1942  287  383  537  343  387  660  806  892  766  774  953  647  7435
1943  237  783  746  626  459  434  577  682  555  775  709 1071  7654
1944  674  421  507  316  263  572  525  920  523  609  418  858  6606
1945  552  437  811  627  403  469  639  818  415 1087  917  513  7688
1946  843  649  454  470  317  612  568  475  992 1055  734  722  7891
1947  277  319  314  440  303  789  626  514 1111  959  357  619  6628
1948  430  476  929  331  548  498  526  711  824  837 1061 1038  8209
1949  960  774  502  464  843  397  527  685  827 1062  459  550  8050
1950  372  331  596  574  386  820  516  392  445  681  420  444  5977
1951  251  215  474  444  286  480 1058  773  763  961  579  877  7161
1952  564  601  285  426  302  990  834  726  865  145  508  457  6703
1953  883  548 1467  565  423  343  587  600  713  905  741  602  8377
1954  753  258  607  333  255  705  676  940  697  546  205  648  6623
1955  519  453  610  438  278  589  464  518  716  838  857  509  6789
1956  638  389  489  304  496  776  528  595  792  742  352  430  6531
1957  925  259  495  430  492  590  653  942  448  793  724  861  7612
1958  550  447  354  269  381  444  889  514  911  855 1095  438  7147
1959  676  850  576  272  563  435  735  668  915  915  386  359  7350
1960  632  441  304  372  431  601  745  901  419  488  241  483  6058
1961  499  973  919  268  336  967  927  772  932  588 1042  662  8885
1962  694  519  407  585  258  504  402  539  847 1644  621  880  7900
1963  792  441  322  471  407  311  947  503 1238  799  533  920  7684
1964 1631  523  387  313  449  665  672 1048  915 1275 1009  852  9739
1965  495  706  704  310  312  410  750  507  547 1122  522  368  6753
1966  417  263  627  241  597  341 1096  816  947  577  602  494  7018
1967  626  445  642  487  266  675 1017  851  626  856  701  463  7655
1968  431  816  806  696  315  905  525  729  305  645  727  788  7688
1969  337  179  525  401  361  359  750  431  794 1349  497  472  6455
1970  339  392  320  344  260  310  976  558  627  933  577  856  6492
1971  862  513  389  469  457  354  874  983  725 1267  884  881  8658
1972  223  438  602  415  223  634  855  771 1416 1084 1006  932  8599
1973  841  704 1080  430  432  618  866 1067  414 1024  850  835  9161
1974  625  565  167  656  166  410 1000  698  922  324  322  512  6367
1975  809 1261  550  309  691  620  710  801 1334 1307  946 1546 10884
1976  636  780  262  414  219  235  655  465  769  392  841  274  5942
1977  643  259  820  375  359  672  713  630  587  810  573  802  7243
1978  729  498  338  340  392  542  452  662  679  996 1118  430  7176
1979  299  604  292  211  616  532  587  749  899  650  499  779  6717
1980  536  429  271  420  358  579  294  597  725  640  690  737  6276
1981 1377  363  456  658  161  609 1195  799  517  546  393  426  7500
1982  815  591  768  698  542  359  850  723 1095  662  750  728  8581
1983  769  766  444  172  338  673 1202 1215  973 1057 1109  942  9660
1984  439  560  375  349  398  603  800  994  564  709  452  372  6615
1985  576  295  406  369  339  576  820 1196 1244 1977  620  654  9072
1986  334  553  480  365  591  562  655  358  616 1192  787  380  6873
1987  545  631  219  343  581  638  684  808  394  776  694 1160  7473
1988  518  306  217  610  287  357 1036  636 1007  960 1098  951  7983
1989 1387 1012  465  427  736  441  763  683 1008  712  790 1163  9587
1990  720 1003  777  433  547  426  888  740  372  921  637  957  8421
1991  927  263  531  303  640  518  630  584 1008  813  846 1170  8233
1992 1357  773  631  243  618  445 1194  899  627  710  745 1029  9271
1993  790  711  675  342  472  451  710  702  426  973  256  841  7349
1994  735  400  496  405  288  699  491  531  741  989  767  755  7297
1995  655  836  674  465  435  693  734 1007  559 1216  845  467  8586
1996  314  433  273  534  392  602  582  672  448 1004 1147  680  7081
1997 1146  764  658  617  374  279  344  661  925  893  437  597  7695
1998  741 1085  481  258  572  584  751 1063  625 1037  441  739  8377