1900  -10  -10  -10  -10  -10  -10  -10  -10  -10  -10  -10  -10   -10
1901  -10  -10  -10  -10  -10  -10  -10  -10  -10  -10  -10  -10   -10
1902  -10  -10  -10  -10  -10  -10  -10  -10  -10  -10  -10  -10   -10
1903  -10  -10  -10  -10  -10  -10  -10  -10  -10  -10  -10  -10   -10
1904  -10  -10  -10  -10  -10  -10  -10  -10  -10  -10  -10  -10   -10
1905  -10  -10  -10  -10  -10  -10  -10  -10  -10  -10  -10  -10   -10
1906  -10  -10  -10  -10  -10  -10  -10  -10  -10  -10  -10  -10   -10
1907  -10  -10  -10  -10  -10  -10  -10  -10  -10  -10  -10  -10   -10
1908  -10  -10  -10  -10  -10  -10  -10  -10  -10  -10  -10  -10   -10
1909  -10  -10  -10  -10  -10  -10  -10  -10  -10  -10  -10  -10   -10
1910  -10  -10  -10  -10  -10  -10  -10  -10  -10  -10  -10  -10   -10
1911  950    0    0   90 1290 1680  800 1390 5920  820   30   80 13050
1912    0    0  110  310 1410 1430  960 2260 3660 1240 1070    0 12450
1913    0    0    0  180  690  830 1210 1580 2100 1270  950  110  8920
1914  100    0    0  310 1630 1340 1660 3080  960  550 1070    0 10700
1915    0    0    0  930  790  710  920 1480  970 1210 1170  470  8650
1916  230    0  240  410 1610 2020 1290 3060 2960 2130  200  120 14270
1917   60    0   60  200  880  960  950 2290 3790 2040  170  490 11890
1918    0   40    0  270 4170  320 1590 3030 3170  930  340   80 13940
1919    0   10  720  100 1800 1770 2070 1870 1140 1940  200   50 11670
1920   10   50  110  110  710  800 1030 2370 2130 1050  430  120  8920
1921    0    0  470  440 1890 1060 1510 2350 3440  970  440    0 12570
1922    0    0  230  460 2160 1200 1260 2460 2340 1460  610  400 12580
1923  140    0  840  810 2020 2080  680 1710  950 3110  480    0 12820
1924    0    0   90  810  100  960 1640 3390 1730 2770  690   10 12190
1925  320    0  570  700  740 1100 1930 1690 2830 1410  110  240 11640
1926    0    0   70  120   70 1780  610 1720 2010 3450  440  510 10780
1927    0  200   20  460 4410 1230 2010 1250 1740 2650  140   10 14120
1928    0  120  250  340 1340 2030 2570 1410 1110 1140  400    0 10710
1929    0    0  130  840 1900 1430 1870 1810 3770  180   70   90 12090
1930   70    0   10  140 1710 2140 1260 1410 3630  440  470   80 11360
1931    0    0  220  120  200  680 1020 1990  360  390    0   30  5010
1932    0    0    0  310 1060  840 3230 1360 2940 1280  130  160 11310
1933    0  140    0  100 1500  460 2690 2820 2930 1190  140    0 11970
1934   20    0   90  630  540 1570 2610 2660 2930  530  230   90 11900
1935    0  260   80  150 2030  760 1440 1690 3430 1820  450  440 12550
1936    0  470    0   30 1460 1880 2090 1760  990  460    0    0  9140
1937    0    0    0    0 1140 1240 4050  850 3380  940  230  400 12230
1938   20   20   50  660 1810 1410 2600 2960 2140 1450  550    0 13670
1939   10   90  200  110  490  680 2750 2570 3080  930 1020  190 12120
1940    0  250    0   80 1090 1170 2150 2600 2630  530   60  180 10740
1941    0    0   10  170 1570 1100  960 1910 1920 2020   40   10  9710
1942   30    0  250  910 2560 2820 1630 5260 2620  760  670   20 17530
1943    0  220    0  140 1000 1020 1610 3520 2930   70  970   10 11490
1944    0    0   20   20 1259 2255 1202 3024 1981 2314 1105   97 13277
1945  150  315   31  632 1438 1786 1201 1772 1985  110   10   90  9520
1946    0  180  152  676 1540  750  880 1660 1350 2120  160    0  9468
1947  230   80  110  900 1000 2230 1070 2694 1857  775    9    8 10963
1948   10    0  520  760 2120  930 1320 2400 4080 3190   30   80 15440
1949    0   20    0 1130  680  860 1780 2420 3650 2110  950    0 13600
1950    0   30   40  440 1030 1480 1640 2600 5180 1920 1600  230 16190
1951  590    0  230  420 1530 1860 2570 1880 2900 1980  650  140 14750
1952    0    0  680  270 1760 2000 2700 2220 2350 1350  340    0 13670
1953  200  890    0 1220 1780 3470 2000 1890 4740 2910  830   30 19960
1954    0   90  250  400 2730  390  540 3020 2880 2230  190   50 12770
1955   10   90  660 1230 1540 2080 1560 1740 2240 1010  500    0 12660
1956    0  180    0  180 3280 1360 2240 2200 3320  500   50   20 13330
1957    0   10    0 1020  660 2810 1580 2490 2080  860    0    0 11510
1958  320    0  330  200 1500 1440 1640 2150 2120 1590   10    0 11300
1959  150    0  170  360 1280  950 1650 1890 2910  200   20   20  9600
1960  380    0   60   60 1670 1430 2460 2180 2830 1180  290  850 13390
1961   20  330  230  650 2500 1100 1030 2870 4750 1380  160  750 15770
1962    0    0   80  410 1150  890 2140 1380 2660 2490   90   10 11300
1963    0   20    0  460  140 1760 1260 2860 1270 1880  930   50 10630
1964   20    0  120  630 1340  990 2250 1220 2940 1340  280   20 11150
1965   70   60    0  200  710  730  690 2840 1480 1960  480  760  9980
1966   40    0    0   80 1470  560 2040 2370 1310  780   60   10  8720
1967   60    0   20  320 1090 1740 2040 1450 5300  550  980   40 13590
1968   40   10   80 1230 1230 2460 1510 3020 1840 1100   90    0 12610
1969   60    0    0  220 2290  830 1430 4090 1660  910  190    0 11680
1970    0   20  920  700 3520 2450 1790 3490 1950  380   70  350 15640
1971    0    0  170  330 2450 1730 3000 3250 1950 1300  240  110 14530
1972    0   60   50 1560  650  910  700 2640 1930  460 1650  170 10780
1973    0    0  870   40 1630 1290 2340 3300 2950  300  250    0 12970
1974    0    0  140  520  880 1070 1600 2030 2790 1750  910   50 11740
1975  750   50   40   80 1720 1860 1910 3780 2430 1690  780  530 15620
1976  244  200   70  210 1880  970  970 2100 1980 2240  311   35 11210
1977  630   20  350  870 1210  980 1090 2230 3040 1640   30  208 12298
1978  350  170    0  140 1980  620 4460 2780 2120  700   20   60 13400
1979    0    0   20  630 1940 1710  900 1450 2010  950    0    0  9610
1980    0    0  200  290 2320 1430 1830 1460 1730 1460  540  980 12240
1981    0    0    0  610 1560 1300 2540 1990 2050  340 1130  580 12100
1982    0    0    0  530 1280  740 1230  670 3350  460   90    0  8350
1983    0    0    0   80 1070  800  810 1960 2030 2080 1340   80 10250
1984    0   80    0  260  770 1380 1000 1630 1430 1270    0    0  7820
1985   10    0    0 1230 1350 1920 1330 2100 2050  530 1750    0 12270
1986    0   10    0  370 1190 1020 1410 1280 1760 1500  540  770  9850
1987   29   57  211  690  920 1180  520 4250 2240  170  990    0 11257
1988    0    0    0 1140 2300 3360 1210 1750 1690 2040  620    0 14110
1989    0    0   80  320 2360 1170 1930 2420 1940 1650   40    0 11910
1990   20  360  300  200 2700  480 1090 1870 1620 1280 1550    0 11470
1991   80    0   70  700  140  990 1340 3400 1300  660  470   20  9170
1992    0  180    1  110  130  820 1759 1660 2380 1100  110   90  8340
1993    0    0    0  310 1560  630  920 2576 2040  820    0    0  8856
1994    0    0 1810  230 2000 1290  985 3330 2580  750  -10  480   -10
1995    0  -10  -10  -10 1280 1320 2390  -10 1440  -10  340    0   -10
1996    0  -10   20 2140  840 1690 1240 2160 2240 2230 1521    0   -10
1997    0    0  -10  850  650 2890 2120 2100 1350 1500 1380    0   -10
1998    4    0    0  120 1810  660 1010 2020 1290  990 1690    0  9594