1900  -10  -10  -10  -10  -10  -10  -10  -10  -10  -10  -10  -10   -10
1901  -10  -10  -10  -10  -10  -10  -10  -10  -10  -10  -10  -10   -10
1902  -10  -10  -10  -10  -10  -10  -10  -10  -10  -10  -10  -10   -10
1903  -10  -10  -10  -10  -10  -10  -10  -10  -10  -10  -10  -10   -10
1904  -10  -10  -10  -10  -10  -10  -10  -10  -10  -10  -10  -10   -10
1905  -10  -10  -10  -10  -10  -10  -10  -10  -10  -10  -10  -10   -10
1906  -10  -10  -10  -10  -10  -10  -10  -10  -10  -10  -10  -10   -10
1907  -10  -10  -10  -10  -10  -10  -10  -10  -10  -10  -10  -10   -10
1908  -10  -10  -10  -10  -10  -10  -10  -10  -10  -10  -10  -10   -10
1909  -10  -10  -10  -10  -10  -10  -10  -10  -10  -10  -10  -10   -10
1910  -10  -10  -10  -10  -10  -10  -10  -10  -10  -10  -10  -10   -10
1911  -10  -10  -10  -10  -10  -10  -10  -10  -10  -10  -10  -10   -10
1912 3818 3364 1496 4465 3644 1835 1478 4229 2396 5466 4464 1983 38638
1913 4030 5718 3690 1227 1507 2569 2958 1980 2749 3111 1494  944 31977
1914 4526 4702 2449 2323 2120 2850 2644 3410 7461 1113 1723 4143 39464
1915 1205 3088 1225 6324 1109 1389  912  969 2303 3808 2843 2493 27668
1916 5111 3935 4704 2724 3503 1513 2139 2468 4110 2936 2578 5101 40822
1917 4145 3828 2187 5532 1573 2916 1330  987 1635 2290 3680 3195 33298
1918 3906 6529 2423 2822 1416 4310 2618 4246 2303 1662 3107 2730 38072
1919 2835 1572 4328 2607 5607 2115 2897 5039 2065 1933 4896 4900 40794
1920 3030 4193 2641 1795 3197  910  616 1658 1873 2953 4623 6076 33565
1921 4013 3097 2484 4162 5036 1290 2183 4316 2173 1514 3407 4198 37873
1922 3171 2339 5228 3898 4000 2602 1147 2059 2219 3172 4517 2293 36645
1923 3047 2678 5001 3008 1946 1538 2078 2346 2449 4454 1988 2931 33464
1924 1550 5513 4957 2254 2932 2437 5796 2625 1958 3128 2561 3596 39307
1925 3189 5272 4826 2254 1300 4195 2418 1823  958 6016 6015 3952 42218
1926 2658 5210 5525 3389 2021 2255 1939 2930 1919 2570 3230 4326 37972
1927 4774 6101 2755 1472 2451 2833 2274 2998 2738 4953 3378 1535 38262
1928 5964 3100 4663 2935 2448 3419 1519 1964 1762 2778 1554 1317 33423
1929 5103 3406 4590 1617 4549 2564 1334 3394 2260 1374 4205 3699 38095
1930 3719 4438 1741 4242 4068 2906 2348  987 3057 1209 6738 2001 37454
1931 2516 3141 2073 1315 5549 2792 1286 2852 2283 2427 1512 2393 30139
1932 3224 3382 3078 3252 5201 1571 2450 2881 1536 3819 3550 4065 38009
1933 3337 3505 3326 3960 2614 1733 1974 1545 2554 2480 1787 2291 31106
1934 4171 1635 5531 1712 2482 2742 3408 2234 2485 2245 2324 2583 33552
1935 5995 1615 4730 1514 2446 3105 1886 5194 1801 3027 4842 4695 40850
1936 3363 3714 2035 2015 2625 1951 4106 1687 2601 2848 2053 3843 32841
1937 3103 5405 2205 1880 2395 1785 1626 2226 3586 2639 4740 4128 35718
1938 4820 3376 3948 3530 3575 1900 1923 2347 2130 3742 3289 5827 40407
1939 2404 3191 5162 4955 1698 1592 1164 1772 1219 3101 3623 3300 33181
1940 1994 3875 5037 4951 1504 4545 1436 2889 2875 4840 3693 4096 41735
1941 3194 3818 1948 2539  636  992 2891 4292 2217 3230 2186 1742 29685
1942 2171 2234 2322 1266 3355 2061 1318 2414 2097 2494 2554 5572 29858
1943 2909 2939 2181 2382 2965 2733 2245 1247 1233 2678 2558 3046 29116
1944 6321 3758 4061 4017 3371 4104 3667 3523 4960 2060 2216 2021 44079
1945 2794 3110 3597 4483 5648 2681 2459 2411 1719 2329 2583 2857 36671
1946  -10  -10  -10  -10  -10  -10  -10  -10  -10  -10  -10  -10   -10
1947 4154 3722 3502 1084 2820 4388 3164 3004 2911 3159 3192 3060 38160
1948 5549 5925 3156 2597 1683 2794 2522 2108 2371 3716 3866 3061 39348
1949 3963 2293 5590 2383 2722 3417 2510 2135 2594 2616 1994 3239 35456
1950 3815 2949 5196 2137 2973 1501 2515 1053 2568 2034 2696 4021 33458
1951 2455 2849 4940 2025 2764 2473 1446 1010 1169 4520 3083 3606 32340
1952 3140 3395 2798 3664 1899 2934 2077 1374 1752 3608 1867 4760 33268
1953 2961 5077 4088 1699 1977 2496 2470 1711 1278 2875 3064 3383 33079
1954 3203 4353 3228 4374 2057 1794 2798 4324 2689 2927 2840 4808 39395
1955 5381 8468 5568 2538 1117 2627 1876  939 4620 1715 2932 2226 40007
1956 4937 6420 5438 1497  618 1662 2673 1661 1225 1638 2139 2500 32408
1957 5126 7534 3658 3165 3725 2985  776  988 3745 1827 2074 2388 37991
1958 1701 2707 3644 2482 5648 2140  683 2517 1435 2174 6389 2782 34302
1959 2698 1695 3697 2268 2067 2875 3085 2341 4419 4083 7090 3431 39749
1960 3679 3431 4626 2625 2022 3499 2930 1615 3182 3578 2575 3379 37141
1961 4652 2871 5675 1778 2931 1511 1168 1301 2639 4444 4920 3153 37043
1962 4199 4695 2619 2992 2391 2763 2361 2961 2451 4543 3854 3517 39346
1963 1992 3559 5316 2262 3286 1087 2164 2066 1851 2149 2966 4084 32782
1964 1978 2596 6583 2661 3330 2461 2087 1743 2704 2032 4185 6136 38496
1965 6285 2950 3480 3702 4378 4734 1871 3448 2671 3300 2133  745 39697
1966 2422 1124 1684 2878 4412 4274 1732 2117 2721 3739 3545 5042 35690
1967 4961 3656 3763 4080 3617 2737 1705 1947 2058 4788 5540 2326 41178
1968 2497 4791 2429 2175 1558 1423  978 2434 3696 2878 2040 1917 28816
1969 2673 4029 1071 2234 4933 2000 4218 3232 1301 2580 2742 2274 33287
1970 2728 2480 4350 2477 3014 3850 2664 1802  820 2897 2095 6672 35849
1971 3290 3124 2907 1058 1365 2507 1970 1001 1045 4035 2169 3833 28304
1972 3835 2654 8275 1522 2392 3761 2598 2522 4149 3577 3477 2961 41723
1973 2305 3643 2181 3976 2725 2032 4301 1458 2059 6275 3551 2549 37055
1974 3756 5355 3629 4198 1748  968 1298  835 1090 2242 2273 2878 30270
1975 3108 3243 2464 3002 2699 1470 2268 1555 1702 2182 3053 2288 29034
1976 5973 4508 2211 1840 2322 4140 3225 1358 1220 1822 2157 3950 34726
1977 4139 2485 5126 2612 3247 3067 2071 2037 2645 4038 2855  967 35289
1978 4679 2755 3890 2973 2424 1620 2540 2613 2337 2970 3695 2548 35044
1979 3918 1602 2557 1954 2504 4513 3595 1555 2335 2087 4123 3784 34527
1980 3126 2784 2162 2334 3398 2011 2157 2891 2804 1526 2844 2598 30635
1981 2153 3912 2200 5148 2056 2137 1864 1728 1247 2412 2263 3486 30606
1982 4466 2805 3409 1016 3774 1336 3981 5057 1799 4660 4384 1367 38054
1983 5138 3372 2907 1897 2577  301  507  465 1403 1429 3318 4909 28223
1984 3029 3553 5751 2476 3950 3672 1527 1480 1007 4642 3572 2841 37500
1985 3495 3931 5704 1420 2662 1958 3416 2525 2167 2910 1807 1113 33108
1986 3723 2458 1700 4392 3969 2670  640 2878 2308 2329 2245 4536 33848
1987  384 4538 1890 4920 4351  203  647  945 1465 2592 1086 1906 24927
1988 4190 2942 2822 5567 2058 3600 3525 2469 3129 3244 2923 3509 39978
1989 3312 5287 2627 2005 3299 1135 1393  793 1573 2663 4027 1715 29829
1990 2908 1574 2956 2856 2080 2405 1940  912 1440 4761 3522 4271 31625
1991 4264 4037 3887 2135 2357 1238 1539 2815 7029 4304 4107 2521 40233
1992 4113 2951 2841 3689 2840 1081 4062 4085 2565 3376 2172 2100 35875
1993 1843 1746 7384 2935 3452 1899 3473 5877 4243 4075 2078 3323 42328
1994 4173 3337 4423 4622 3255 2471 3334 1719 1600 2503 3138 5614 40189
1995 3447 2161  -10 4124 1582 2322 2034 4694 2845 6334 1735 2571   -10
1996  -10 3071 6564 2965 2686 4119 1856 1630 2926  -10  -10 2131   -10
1997  -10 3211 3153 4113  -10 2722 2791 1238 2171 5104  -10 2161   -10
1998 3332 1847 4052  -10  -10 2203 1500 1318 1939 4281 1282 4618   -10