1900  -10  -10  -10  -10  -10  -10  -10  -10  -10  -10  -10  -10   -10
1901  -10  -10  -10  -10  -10  -10  -10  -10  -10  -10  -10  -10   -10
1902  -10  -10  -10  -10  -10  -10  -10  -10  -10  -10  -10  -10   -10
1903  -10  -10  -10  -10  -10  -10  -10  -10  -10  -10  -10  -10   -10
1904  -10  -10  -10  -10  -10  -10  -10  -10  -10  -10  -10  -10   -10
1905  -10  -10  -10  -10  -10  -10  -10  -10  -10  -10  -10  -10   -10
1906  -10  -10  -10  -10  -10  -10  -10  -10  -10  -10  -10  -10   -10
1907  -10  -10  -10  -10  -10  -10  -10  -10  -10  -10  -10  -10   -10
1908  -10  -10  -10  -10  -10  -10  -10  -10  -10  -10  -10  -10   -10
1909  -10  -10  -10  -10  -10  -10  -10  -10  -10  -10  -10  -10   -10
1910  -10  -10  -10  -10  -10  -10  -10  -10  -10  -10  -10  -10   -10
1911  -10  -10  -10  -10  -10  -10  -10  -10  -10  -10  -10  -10   -10
1912  -10  -10  -10  -10  -10  -10  -10  -10  -10  -10  -10  -10   -10
1913  -10  -10  -10  -10  -10  -10  -10  -10  -10  -10  -10  -10   -10
1914  -10  -10  -10  -10  -10  -10  -10  -10  -10  -10  -10  -10   -10
1915  -10  -10  -10  -10  -10  -10  -10  -10  -10  -10  -10  -10   -10
1916  -10  -10  -10  -10  -10  -10  -10  -10  -10  -10  -10  -10   -10
1917  -10  -10  -10  -10  -10  -10  -10  -10  -10  -10  -10  -10   -10
1918  -10  -10  -10  -10  -10  -10  -10  -10  -10  -10  -10  -10   -10
1919  -10  -10  -10  -10  -10  -10  -10  -10  -10  -10  -10  -10   -10
1920  -10  -10  -10  -10  -10  -10  -10  -10  -10  -10  -10  -10   -10
1921 3971 1934 3128 3861 1178  801  504 1600 1161  600 2876 4305 25919
1922 4877 2738 5382 1773 1120  289  394 1494 1466 1022 1876 2351 24782
1923 1446 2695 2520  905  989 1298  763  892  638 1154 1944 1163 16407
1924  619 1259 7045 2486 2405 1470 1150 2725  563 1437 1137 1153 23449
1925 1958 2458 1305 3088 2179  253  561  454  441 1757 1333   50 15837
1926  904 1056  523  314  139  355 1155   66  401 1709 3462  805 10889
1927 4993 1402 1148 1092 1465 1353  297 2425 2141 3182 2961 2158 24617
1928 4381 2435 2827 4104 2981  322 2613 1079  815  101 1727 2001 25386
1929 2486 2550 2164 1870 1277 1309  599 1293  961 1583 2029 3592 21713
1930 3080 2484 2372  743 1228  686  537  368  820   76 1365  955 14714
1931 2570  985 3263 2555 2113  713  246  325  728  723 3327 1762 19310
1932 1973 2186 1447 1866 2164  711 1252 1150  589  510 2593 1005 17446
1933 1008 2908 6182 3916 1592 2354   45  398  345  180 1069  551 20548
1934 1610 3510 2814 1198 3548 1145 1140  482 1203 1117  541  741 19049
1935 1902  482 1470  977 1005  414 1176  627  713 1724 1988  703 13181
1936 2486 3197 3220 2113  982  584  645  477  154 2537 1193 2539 20127
1937 1485 1958 1676 2374 1765 2565 2108 1788 1640 2108  817  765 21049
1938 2163 1438 1865 1222 1200 1086 1074  738 1013 2355 2298 2969 19421
1939 3360  431 2324 1925 1724  144  566 1249  365  215  678  307 13288
1940  388  782  543 1617   58  444  114  149  596 1396  147 1445  7679
1941  414 1729  259 4066  675  866  693  383 1282  662 1831 1178 14038
1942  -10  -10  -10  -10  -10  -10  -10  -10  -10  -10  -10  -10   -10
1943  -10  -10  -10  -10  -10  -10  -10  -10  -10  -10  -10  -10   -10
1944  -10  -10  -10  -10  -10  -10  -10  -10  -10  -10  -10  -10   -10
1945 1421 1854 2035 1739 1760 1109  507  915  945 1014 1473 1471 16243
1946 1936 2462 3317  714 1275  807  512  798  226 1317 1094  943 15401
1947 2251 2225 2988 1254 1947 2044  935  584 1385  841  819 2099 19372
1948 2740 4043 2260 2911  879 1325  351  482  476  658 2394 2877 21396
1949 2941 1703 3397 2720 2971  461  888 2880 2217  622  894 1714 23408
1950 2514 1851 3268 1861 1551  622 1046 1369  932  546 1993 3995 21548
1951 2773 2385 1932 1285  825  604  523  119 2181  622  241  574 14064
1952 5026 1236 2146 1541 1066  993 1729 2418  967  116 1295 1094 19627
1953 1864 2890 2920 2158  746 2004  492  210   25  353  513  858 15033
1954 4526 4480 3093 2237 1178 1978  345 1008 1049 2776 2928 3500 29098
1955 1094 3106 2423 1285 3149 1384  472 3304 2214 1310 4467 5242 29450
1956 4853 3804 5265 1010  881 1252  772 1521  459 2080 2870  259 25026
1957 2113 3286 3688 4160 2232 1191  309 1290 1813  210 2075 2865 25232
1958 2090  675 2265 2402 2062   83  370  881  289  355 2329  756 14557
1959 3103 1155 2019 2809 2199  721  525  584 1381 1490  510 1650 18146
1960 1391 2240 5140 3020  688 1280 1676  375  878 1780 2179 1595 22242
1961 1572 3497 1201 2552 1082 1381  355  744  800  756 2344 4770 21054
1962 4333 2816 2900 3550  967 3489  718  365  190 1402 1567 2677 24974
1963 2473  985 2641 2141 2029 1549  932 1224  154 1170 2481 3081 20860
1964 1244 1160 3784 1612 1091  857 1110  678 2151  932 1447  673 16739
1965 3881 4561 2369 1198 1965  134  299  678 1353 1353  634  139 18564
1966 1229 1036 1257 2006  330  365  327  396  172 1201  459 1681 10459
1967 4376 1684 3665 1643  764  325  236  139  914 2479   86  271 16582
1968 4696 1140 3817  609 1041 1567  571  289  533  850 1828 1623 18564
1969 1719 1899 3708 1325  187    5  675   27 1422 2242  708  711 14628
1970 1615 2157 1726 2048 1105 1810 1053  383  530 1472 3305 2564 19768
1971 3124 2224 1659 2255 1961 1176  553  967 1529 2143 2379 3815 23785
1972 2583 2213 3468 2962 1835 1237  598 1087 1919 2670 1500 1847 23919
1973 1236 2580 3861 3966 1129 1071 1594  866 1222  944 1973 1091 21533
1974 1638 2254 2808 2018 2429 1059  425 1118 1082 1081 1624 2150 19686
1975 4381 1907 2255 2084 2107 1192 1354  790  900 1832 3024 2969 24795
1976 2556 2426 2275 1666 2013 1439  414 1235 1229  384 1715 1090 18442
1977 2996 2731 3506 2340  546  489  453  597  689  410  330  676 15763
1978 1737 1343 4183 1982 1733  276  383 1273  829 1111 1217 1233 17300
1979 2794 1296 2520 1578 1748 2408  582  841 1775  672 1223  968 18405
1980 1824 1109 2847 3958  230 1224  382 1262 1687 1977 2190  994 19684
1981 2247 2643 1292 1610 1346  734  163  892  465  809 2732 1040 15973
1982 3767 1743 1896 2861 1694  920  669 1360  970  257 1081  447 17665
1983 1158 1847 2376  450  688  432  434  592  523  879 1055 1468 11902
1984 2059 2173 1799 2584  889 1284  498  663  990  358  796 1814 15907
1985  -10  -10  -10  -10  -10  -10  -10  -10  -10  -10  -10  -10   -10
1986  -10  -10  -10  -10  -10  -10  -10  -10  -10  -10  -10  -10   -10
1987  -10  -10  -10  -10  -10  -10  -10  -10  -10  -10  -10  -10   -10
1988  -10  -10  -10  -10  -10  -10  -10  -10  -10  -10  -10  -10   -10
1989  -10  -10  -10  -10  -10  -10  -10  -10  -10  -10  -10  -10   -10
1990  -10  -10  -10  -10  -10  -10  -10  -10  -10  -10  -10  -10   -10
1991  -10  -10  -10  -10  -10  -10  -10  -10  -10  -10  -10  -10   -10
1992  -10  -10  -10  -10  -10  -10  -10  -10  -10  -10  -10  -10   -10
1993  -10  -10  -10  -10  -10  -10  -10  -10  -10  -10  -10  -10   -10
1994  -10  -10  -10  -10  -10  -10  -10  -10  -10  -10  -10  -10   -10
1995  -10  -10  -10  -10  -10  -10  -10  -10  -10  -10  -10  -10   -10
1996  -10  -10  -10  -10  -10  -10  -10  -10  -10  -10  -10  -10   -10
1997  -10  -10  -10  -10  -10  -10  -10  -10  -10  -10  -10  -10   -10
1998  -10  -10  -10  -10  -10  -10  -10  -10  -10  -10  -10  -10   -10