1900  -10  -10  -10  -10  -10  -10  -10  -10  -10  -10  -10  -10   -10
1901  -10  -10  -10  -10  -10  -10  -10  -10  -10  -10  -10  -10   -10
1902  -10  -10  -10  -10  -10  -10  -10  -10  -10  -10  -10  -10   -10
1903  -10  -10  -10  -10  -10  -10  -10  -10  -10  -10  -10  -10   -10
1904  -10  -10  -10  -10  -10  -10  -10  -10  -10  -10  -10  -10   -10
1905  -10  -10  -10  -10  -10  -10  -10  -10  -10  -10  -10  -10   -10
1906  -10  -10  -10  -10  -10  -10  -10  -10  -10  -10  -10  -10   -10
1907  -10  -10  -10  -10  -10  -10  -10  -10  -10  -10  -10  -10   -10
1908  -10  -10  -10  -10  -10  -10  -10  -10  -10  -10  -10  -10   -10
1909  -10  -10  -10  -10  -10  -10  -10  -10  -10  -10  -10  -10   -10
1910  -10  -10  -10  -10  -10  -10  -10  -10  -10  -10  -10  -10   -10
1911  -10  -10  -10  -10  -10  -10  -10  -10  -10  -10  -10  -10   -10
1912  -10  -10  -10  -10  -10  -10  -10  -10  -10  -10  -10  -10   -10
1913  -10  -10  -10  -10  -10  -10  -10  -10  -10  -10  -10  -10   -10
1914  -10  -10  -10  -10  -10  -10  -10  -10  -10  -10  -10  -10   -10
1915  -10  -10  -10  -10  -10  -10  -10  -10  -10  -10  -10  -10   -10
1916  -10  -10  -10  -10  -10  -10  -10  -10  -10  -10  -10  -10   -10
1917  -10  -10  -10  -10  -10  -10  -10  -10  -10  -10  -10  -10   -10
1918  -10  -10  -10  -10  -10  -10  -10  -10  -10  -10  -10  -10   -10
1919  -10  -10  -10  -10  -10  -10  -10  -10  -10  -10  -10  -10   -10
1920  -10  -10  -10  -10  -10  -10  -10  -10  -10  196   86  102   -10
1921   51   76   33   20   74   76  234   91  142  140    0   81  1018
1922   33   91   23   48    8  160  620  150   97  305  137  117  1789
1923  -10  -10  109   91  165   41  135   79  124  272  127   94   -10
1924  119   18   76   28   66   76  241  368   97   36  246   64  1435
1925   30    0  114   23   13  102  455  422  241  419  277  170  2266
1926   28   41   15   58    0   25   13  119   43  323    8    0   673
1927    0   10   10    0    0    0  348  117    5   56   13   20   579
1928    0   20    0   20    0    0  168   99   43   86  165   69   670
1929  104   43    0   66    0  122  114  353   99  152   25    8  1086
1930   10    0   23    3    5   91  579  254   43   30   28   81  1147
1931    0   25    0    3    0    0   61   84   94   76   81    0   424
1932    0   25   41    0    0  150   71  239  191   46    5   15   783
1933    0   69   28   13  206  178   38   76  178   51   25   51   913
1934   25   25   25    0    0    0   66    0   64  109   13   84   411
1935   58   28   23    0    0    0   25   41  157   76    0    0   408
1936    0    0    0    3    0   94  152  140   69   30    0    0   488
1937  224    0    0   28   20    0    0  104   64   94  180  112   826
1938   43   15   30    0   13   58  414  282  292  241  104   58  1550
1939    0   71    0    0    0   64  211  104  168   91    8   58   775
1940   25    3    3   15   38   58  112  132  168  102   48   43   747
1941   46   36   15   18   41   15  160  269  183   81   84   56  1004
1942   38   38   15    8   79   64  549  302  290  175   58   25  1641
1943   23   51   76   18   15  152  127  175  213  117  142   48  1157
1944   46  203   84   43   20   91  254  333  229  178    8   46  1535
1945   33   23   51   23   53   71  170  142   58  109   23   20   776
1946    5    5   20   18   15  140   36  541  127  137   41   28  1113
1947   18   10   91   25   15   28   23  117   18  109   41   23   518
1948   97   46    3  114   10   18  224  198  224  132   30   46  1142
1949   43   20    5   18   41   66  107  411  147   99   56   28  1041
1950  140  107   10   48   58  208  142  315  295   91  109   56  1579
1951    0   30   10   60    0   10  410  310  140  200  120   80  1370
1952   40   10   20   20   40   90  360  290   30   50   50   20  1020
1953   10   50   10   20   20   30   70  230   70   80  110   20   720
1954  120   50   40   20   30  220  390  240  140   90   50   20  1410
1955   20   30   20   20    0  290   80  300  180  110   20  100  1170
1956   70   20   50   20    0   70  360  270  120   60   30   30  1100
1957  190   90   50    0   10  270  200  350  280  280   60   70  1850
1958   30   10   70  100   80  200  150  200  400  310  220   70  1840
1959   10  210    0   80   40   50  360  290  280  330   20   40  1710
1960   40   30   20  120   60   70   50  370  130  180   10   70  1150
1961   70   20   60   40    0   20  460  330   80  110   50   30  1270
1962  260  170   60   70  110   40  310  370  250  130   10   20  1800
1963  130   70  380  350   80   20  420  710   50  230   30   10  2480
1964   20  100    0   20  100   90   20   90   30  210   70   40   790
1965   10    0   70  170   90   10  200  230  110  170  290  130  1480
1966   30   20   50   70   40   90  510  140  120  120  130   60  1380
1967   50   10   90   30   60   70  360   80   50   80  110  190  1180
1968  100   30   40   10   40  110   50   20  150   80  140   60   830
1969   30   30   10   40  130   70   90  220    0  110   60   30   820
1970   18   23   15   38   23    5   38   89   36   41  119   23   468
1971   46   33   41    5   64   30  249   89   43   91   43   46   780
1972   13   48    0    3   15   13   28  284  338  356  109   43  1250
1973   18   41   10  132   48  198  269  559  290  142   91   23  1821
1974   97   15    3    0   15  132  140  150  124   51   41   10   778
1975   43   74   43   46   20  201  254  295  130  102   18    3  1229
1976   10   18   10   25    8   76   94   43  180  147  114    5   730
1977   43   43   46   13   33   48   23  201  201  122   13   46   832
1978   20   43   20   33    8   94  185  127  282   33   81   56   982
1979   13    0   23   28   10   25  206  193   71   97   53   46   765
1980   38   38    5   15    3  142  196  358  185   91   30   20  1121
1981   56   15    8   48   15  130  450  142  132   81   15   23  1115
1982   43  109   61   86   99   53  198  218  150  142    5   33  1197
1983    8   23    0   51   18   28   25  264  236   91   64   13   821
1984   48   41   28   69   18    8  211  417   38   84   30   20  1012
1985   13   25   38   13   64  163  155  130  147  114   64   41   967
1986   41   36   23    8   18   18  201  175  368  109   36   23  1056
1987   33   20    8    0   33   15  493  254  348   43   13   46  1306
1988    5   10   25    8    5   38  188  399  104   61    3   66   912
1989    3   74   50  107    5   91  810  429  175   51    0   51  1846
1990   10   20   30   20   30  100  340  300  140  110   40   30  1170
1991   20   20   10   20   40   20   60   50   90  100   20   10   460
1992   10   30   30   30   20   40   70  170  120   50   60   60   690
1993  110   40   30   10   30  110  170  250  380  130   60   30  1350
1994   10   10   30   10   90   40  140  520  110   80   20   40  1100
1995   20    0   60   30    0   90  280   80   40   40   50   10   700
1996    0   30   20   30  100   20  260  140  210   40   30    0   880
1997   20    0   10   30    0  160  130  630  170  180   20   20  1370
1998    0    0   10   40   50   50   50  380  250  230   80  120  1260