1900  -10  -10  -10  -10  -10  -10  -10  -10  -10  -10  -10  -10   -10
1901  -10  -10  -10  -10  -10  -10  -10  -10  -10  -10  -10  -10   -10
1902  -10  -10  -10  -10  -10  -10  -10  -10  -10  -10  -10  -10   -10
1903  -10  -10  -10  -10  -10  -10  -10  -10  -10  -10  -10  -10   -10
1904  -10  -10  -10  -10  -10  -10  -10  -10  -10  -10  -10  -10   -10
1905  -10  -10  -10  -10  -10  -10  -10  -10  -10  -10  -10  -10   -10
1906  -10  -10  -10  -10  -10  -10  -10  -10  -10  -10  -10  -10   -10
1907  -10  -10  -10  -10  -10  -10  -10  -10  -10  -10  -10  -10   -10
1908  -10  -10  -10  -10  -10  -10  -10  -10  -10  -10  -10  -10   -10
1909  -10  -10  -10  -10  -10  -10  -10  -10  -10  -10  -10  -10   -10
1910  -10  -10  -10  -10  -10  -10  -10  -10  -10  -10  -10  -10   -10
1911   32   44   37  235  173  560  742  726  627 1069 1304 1217  6766
1912   30   61   27   51  246  543  960  897  648 1047  813 1081  6404
1913   21  233   13   39  378  904  876  691  732 1119  821  985  6812
1914   19   26    5  191  206  512 1225  744  756 1025  809  573  6091
1915   30  316  345  148   99  916  867 1302  483  750  549  632  6437
1916   31  174  150   40  342  273 1203  810  541 1211 1568 2073  8416
1917   62  148   97  143  310  275  953  859  510  536 1412 1455  6760
1918  119   32  334   71  346  651 1169  465  359  675 1493  451  6165
1919   35  315  272  265  299  230  619  522  719  547 1051  634  5508
1920   23  313   42  356  321  561 1076  607  768  750  538  728  6083
1921  206  156  221  181  245  322  487  483  485 1085  689  824  5384
1922  163  619  320  313  266  646  445  583  618  687 1195 1022  6877
1923  121   51   36   87  408  287  461  408  675  718  797 1137  5186
1924   92  128   67   95  114  405  477  929 1002 1197 1482 1046  7034
1925   54   61  443  112  101  312  493  509  676  898  956  499  5114
1926   30   91   57   68  369  339  796  699  621  637 1280  811  5798
1927  758  263  162  333  152  523  651  712  748  622  724 2263  7911
1928  246  202   27   73  318  523  614  661  583  508 1109  975  5839
1929   29   48  127  209  332  316  682  416  788  615  963  600  5125
1930  177  152  192   89  258  381  498  543  626  910  902  542  5270
1931   91   81  361  134  775  794 1010  727  591  833 1142  756  7295
1932  522  341  503  287  683  459  663  514  413  922 1116  507  6930
1933  399  310  154  183  472  478  695  857  779  768 1302  850  7247
1934  234  261   74   26  221  184  581  568  499  888 1265 1379  6180
1935  135  251   99  120  448  223  536  796  679  990  944 1715  6936
1936   56   46  488   76  371  628  695  499  587  809 1150  979  6384
1937  588  111   25  133  403  719  477  842  754  652 1183 1365  7252
1938  140  188  393  168  344  252  792 1363  802  918 1803 1834  8997
1939  180   67  256   84  249  318  768  566  463  948  971  462  5332
1940  724   80  348  130  200  355  514  547  375  773  983  532  5561
1941  245   55    6  159  433  384  502  562  571  621  435  188  4161
1942  281  119   95  522  819  679  590  470  734 1149 1511 1160  8129
1943  607  771  418  567  496  373  521  685  510 1050  416  603  7017
1944  267   44  126  226  937  598  577  664  700  732 1784  669  7324
1945  163   69   82  367  649  814  495  575  460  708  490  324  5196
1946  194   91   58  482  578  445  528  863  657  730  600  717  5943
1947  259  216   55   63  234  438  832  626  419  862  277  378  4659
1948  240   54  155  311  462  575  833  982  440  672  643  288  5655
1949  122  199  165  146  292  630  500  870  515 1134  813 1130  6516
1950  992  369  195  272  642 1081  597  982  563 1150 1453  852  9148
1951 1106 1619  623  238  402  551  503  369  385  429  563  603  7391
1952  355   88   50  275  298  404  800  437  576  533 1120  865  5801
1953  527  359  216   52  539  328  556  409  598  523  290  564  4961
1954  397  232   30  319  324  542  736  510  307 1792 1027 1482  7698
1955  605  369  224  284  199  806  735  382 1685 1331 1679  570  8869
1956 1510  594  191  342  386  368  426 1255  430 1042  706 1136  8386
1957  572   30    8  128  252  436  499  387  454  702  961  413  4842
1958   65   25   16  148  750  778  723  930  456  201  373  450  4915
1959  179   76   10   80  916  377  383  628  297  615  349  150  4060
1960  548   34  130  286  262  412  555 1499  407  275  286 1120  5814
1961  191   59   14  160   49  309 1035  646  793  493 1571  553  5873
1962  358  164  125   25  800  740  438  666  401  477  499  440  5133
1963  375   41  179  312  956  482  704  649  711  473  955  186  6023
1964   39   20   86  116  535  782  801  474  607 1208  323  767  5758
1965  951  564   49   91  252  441  704  759  253  721  693  342  5820
1966  181  311   96  489  255 1143  719  773  827 1026 2010 1545  9375
1967  400  237  295  453  601  269  768  329  434  763  929  496  5974
1968  286  206  271  449  499  823  523  420  572  293  293  267  4902
1969  838  275  165  469  340  317  573  621  398 1194 1235  520  6945
1970  247  103  919  106  393  617  753  786  398 1351 1726 2171  9570
1971  583  186  100  144  324  299  411  399  750  448  539  788  4971
1972  594  197  353 1447  423  213  580  552  353  596  522  583  6413
1973   93   58   33  397   80  559  191  869  689 1031 1151  938  6089
1974  387  196  242  173  779  143  693  459  518  673  861  210  5334
1975  272  110   38  120  301  397  475  593  771 1150  591 1826  6644
1976  290  409  159  277  197  515  540  376  467 1064  482  302  5078
1977   86   23  179  195  409  909  453  842  485  327  667   45  4620
1978  130   77  104  522  313  815  739  492  281  587  343  325  4728
1979  278   25  158  408  391 1043  379  334  586  520  609 1575  6306
1980  340  298   38  134  575  313  507  766  645  418  777  450  5261
1981  311  869   81 1656  662  484  685 1519  556  228  517  732  8300
1982  589  261   65  306  697  505  440  331  358  479  248  589  4868
1983  202    8   47  444  540  568  756  478  380  435  186  443  4487
1984  322  146   24  142  123  271  746  450  936  855 1703  735  6453
1985  354  290  149  364  262  291  636  632  545 1134 1572 1824  8053
1986  213  171   87  198  501  555  358  452  796  905  371  325  4932
1987  111   15  120   65  802  296  634  657  786  754  610  495  5345
1988  127  288  164  120   82  771  806 1667 1330 2604  902 1314 10175
1989  486  369  310   21  521  497  614  429 1216  327  818  302  5910
1990  298  381  135  194  589  589  667  804  383 1682  901  799  7422
1991  216  123   95  189   39  141  283  -10  224  -10  -10  545   -10
1992  126  -10  -10  416  444  878  643  556  -10  183 2086  394   -10
1993  376  101  118  -10  -10  -10  586  643  614  194  -10  144   -10
1994  195  -10   23  221  -10  407  599  640  511 1376  440  236   -10
1995  299  -10  -10  -10  -10  -10  -10 1392  757 1051  542  596   -10
1996  404  177   91   46  688  588  904  801  722 1774 1208  955  8358
1997  600  371   43   86  172  -10  692  226  331  435  599   40   -10
1998   47  191  225  245  586  594  832  674  529  890  691 1390  6894