1900  -10  -10  -10  -10  -10  -10  -10  -10  -10  -10  -10  -10   -10
1901  -10  -10  -10  -10  -10  -10  -10  -10  -10  -10  -10  -10   -10
1902   27  172  458 1082 1432 1825 1482 3436 4848 2067  454  191 17474
1903   38  111   72  139 3286 4779 2406 3789 3791 2116  261  349 21137
1904   21   58  428 1974 3966 2430 1971 1764 4795 2828 1439   40 21714
1905   74   75 1262  793 3908 3444 3641 3505 3780 1962  764   10 23218
1906   42   41   66  259 1913 4154 4015 3514 4112 1468  418   24 20026
1907  161   83 2526  178 3410 3040 1999 1959 2716 2757  776   39 19644
1908   89  307  118  865 3200 3976 3925 4633 5157 2999 1160   94 26523
1909   53  132  207  584 1934 2708 3388 5076 4090 2259 2079   14 22524
1910  353  844  916 1020 2055 5630 2540 5621 4498 2429  457  251 26614
1911  507  237  182 1358 2463 3938 1998 2578 3899 2205  181  244 19790
1912  133  185  294  807 1859 4353 6096 4245 3486 1455 1023  214 24150
1913  368   95  221  517 1858 4864 2889 3257 3347 1525 1145  115 20201
1914  220  468  964  552 1858 5894 2625 1752 2912 1658 1145  350 20398
1915    0    4  300  660 2274 2050 2153 4556 3429 4433  233  126 20218
1916   42  459 1367  339 1408 5244 3297 3392 4889 3299  412   70 24218
1917    2   11  505  404 2022 3492 2674 3781 4392 3437 1626  212 22558
1918    4  192  615 1557 3121 2709  740 2571 3366 1291  406  150 16722
1919    1  907  346  902 2757 3785 4345 1993 2695 1144  657   39 19571
1920   25   72  440  613 1081 2763 2620 2225 3161 1360  265  932 15557
1921  351  212 1246 1414 3593 1902 4229 2182 3982 1010  128   65 20314
1922   96   95  720  888 1482 1733 3094 2331 4879 1167  808   70 17363
1923   97  545 1427  996 2606 2552 2238 3439 4462 2882 1010    6 22260
1924  233   54  962 1149 1864 3675 5276 2707 2982 3603  148    0 22653
1925   92   42  784 1699 1622 2180 1869 3954 2618 1347  328  161 16696
1926   92  386  754  186 1223 2691 2574 4219 3893 2682  143  396 19239
1927  146  541  205  990 2813 2995 2588 2617 1909 1923   50   79 16856
1928   32 1318  439 1685 2242 3457 1470 2249 3302 2878  207    4 19283
1929  443  419  724 1223 2880 2865 2812 3120 2319 2449   50  226 19530
1930   35   99  191  777 2370 2121 2360 1770 4145  759  804  138 15569
1931    4  189  194  840 2014 2584 2381 2770 3149 2220  272   29 16646
1932   64  196  168  478 2115 1812 5047 1246 3707 2641  852    6 18332
1933    0  200  328 1307 1336 4344 5106 2412 4966 1762  418    0 22179
1934   16  129  371 1093 1806 1876 3088 4436 4226 1655  730  278 19704
1935  232  655  754 1756 2524 3091 8017 2563 3837 2023  992  385 26829
1936   80  586  554  816 2586 4225 3238 2019 2545  608  661  137 18055
1937   64  457  361 2295 2122 4271 5931 2325 4735 1157  509   31 24258
1938   54  502  450 1593 2824 5152 3606 3387 5313 2976  941  146 26944
1939   34   88 1582  803 3100 3210 2169 2044 3742 1556 1774   12 20114
1940    0  239  121  935 3724 2974 3257 3383 2430  966  856    7 18892
1941  387  349  522  348 2927 3033 5288 2367 2814 3206  360  139 21740
1942  644  101 1218  727 2804 3625 2934 3490 4441 2350  847  137 23318
1943   21   96 1111 1976 3702 2690 3075 2778 4960 1876  698   45 23028
1944   76  232  462  899 2431 3905 3221 4275 3631 2891 1416  101 23540
1945  627 1949  670 1849 2041 5841 4341 5610 4451  206  642  502 28729
1946    0  116  447 1955 5939 3344 3003 4027 3503 2967  192   25 25518
1947  209  205  511 2190 2045 4079 3307 4541 3655 1792  135   13 22682
1948  271  199  626 1896 2855 4370 4841 4721 4264 2695  106   53 26897
1949  594  411  537 1155 2728 2407 4138 5318 4077 2221  406    7 23999
1950    0  229  333 2074 2684 4814 2793 2491 5426 3639  581   73 25137
1951  235   97  383 1687 2598 3464 4424 2185 3771 3491 1056    0 23391
1952   26  293 1033  883 1916 3095 3665 4273 4612 5940  564   16 26316
1953   99  872  688 1059 3772 4614 6018 3275 3649 1520 1901   56 27523
1954  428  108  730 1214 2457 3633 2746 5900 6291 1284  112   97 25000
1955    0   34  683 1493 2738 6134 2482 4471 4404 2507 1339   80 26365
1956  115  298  681 1338 3728 3130 3017 3052 5449 2074  941    0 23823
1957    2  639  808 1357 1225 3212 3210 4158 6923 4622  376    0 26532
1958  277  451  278  160 2559 2917 3341 5581 4819 2112   37    0 22532
1959    0  272 1595  876 1633 2622 5539 3594 3268 2150  290   83 21922
1960   15  103  753  225 3432 2806 4403 4311 4916 6214  878   16 28072
1961  191 1094  655 1214 4002 2816 2485 3422 2881 3397  194  227 22578
1962    3  360  554 1232 2462 2767 4033 3440 6403 1301  217   25 22797
1963    0  422  368  675 1044 2853 2547 4190 4455 3606 1486   48 21694
1964  136  303  359  902 4735 4504 2404 4231 4679 2603  406   26 25288
1965    3 1093  215  469 2743 2435 1977 2761 4157 2141 1028  103 19125
1966    3  324  472 1281 5405 3963 2971 5284 4168 2195  461  305 26832
1967   71  314  128 1239 2408 1956 2925 3155 3747 2641  207    3 18794
1968  183  517  224 2186 2064 4821 4085 3740 2784 1197  118   85 22004
1969  426  203  547  604 3397 4205 5834 2463 6313 1828  413   83 26316
1970  290  395 1240  891 1822 4774 3977 4957 3362 2221  319  785 25033
1971   11  586  306 1227 2785 3870 2224 3379 2991 1497  148  117 19141
1972    0  323  629 1590  681 3104 2033 2053 4713 1340  921  539 17926
1973   41   54  417  521 2178 2943 3147 2366 3910 1590 1041   38 18246
1974   48  253  841 2231 2786 1115 2165 4620 2572 4536  882   59 22108
1975  494  216  657  606 2027 5369 2348 3646 3114 2116  376  170 21139
1976  -10  -10  902  828 3150 1420 4772 3775 3662 2757  -10  -10   -10
1977   96  412  308  262 2586 2004 3013 2714 3863 1450  334  -10   -10
1978  477  382  158  707 3240 3648 3091 3836 4672 1953   72    3 22239
1979  116   27   11 1239 2407 3555 4494 2103 4724  492  223   11 19402
1980    0  191  382  766 1780 6115 3767 4704 3245 2676  273   16 23915
1981    0  818  504  993 3084 3407 3899 3608 4148 2166  880    0 23507
1982    0  211  540 1148 2094 4515 4451 4243 3204 1883  546   84 22919
1983    0    9  192  126 3617 3658 3642 6412 4947 5534 1287  142 29566
1984   96   86  282 1623 3721 4134 2019 4172 3623 1926  367   96 22145
1985  175  194  788 1246 2315 3052 3133 2597 3764 2865  305    0 20434
1986    0    9   41  943 4777 3816 2357 3408 3284 2892  688   83 22298
1987    0  126  268  398 1462 4523 1977 3553 3709 1774 1750    0 19540
1988    0  103  267 1313 3372 4629 4183 3433 3617 4000   31    0 24948
1989  258  172  663  490 2772 1945 2791 3849 2595 2807  598   43 18983
1990   49   83 1474  856 3185 2359 2558 4016 5027 3621  492    1 23721
1991   31   65  307  666 2254 2167 3076 3981 6287 2643  251   51 21779
1992  127   96   32  243 1355 2621 3027 4031 2729 2572   15  248 17096
1993  237   43 1520  477 1576 2817 2223 4616 5525 2301   79    6 21420
1994    0  298 1069  551 2223 4898 2293 4761 4997 1225  -10   24   -10
1995  135  -10  -10  -10 2816 3832 3736  -10 5266  -10  113  223   -10
1996   11  449  105  -10 2764 2723 3213 2202 4859 2278 1150    4   -10
1997   59  846  -10  -10  -10 1364 2362 2968 3990 1985  279    5   -10
1998  380  312   82  797 3392 3650 3429 3548 4869 1781 1296  100 23636