1900  -10  -10  -10  -10  -10  -10  -10  -10  -10  -10  -10  -10   -10
1901  -10  -10  -10  -10  -10  -10  -10  -10  -10  -10  -10  -10   -10
1902  -10  -10  -10  -10  -10  -10  -10  -10  -10  -10  -10  -10   -10
1903  -10  -10  -10  -10  -10  -10  -10  -10  -10  -10  -10  -10   -10
1904  -10  -10  -10  -10  -10  -10  -10  -10  -10  -10  -10  -10   -10
1905  -10  -10  -10  -10  -10  -10  -10  -10  -10  -10  -10  -10   -10
1906  -10  -10  -10  -10  -10  -10  -10  -10  -10  -10  -10  -10   -10
1907  -10  -10  -10  -10  -10  -10  -10  -10  -10  -10  -10  -10   -10
1908  -10  -10  -10  -10  -10  -10  -10  -10  -10  -10  -10  -10   -10
1909  -10  -10  -10  -10  -10  -10  -10  -10  -10  -10  -10  -10   -10
1910  -10  -10  -10  -10  -10  -10  -10  -10  -10  -10  -10  -10   -10
1911  -10  -10  -10  -10  -10  -10  -10  -10  -10  -10  -10  -10   -10
1912 3908 2381 2644 1304 2691  725  278 1198 1114  877 1386 5142 23648
1913 2809 2133 5627 1463  780  477 2425  645 1506 1864 1087 3235 24051
1914 2081 3571 2845 3428 2961 1437  408 2194 2918 1184  217 3681 26925
1915 1101 1489 5221 1349  547  818 1279  687  949 1831 1828 2458 19557
1916 3089 4327 2780 3620 2066 1809  354 2955 2440  723 2147 3178 29488
1917 4311 1743 3133 2893 1874 1859  921 2870 2050 2170 2986 2958 29768
1918 1179 4278 2660 1803 1949 1475  683 1565  756  973  687 3249 21257
1919 2398 1806 3306 4415  781 1309 1386  922 1895 2686 2759 2939 26602
1920 1511 3211 3085 3039 1780  430  497  525 1592  992 1127 4140 21929
1921 4759 2830 3866 4656 1492  786  737 1894 1669  795 3430 5942 32856
1922 5598 3747 6856 2330 1377  380  551 1660 2080 1398 2392 3228 31597
1923 1922 3740 3577 1284 1132 1260 1074 1044  991 1624 2288 1764 21700
1924 2034 3137 3552 1931 2642 3812  912 4145 2705 2025 1612 2244 30751
1925 3330 2457 2021 2326 1454  890 1037  834 1495 3036 1057 1456 21393
1926 1371 4312 2716 1919 1262 2556 1278  271 2197  592 1229 1295 20998
1927 7173 3832 1292 1782 1262 1586  559 1501 1249 2921 2641 3418 29216
1928 2811 3168 4077 2974 2031  477  802 1158  744  356 1052 3397 23047
1929 3654 4334 3154 2305 1188 1765  997 1719 1085 1687 2525 4848 29261
1930 4085 4863 3158 1463 1772  869  552  304 1347  164 1743 1492 21812
1931 2456 5027 4395 1432 1140  615 1225 1051 1263 1436 1740 2012 23792
1932 2817 3702 2695 2124 1501  417 2159 1515  596 1427 1957 3035 23945
1933 1400 3124 6254 5608 1605 1228  331  510  390 2300 2458 3802 29010
1934 2473 4514 5488 1866 3073  593 1465  886 1630 1822  996 1386 26192
1935 5430 1555 3056 2158 1377  823 1242 2728 2280 2593 4532 3269 31043
1936 2377 2443 2673 1404 3751  578  607  534 1216 4237 1765 2638 24223
1937 2196 2463 3877 2085 2438  400  703 1812 1286 1119 1244 1431 21054
1938 3203 2247 2332 1144 1802  798 2034 1161 1203 3052 3473 6283 28732
1939 6610 1522 5306 3134 1212  357  931 1060 1030 1439 1952 1629 26182
1940 1402 1540 4221 2854  867 1084  665  798 2005 1711 1006 3571 21724
1941 1944 3380 1436 7382 1029 1519  576 2256 2171  573 1674 2364 26304
1942  418 1673 1377 3331 1092 2624  702 1092  982 1168  503 2253 17215
1943 1985 1203 1939 4243 1859  290  259  336  907 2532 2198  958 18709
1944 2726 3388 4629 2499  990  695  539  626 2402  471  404 1828 21197
1945 3551 1672 3378 1987 2146 1007  391  557 1530 2237 1637 2829 22922
1946 4046 4194 5433  707 1129  964  769  742  303 1037 1390 1227 21941
1947 2817 3149 4552 2221 2035 2045 1125  731 1072  711 1036 1309 22803
1948 3485 5341 2931 3375 1033  652 1167 1364  458 1437 2143 2130 25516
1949 3091 1985 4068 3408 4832  408  913 1594 3000 1248 1750 3143 29440
1950 4044 2713 5170 2142 1459  344 1111  752 2186 1779 2988 2513 27201
1951 2582 3300 2593 1570 1599 1840  545  640 1042 1663  189 2584 20147
1952 2284 3099 2942 1444 1252 2079 1707  315 1690  176 1646 3628 22262
1953 4140 2855 3422 1811  950 1315 1712  344  348  251  300 3172 20620
1954 4539 2741 3763 3140 1166 2314 1165 1484 2317 1081 4114 2270 30094
1955 2577 2514 5854 2685 3005 3002  436 1132 3393  972 2617 3388 31575
1956 4851 4616 6738 2256 1528  766 1525  452  658 1708 2157 1543 28798
1957 5109 3558 3813 2393 1480 1453  296 1169  669  945 1175  647 22707
1958  695 2308 2472 5643  890   98 1077  348  199 1281 2957 1414 19382
1959 3487 1358 3653 3308 1245 1277  158 3450 2437 1053 1811 2317 25554
1960 2722 3869 5581 3518  984 1592 1898  387 1057  965 2635 2644 27852
1961 1960 4379  891 2851  932 1032  778 1528 2052  505 4475 3213 24596
1962 4317 3760 3319 2239 1217 1546  985  389  537  715 1996 2180 23200
1963 4946 1389 2422 3438 2069  934 1393 2650 2257  502 1775 2932 26707
1964 1392 4676 7198 1713 1119 1435  616 1068 1061 2258 1631 1710 25877
1965 3620 5397 3798 1360 2679  370  598  762 1614  583  609  401 21791
1966 3070 1294 2502 3147 1076  618  454  693  191  632  984 2530 17191
1967 2782 3475 1935 3072 1069  246  364  214 2001 4534  600 1100 21392
1968 1758 2397 3761 1185 1275 1418  871  519 1172 1119  875 2198 18548
1969 1317 2290 3236 1526  303  123 1823  512  414 1742 1789 1799 16874
1970 1646 4539 1825 2489 1499 1850 2144  218 1398  918 4430 2495 25451
1971 3379 3694 3760 2053 1801  759  691  902  980 3763 2188 3207 27177
1972 4053 3539 2818 2601 2181  637  664  775 1085 4222 2215 2570 27360
1973  964 2546 6022 3635 1169 2052 1978 1133 1609 1492 1680 1998 26278
1974 3505 2770 4952 3773 2593  987  491 2264 1452 2209 2684 2690 30370
1975 4356 1812 2911 1664 2618 1307 1664  232 1087 3742 4980 3626 29999
1976 3156 2713 2316 2236 2301  917  314 1827 2992  809 2020 1015 22616
1977 5571 3897 5230 2800  546  191  494  838  818  338  317  975 22015
1978 2324 1530 3372 1874 1593  556 1001  679  812 2376 1227 1492 18836
1979 5428 2161 3302 2401 2513 1947  424  649 2081  438 1373  518 23235
1980 3035 3018 2442 4306  231  934  655 1001 2398 2940 2978  959 24897
1981 5433 3300 1536 3387 1784  743  261 1842  628 1174 3881 1377 25346
1982 5523 2212 3646 1861  938 2449 1616 1451  255  738 1206 1188 23083
1983 1505 2324 3191  501  549  385  629 1327  385 1418 1616 3331 17161
1984 2719 2448 3344 2947 3533 1315  366  893  406  401 1277 7191 26840
1985 3138 2678 5073 2217 2800 1023 1909 1282 3482 2289 1040 1261 28192
1986 2413 2692 4633 8389  688 1702   77  720 1009  671  894 2764 26652
1987  616 3955 2777  658  339  326  124  140  121  318 1425 3050 13849
1988 2942 2439 2110 2445 1747  519 1331  381  724 2559 1369 4610 23176
1989 2929 5175 2984 3383 3788  359  340  762 1224 1877 1081 1582 25484
1990 1862 1453 4175  899  543 1815  950 2729 1318 1163 3596 1453 21956
1991 4626  -10 2126 3208  316  305  846  693 1492  601 1288  636   -10
1992  896 1633 1741 2163 2044  935  204  719  842 1604 1671 4718 19170
1993 1815 7002 3374 1899 2491 1081  110 1716  619  227 1449 2110 23893
1994 3121 4150 2336 1144  980  -10  -10  -10  911  281 1270 1759   -10
1995 2379 3054  -10 2355 1434  448  -10  274 1014  588 1394 1712   -10
1996 3323  -10 5877  888 2838 2623 1569  515  575  -10  -10 3845   -10
1997  -10  -10  -10  -10  -10  -10  -10  -10  -10  -10  -10  -10   -10
1998  -10  -10  -10  -10  -10  -10  -10  -10  -10  -10  -10  -10   -10