1900 1882  298 1590 2988  807   50   48  178    1 1368  745 3473 13428
1901  710 1329 1624 2105  260   49   48  378  851 1493 1565 3395 13807
1902 2012 1180 1932 1398   34   42   48   70 3533  664 1707 2565 15185
1903 1079 1675 1121  622  122   38   48  223 1887  938 1292 2363 11408
1904 3617 1278 1345  686  209   38   48   70  171 1947 1143 1361 11913
1905 1399 1161 1307  209  669   24   67   84  909 1091 1095 1373  9388
1906 2871 1558 1346  573    9   24   45   58 3905 1406 1326 1540 14661
1907 1803 1759 1521 3498   95  195   87   86 1183 1143 1454 2207 15031
1908 1350 1366  889 1129  609   21   45   62  264  892 1592 3222 11441
1909 2261 1867 2853 2045  276   24   45   41  149 1597 1031 1962 14151
1910 2604 1618 1627 1817   10   13   45 1005  183 2208 2053 1701 14884
1911 1416 1310 1956  822 2069   10   45  141 1017  715 1677 2362 13540
1912 2624 1828 1583 1241   64   25   45   47  967  516 1191 2174 12305
1913  869 1869 2569 2481  924   20   45   68 2783 1171 1871 1324 15994
1914 1452 1511 1591 1795  147   20   45  215    7 1079 1017 1900 10779
1915 1590 1272 1898 1387   40   15   45   14 1119  957 1241 2289 11867
1916 2494 1344 1776 1462  692   10   45  137  279  850 2445 3681 15215
1917 2955 1921 1347 3774  679   86   48  132  452  730 2089 1562 15775
1918 1185 1415 2368  923  148    9   71   53   54 1005 1850 1937 11018
1919 1346 1573 2022 1496   10    9   45    5  716 2240 2788 2079 14329
1920 1318 1172 2392  732  686    9   45   66 1713 1148 2061 2746 14088
1921 1750 1372 2494 1314 1574   44   45  168  693 1200 1855 1901 14410
1922 1540 1790 2082  802 1719   13   45   36    0 2508 2502 2312 15349
1923 2169 1971 2666 2540  344    9   45   19  473 2669 2312 2414 17631
1924 1997 1108 2308  350   13    9   45   19 1012 2551 2200 2204 13816
1925 2213 1770 2569 3425 1913   13   45   19 4109 2143 2193 1953 22365
1926 1848 1615 2787 3785  460    9   45   19  924 2510 2184 2262 18448
1927 1482 1438 2129 1924  137    8   45  492    0 2340 1856 2487 14338
1928 1688 1384 2122 1067   47    8   29   10 2039  483 1924 1888 12689
1929 2279 1290 1962  257    0    8   29   10  706 2200 1519 2245 12505
1930 1500 1104 1949 3511    9    8   29   10 1303 1053 1875 1711 14062
1931 2151 1600 2501 2643  192    8   29   10 1290 2280 2534 2531 17769
1932  908 1259 1141 2146  761  129   25  218 1193 1235 1823 1890 12728
1933 1891 1539 2624 1220   42   45   94   26  253 1063 2218 2503 13518
1934 1637 1322 1898 2133  162   63  116  331  318 1312 2001 2161 13454
1935 1532 2217 1174 1431  831    6   27  238  790 1252 1595 1839 12932
1936 1397 1671 1893 1694  439   54   61  173 1131 1645 1379 2143 13680
1937  987 1037  933 1553  418    0    0  216  875 1078 2138 3499 12734
1938 1396 2608 1389 2123  121    4  102   57  345 1591 2568 2396 14700
1939 1775 1611 1557 1630  747    4  202  449 1052  915 2542 2064 14548
1940 1372 1051 1913 1898  311  340    0  104 1149 2609 1687 1652 14086
1941 1071 1476 1846  627  559    0    2  518  872 1227 2501 2794 13493
1942 1479  668 2057 1795  699  117    0  497  662 3405 1806 2153 15338
1943 2369  995 2406 1645 1353    4  186  938  852  986 1638 1957 15329
1944 1572 1092 1954 1703  514  172    4  632 1174 1652 1619 3290 15378
1945 1448 1558 2335 1900  356  166    0  655 1038 1480 1766 2288 14990
1946 2399 1381 1224 1754  162    0   22  227  900 1226 1665 2286 13246
1947 3162 1734 1310 2072  629    0    0   36 1038 2382 2121 2415 16899
1948 1614 1813 1851 1689  590   12   11   76  412 2627 3300 3651 17646
1949 1065 1425 2178 1602  556   28    0  549  658 1350 1549 2090 13050
1950 1955 1217 2979 1179   36    0  699  161  540 2206 1600 1904 14476
1951 1936 1611 1326  953   40    2  283   18  903 1657 2214 1894 12837
1952 1383 1966 1554 2302   80   25    0   75  920 1551 3453 2103 15412
1953 1513 1546 2588 2410  818    0    0  113  276 2109 1717 2768 15858
1954 1880 1147 1928 2623  701    0    0  258  910 1692 2637  863 14639
1955 1297 1779 1651 2367  703    8    4   23  609 1934 1560 1478 13413
1956 1666 1178 2679 2464  313    0    0  597  731  895 3023 2027 15573
1957 1495 1167 2508 2089  206    2   20  498  929 1484 1515 2163 14076
1958 2495  646 1637 1750  547    2    0  401 1012 1436 2647 2418 14991
1959 1482 1782 1317 1549  820   16    0   42  814 1571 2342 2086 13821
1960 1594 1394 1908 2130  766   67   34  214  734 1073 1894 2644 14452
1961 2149 1777 2273 1412  687   22    0  268  572 1754 2177 3039 16130
1962 1862 2081 2431 2405  263   10   10  458  918 1162 2060 1306 14966
1963 2304 1693 1548 1232  178   16   67   92  621 1521 2768 2360 14400
1964 2530 2609 1413 1868  147    4    0  538  943  887 1818 1402 14159
1965 1343 1640 2357 2153   38  247   18  227 1382 1348 1641 1490 13884
1966 1346 1726 3387 2246   48  562    4  893  883 1188 2856 1940 17079
1967 1398 1051 1590 1198  496  232    0  875 1291  868 3088 2363 14450
1968 1238 1940 2213 1160  129   11   65   14  593 1225 2345 2962 13895
1969 2078 1308 2199 1820  275    0    0  198  633 1760 1459 1902 13632
1970 2153 2123 2645 1014  255   81   56  383  653 2226 1682 2362 15633
1971 2714 1480 1220 1858   49    0  107  140 1503 1583 2716 1431 14801
1972 1387 1658 1092 1990  242   24    0  442 1499 2645 2132 1789 14900
1973  963 1733 1252 1270  549    0   17  149  742 1863 1763 2453 12754
1974 1961  877 2040 2717 1742    0   45  889  525 1587 2488 2377 17248
1975 1560 1394 2137 1803  690    4   45   41   61  576 1912 2151 12374
1976 2111 1792 2496 4420 2069   10   45   28 3758 2179 1593 1961 22462
1977 1747 1326 1816 2533  139   10   45 1410 3769 1269 1835 2200 18099
1978 1609 1585 2816 4380  434   12   45   95 1171 2076 2729 2411 19363
1979 2663 1739 2079  872  408   10   64 1056  190 2172 3641 2642 17536
1980 1271 1295 2192 2739    0   10   45  112 1784 2262 2244 1835 15789
1981 1585 1419 2121  895    3   16   45   51   45 1346 1923 1277 10726
1982 1471 1218 1128 2599 1965   10   45   28  903 2804 2606 1695 16472
1983 2014  888 1673 1875 1411   12   45   70  147 1857 1737 1943 13672
1984 1570 1096 2071 1192  150   10   45   34  693 1681 1792 1929 12263
1985 1653 1602 2612 1170 1184   10   45   28  805 1075 1257 2136 13577
1986 1844 1235 2728 2627   56   17   45  407 2634 4498 2155 1693 19939
1987 1561 1602 1171  545  802   10   45   56  952 1525 1597 1875 11741
1988 1952 1025 1839 2126   24  324   45  400 1504 2346 1365 2157 15107
1989 1684 1492 1963 2335   32   10   45   33  245 1299 1072 1814 12024
1990 2175 1300 1458 3011  885   10   45   19  365 2221 1333 2342 15164
1991 2251 1398 1711  457  263   10   45  335 1138 2261 1638 2599 14106
1992 1035  987 1099 1959  581   10   45   19  268 1763 1678 1920 11364
1993 1932 1514 2211 2656   13   10   45  262 2134 1230 2795 1812 16614
1994 1838 1521  619  613    3   10   45   29  585 1514 1223 1591  9591
1995 1046 1879 1423  302  203   10   45   81  804 1353 1546 1951 10643
1996 1668 1135 1112  368  282   10   45   24  623  773 1765 1844  9649
1997  -10  -10  -10  -10  -10  -10  -10  -10  -10  -10  -10  -10   -10
1998  -10  -10  -10  -10  -10  -10  -10  -10  -10  -10  -10  -10   -10