1900 3119  747  987  195   45   23    2    2    0   75 1062 2748  9005
1901 1367 1838 1205  292    4   11    1   28   81  224  963 3034  9048
1902 2307 1066 1417  244    1    1    1    1   32  223  900 1009  7202
1903 1641  568  621   98   79    0    1    3   13  218  864 1513  5619
1904 2887  923 1027   85   46    6    1    1    9  406  389 1813  7593
1905 1371 1761  675   17   31    1    3    1   20   24  314 1023  5241
1906 1917 2204  765   64    6    2    1    1   70  322  840  915  7107
1907 1580 2540  678  421   33    5   17   14    5  224 1068 2087  8672
1908 1477 2179  468  120   17    1    2    1    4  105 1033 1955  7362
1909 2633 1388 1429  202   65    1    2    1    7  109  270 1620  7727
1910  933 1813 1862  217    1    3   16    1    0  622  901  854  7223
1911 2829 1948  771  119  334    4    1    3    1  100  389 1143  7642
1912 2008 1010  387  208   54   18    2    1    5   32  135 1441  5301
1913  866 2169  580  590   93    1    1   10   32  109  647  491  5589
1914 1388 2748  372  219   31    2    3    6    1    4  633 3458  8865
1915 3053 1465 1055  169   30    2    2    1   51  125  719 1271  7943
1916 1442  332  584  122   18    1    0    2   24   19  743 2693  5980
1917  844 1010  634  193   93    1    1    1    2   50  945 3249  7023
1918 2799 2109 1558   30    4    0   11    2    1   74  896 1247  8731
1919 3056 2053  426   86   10    1    0    0   39  259  818 1849  8597
1920 1929 2135 1139   43   78    0    0    1    2  164  431 1791  7713
1921 2066 1956 1634  197  134    2    4    0    6  203 1053 1571  8826
1922  453 1336  373   41   34    0    1    0    1  478  750 1343  4810
1923 1890 2215 2429   51    5    0    8    0   16   68  422 1036  8140
1924  631  831 1232    3    4    0    1    1    1  200  984 2414  6302
1925 3084 2394 2314  748  316   32    9    0  186  103  314  938 10438
1926 2240 2303 1849   66   12    0    5    0   43   93  447 2002  9060
1927 1567 1732  438  144   10    3    3    2    1  191  735 1361  6187
1928 1908  615  999  179    1    2    2    1   11   17  554 1784  6073
1929 2938 1125 1335   16   11    2    5    6    0   66  925 1939  8368
1930 1597  947 1088  923    4    2    1    0    3    4  689 2244  7502
1931 1158  771  760  195   12    1    4    0    8  140 1110 1594  5753
1932 1957 1438 1890  697  107    0    1    5   17    8  542 2253  8915
1933 2062 1159  132   49    0   12    1    1    1   15 1504 1281  6217
1934 1424 1093  838  365   16   15    1   15   16  216 1172 2350  7521
1935 1908 1114  536  113  138    4    1    3   21   51  373 1063  5325
1936 1499 1771 2533  184  135    8    4    3    1  226 1057 1094  8515
1937 1288 2203  677  105    7    0    1    1    0  142  387 1788  6599
1938 2177 1056  345  277    4   11    1    1    4  232  774 2546  7428
1939 1759 2881 1880  114  103   27   12   33  216  319 1183 2261 10788
1940  910 2041 1671  504    0  122    3    2    8  194  744 1502  7701
1941 3067 1504  433  174    2   32    1    0    2  343  663 1259  7480
1942 1698  577  529   31   23    9    3    2    5  335  412 1504  5128
1943 2017 1765 1675  704   19    1    0    1    7   37  988 1604  8818
1944 1684 3478  581  170    3   54    1    0   19  241  536  729  7496
1945 1654 1477 1525   68  139    0    2    0    5   64  902 1256  7092
1946 3478 1711  801   79   18    3    1    0   28   43  777  969  7908
1947 1199  810  881  159    4    8    1    0   65  233  719 1814  5893
1948 1587 1549 2736  253   66    0    3    1    1  573 1071  500  8340
1949 1183  812 1175   61   54    7    2    0    0   66  702 1898  5960
1950 1214 1750 1022  434   19    1    3    1   18   34  604 1889  6989
1951 1380  463  918  282   33    2    1   25   16 1470  780 1605  6975
1952 3369 2383  200   60   30   24    0    0   12  135  925 1308  8446
1953 3285 1835 1538  413   24    0    0    0   30   69 1252 1714 10160
1954 2223 1630  559   31    2    1    0    0   10  109 1031 3383  8979
1955 2152 1964  729  351   18   19    0    0    0  134  732 1593  7692
1956 1039 2361 1668  457   40   38    3    2   48   67 1154 1477  8354
1957 1536 1262 1129  118   33    0    0   11   49  321  539 2152  7150
1958 2881 3558  306  227    1    9    0    1  124  386  815 2096 10404
1959 1782 1432  400   87   98   25    0    0    1   44  442 2181  6492
1960 1182 1425  417  354  219   43    0    0    1   51 1104 1423  6219
1961 2275 1308 1313  632   29   65    4    8    4   76 1092 1188  7994
1962 2244 1285  394  426    5    1    1    2    1   11 1193 3825  9388
1963 1314 2098  649  296    1   12    1    0    4  269  624 1810  7078
1964 1346 1306  226   29   17    2    1    7    0  101  548 2490  6073
1965 1708  770  195   42    7    3    0    0   61  178  705 1022  4691
1966 1700 2723  706  248   85   70    0   17   28   11  420 1452  7460
1967 2067 1353  700  293  142   11    0   25   19  436  640 1059  6745
1968 1540 1389  503  229  123    0    0    0    0   53  932 2014  6783
1969 1562 1111 2192  306    6    1    0    0   56  661  697 3202  9794
1970  771  704  217  303    0   12    0    0   32  106 1699 1316  5160
1971 2286 1286  308  194   18    1    0    0   14   58 1181 1150  6496
1972 3048 1129  914  470   26    0    3    0   21  270  285  770  6936
1973 1502 1044  401  229   11    1    3    2   59  216  808 2768  7044
1974 2129 2659  985  344  142    5   69    9   51   38 1147 2336  9914
1975 2089 1886  665  225   56    3    0    1    0   68  451 2073  7517
1976 1800 1430 2194  667  167    5    0    0   50  156  725 1367  8561
1977 1240 1689 1341  116    0    0    0   44  144   12  829 2643  8058
1978 2406 1687 1596  641  120   16    4    0   23  350  736 2313  9892
1979 1116 1016  873   75    5    1    1    6    0  436 1157 2342  7028
1980  896 1473  846  240    2    0    2    1   21  234 1046 1570  6331
1981 2363 2763  932  364    5    0    0    3   10  106  953  494  7993
1982 1444 1123  159  147   51    1    2    1   30  680  525  687  4850
1983 1758  796  552  239   73    1    8    1    0  150  457 1596  5631
1984  771 1364  970  224   53   15    8    1   37  201  816 1291  5751
1985 2165 1763  833   83   58    2    5    0   28  151  358 1929  7375
1986 1673 1147  867 1064    1    0    0    0   20  797  474 1453  7496
1987 1120  565  389   18   34    0    0    0   15  153  460 1817  4571
1988 1173 1783 1203  152    8   79    1    1    3  357  338 1145  6243
1989 2144 2847  724  157   26    4    0   10    1  217  548 1149  7827
1990 2596 1644  362  519   15    1    0    2    8   87  322 1373  6929
1991 1920 1269 1123  143    7    4    1    1    3  227  748 1434  6880
1992  757  379  978  114   21    8    1    1    0  157  657 1911  4984
1993 1511 1720  618  233    2    3   10    9   58   48 1227 1157  6596
1994 1572 1197  117   91   13    1    1    2   18  379  347  928  4666
1995 1084 1162  501  112   25    0    1   13    4  332  625 1413  5272
1996 2228 1910  580   25  187    2    6    1   11   30  997 1188  7165
1997 2951 1563 1232  496   16    8    3    1  127  200  821  845  8263
1998 2484  701  529   28    0    1    2    1    4  -10  -10  -10   -10